4290.12 -7.2858 20.8649
4305.01 -7.2275 20.7618
4320.01 -7.1699 20.6587
4335.12 -7.1131 20.5557
4350.33 -7.0572 20.4528
4365.65 -7.0020 20.3500
4381.07 -6.9475 20.2473
4396.61 -6.8936 20.1447
4412.25 -6.8407 20.0422
4428.01 -6.7885 19.9398
4443.88 -6.7278 19.8374
4459.87 -6.6772 19.7349
4475.97 -6.6273 19.6324
4492.19 -6.5780 19.5301
4508.52 -6.5295 19.4279
4524.98 -6.4817 19.3258
4541.55 -6.4346 19.2237
4558.25 -6.3881 19.1218
4575.07 -6.3424 19.0201
4592.01 -6.2973 18.9184
4609.08 -6.2529 18.8168
4626.28 -6.2091 18.7153
4643.61 -6.1660 18.6140
4661.07 -6.1235 18.5128
4678.65 -6.0817 18.4117
4696.38 -6.0405 18.3106
4714.23 -6.0000 18.2098
4732.23 -5.9601 18.1090
4750.36 -5.9208 18.0083
4768.63 -5.8821 17.9078
4787.04 -5.8270 17.8072
4805.59 -5.7898 17.7065
4824.29 -5.7498 17.6059
4843.14 -5.7138 17.5054
4862.13 -5.6784 17.4050
4881.27 -5.6436 17.3047
4900.57 -5.6094 17.2046
4920.01 -5.5757 17.1046
4939.62 -5.5427 17.0047
4959.37 -5.5102 16.9050
4979.29 -5.4617 16.8052
4999.37 -5.4306 16.7054
5019.61 -5.4000 16.6058
5040.01 -5.3701 16.5062
5060.59 -5.3407 16.4068
5081.33 -5.3119 16.3076
5102.24 -5.2837 16.2085
5123.32 -5.2560 16.1096
5144.58 -5.2289 16.0108
5166.01 -5.2023 15.9122
5187.63 -5.1763 15.8137
5209.43 -5.1508 15.7154
5231.41 -5.1259 15.6172
5253.57 -5.1015 15.5192
5275.93 -5.0776 15.4213
5298.48 -5.0543 15.3236
5321.22 -5.0315 15.2261
5344.15 -5.0093 15.1287
5367.29 -4.9876 15.0315
5390.62 -4.9664 14.9344
5414.16 -4.9458 14.8375
5437.91 -4.9256 14.7407
5461.87 -4.9060 14.6441
5486.03 -4.8869 14.5477
5510.42 -4.8684 14.4514
5535.02 -4.8503 14.3553
5559.84 -4.8328 14.2594
5584.88 -4.8158 14.1636
5610.15 -4.7993 14.0680
5635.65 -4.7833 13.9725
5661.39 -4.7678 13.8772
5687.36 -4.7529 13.7821
5713.56 -4.7384 13.6872
5740.02 -4.7245 13.5924
5766.71 -4.7110 13.4978
5793.66 -4.6981 13.4034
5820.86 -4.6857 13.3091
5848.32 -4.6737 13.2150
5876.04 -4.6623 13.1211
5904.02 -4.6514 13.0274
5932.27 -4.6319 12.9337
5960.79 -4.6201 12.8401
5989.58 -4.6108 12.7466
6018.66 -4.6021 12.6534
6048.02 -4.5939 12.5603
6077.66 -4.5862 12.4674
6107.6 -4.5790 12.3747
6137.84 -4.5723 12.2822
6168.38 -4.5661 12.1899
6199.22 -4.5605 12.0978
6230.37 -4.5553 12.0058
6261.84 -4.5506 11.9141
6293.62 -4.5465 11.8226
6325.73 -4.5428 11.7312
6358.17 -4.5397 11.6400
6390.95 -4.5371 11.5491
6424.06 -4.5349 11.4583
6457.52 -4.5334 11.3677
6491.33 -4.5323 11.2774
6525.49 -4.5317 11.1872
6560.02 -4.5317 11.0972
6594.91 -4.5321 11.0075
6630.18 -4.5331 10.9179
6665.82 -4.5346 10.8286
6701.86 -4.5367 10.7394
6738.28 -4.5393 10.6505
6775.1 -4.5424 10.5617
6812.33 -4.5460 10.4732
6849.96 -4.5447 10.3848
6888.02 -4.5496 10.2965
6926.5 -4.5550 10.2085
6965.41 -4.5599 10.1206
7004.77 -4.5664 10.0330
7044.57 -4.5736 9.9456
7084.82 -4.5812 9.8585
7125.54 -4.5895 9.7715
7166.73 -4.5983 9.6848
7208.39 -4.6077 9.5983
7250.55 -4.6178 9.5121
7293.2 -4.6261 9.4260
7336.35 -4.6373 9.3402
7380.02 -4.6492 9.2546
7424.21 -4.6602 9.1692
7468.94 -4.6733 9.0841
7514.2 -4.6871 8.9991
7560.02 -4.7016 8.9145
7606.4 -4.7167 8.8300
7653.35 -4.7306 8.7458
7700.89 -4.7471 8.6619
7749.02 -4.7643 8.5781
7797.76 -4.7822 8.4947
7847.11 -4.8008 8.4115
7897.09 -4.8201 8.3285
7947.71 -4.8401 8.2458
7998.99 -4.8609 8.1633
8050.93 -4.8825 8.0811
8103.55 -4.9048 7.9992
8156.86 -4.9279 7.9175
8210.88 -4.9518 7.8361
8265.62 -4.9766 7.7549
8321.1 -5.0023 7.6740
8377.32 -5.0288 7.5934
8434.31 -5.0562 7.5130
8492.08 -5.0846 7.4329
8550.64 -5.1139 7.3531
8610.02 -5.1443 7.2735
8670.23 -5.1757 7.1942
8731.29 -5.2081 7.1152
8793.22 -5.2417 7.0364
8856.02 -5.2764 6.9579
8919.74 -5.3121 6.8795
8984.37 -5.3489 6.8010
9049.95 -5.3870 6.7227
9116.5 -5.4266 6.6447
9184.03 -5.4677 6.5670
9252.56 -5.5103 6.4897
9322.13 -5.5546 6.4127
9392.75 -5.6005 6.3360
9464.45 -5.6482 6.2596
9537.26 -5.6977 6.1835
9611.19 -5.7493 6.1077
9686.28 -5.8029 6.0323
9762.55 -5.8587 5.9572
9840.03 -5.9169 5.8824
9918.75 -5.9776 5.8080
9998.74 -6.0409 5.7338
10080 -6.1072 5.6600
10162.7 -6.1765 5.5866
10246.6 -6.2492 5.5134
10332 -6.3256 5.4406
10418.9 -6.4020 5.3681
10507.1 -6.4868 5.2959
10597 -6.5763 5.2240
10688.3 -6.6711 5.1525
10781.2 -6.7669 5.0813
10875.8 -6.8743 5.0103
10972.1 -6.9891 4.9397
11070 -7.1123 4.8695
11169.8 -7.2451 4.7996
11271.3 -7.3892 4.7301
11374.7 -7.5463 4.6609
11480 -7.7173 4.5921
11587.3 -7.9089 4.5236
11696.6 -8.1238 4.4555
11808 -8.3681 4.3878
11921.6 -8.6509 4.3205
12037.3 -8.9862 4.2535
12155.3 -9.3974 4.1869
12275.7 -9.9284 4.1207
12398.4 -10.6770 4.0549
12487.1 -11.4841 4.0083
12488.4 -11.4984 4.0077
12489.6 -11.5128 4.0070
12490.9 -11.5273 4.0064
12492.1 -11.5419 4.0057
12493.4 -11.5566 4.0051
12494.6 -11.5714 4.0044
12495.9 -11.5864 4.0038
12497.2 -11.6014 4.0031
12498.4 -11.6166 4.0024
12499.7 -11.6320 4.0018
12500.9 -11.6474 4.0011
12502.2 -11.6630 4.0005
12503.5 -11.6787 3.9998
12504.7 -11.6945 3.9992
12506 -11.7105 3.9985
12507.2 -11.7266 3.9979
12508.5 -11.7429 3.9972
12509.8 -11.7592 3.9966
12511 -11.7758 3.9959
12512.3 -11.7925 3.9953
12513.6 -11.8093 3.9946
12514.8 -11.8263 3.9940
12516.1 -11.8434 3.9933
12517.3 -11.8607 3.9927
12518.6 -11.8782 3.9920
12519.9 -11.8958 3.9913
12521.1 -11.9136 3.9907
12522.4 -11.9315 3.9900
12523.7 -11.9496 3.9894
12524.9 -11.9679 3.9887
12526.2 -11.9864 3.9881
12527.5 -12.0051 3.9874
12528.7 -12.0239 3.9868
12530 -12.0430 3.9861
12531.3 -12.0622 3.9855
12532.5 -12.0817 3.9848
12533.8 -12.1013 3.9842
12535.1 -12.1211 3.9835
12536.3 -12.1412 3.9829
12537.6 -12.1615 3.9822
12538.9 -12.1819 3.9816
12540.1 -12.2027 3.9809
12541.4 -12.2236 3.9803
12542.7 -12.2448 3.9796
12543.9 -12.2662 3.9789
12545.2 -12.2879 3.9783
12546.5 -12.3098 3.9776
12547.8 -12.3319 3.9770
12549 -12.3544 3.9763
12550.3 -12.3771 3.9757
12551.6 -12.4001 3.9750
12552.8 -12.4233 3.9744
12554.1 -12.4469 3.9737
12555.4 -12.4707 3.9731
12556.6 -12.4949 3.9724
12557.9 -12.5193 3.9718
12559.2 -12.5441 3.9711
12560.5 -12.5692 3.9705
12561.7 -12.5946 3.9698
12563 -12.6204 3.9692
12564.3 -12.6466 3.9685
12565.6 -12.6731 3.9679
12566.8 -12.7000 3.9672
12568.1 -12.7272 3.9666
12569.4 -12.7549 3.9659
12570.7 -12.7830 3.9653
12571.9 -12.8115 3.9646
12573.2 -12.8404 3.9640
12574.5 -12.8698 3.9633
12575.8 -12.8996 3.9627
12577 -12.9299 3.9620
12578.3 -12.9607 3.9614
12579.6 -12.9920 3.9607
12580.9 -13.0239 3.9601
12582.1 -13.0562 3.9594
12583.4 -13.0892 3.9588
12584.7 -13.1227 3.9581
12586 -13.1568 3.9575
12587.2 -13.1915 3.9568
12588.5 -13.2269 3.9561
12589.8 -13.2629 3.9555
12591.1 -13.2996 3.9548
12592.4 -13.3371 3.9542
12593.6 -13.3753 3.9535
12594.9 -13.4142 3.9529
12596.2 -13.4540 3.9522
12597.5 -13.4946 3.9516
12598.8 -13.5361 3.9509
12600 -13.5785 3.9503
12601.3 -13.6219 3.9496
12602.6 -13.6663 3.9490
12603.9 -13.7117 3.9483
12605.2 -13.7582 3.9477
12606.4 -13.8059 3.9470
12607.7 -13.8548 3.9464
12609 -13.9050 3.9457
12610.3 -13.9565 3.9451
12611.6 -14.0094 3.9444
12612.9 -14.0638 3.9438
12614.1 -14.1199 3.9431
12615.4 -14.1775 3.9425
12616.7 -14.2370 3.9418
12618 -14.2983 3.9412
12619.3 -14.3617 3.9405
12620.6 -14.4272 3.9399
12621.8 -14.4950 3.9392
12623.1 -14.5653 3.9386
12624.4 -14.6382 3.9379
12625.7 -14.7139 3.9373
12627 -14.7928 3.9366
12628.3 -14.8750 3.9360
12629.6 -14.9608 3.9353
12630.8 -15.0506 3.9347
12632.1 -15.1448 3.9340
12633.4 -15.2437 3.9334
12634.7 -15.3480 3.9327
12636 -15.4581 3.9321
12637.3 -15.5749 3.9314
12638.6 -15.6991 3.9308
12639.9 -15.8317 3.9301
12641.1 -15.9740 3.9295
12642.4 -16.1276 3.9289
12643.7 -16.2942 3.9282
12645 -16.4763 3.9276
12646.3 -16.6772 3.9269
12647.6 -16.9010 3.9263
12648.9 -17.1537 3.9256
12650.2 -17.4438 3.9250
12651.5 -17.7843 3.9243
12652.8 -18.1965 3.9237
12654 -18.7184 3.9230
12655.3 -19.4306 3.9224
12656.6 -20.5564 3.9217
12657.9 -23.4460 3.9211
12659.2 -21.8115 10.1502
12660.5 -20.0467 10.1484
12661.8 -19.1265 10.1467
12663.1 -18.4995 10.1449
12664.4 -18.0232 10.1431
12665.7 -17.6389 10.1414
12667 -17.3168 10.1396
12668.3 -17.0393 10.1379
12669.6 -16.7957 10.1361
12670.9 -16.5785 10.1343
12672.2 -16.3826 10.1326
12673.4 -16.2040 10.1308
12674.7 -16.0401 10.1291
12676 -15.8885 10.1273
12677.3 -15.7476 10.1255
12678.6 -15.6158 10.1238
12679.9 -15.4922 10.1220
12681.2 -15.3757 10.1203
12682.5 -15.2656 10.1185
12683.8 -15.1612 10.1167
12685.1 -15.0619 10.1150
12686.4 -14.9672 10.1132
12687.7 -14.8768 10.1115
12689 -14.7903 10.1097
12690.3 -14.7073 10.1079
12691.6 -14.6276 10.1062
12692.9 -14.5509 10.1044
12694.2 -14.4770 10.1027
12695.5 -14.4057 10.1009
12696.8 -14.3368 10.0991
12698.1 -14.2702 10.0974
12699.4 -14.2057 10.0956
12700.7 -14.1432 10.0939
12702 -14.0825 10.0921
12703.3 -14.0237 10.0903
12704.6 -13.9664 10.0886
12705.9 -13.9108 10.0868
12707.2 -13.8566 10.0851
12708.5 -13.8038 10.0833
12709.8 -13.7524 10.0816
12711.1 -13.7023 10.0798
12712.4 -13.6533 10.0780
12713.7 -13.6055 10.0763
12715 -13.5588 10.0745
12716.3 -13.5131 10.0728
12717.6 -13.4685 10.0710
12719 -13.4248 10.0693
12720.3 -13.3820 10.0675
12721.6 -13.3401 10.0657
12722.9 -13.2990 10.0640
12724.2 -13.2588 10.0622
12725.5 -13.2193 10.0605
12726.8 -13.1806 10.0587
12728.1 -13.1426 10.0570
12729.4 -13.1053 10.0552
12730.7 -13.0687 10.0534
12732 -13.0327 10.0517
12733.3 -12.9973 10.0499
12734.6 -12.9626 10.0482
12735.9 -12.9284 10.0464
12737.2 -12.8948 10.0447
12738.6 -12.8617 10.0429
12739.9 -12.8292 10.0412
12741.2 -12.7971 10.0394
12742.5 -12.7656 10.0376
12743.8 -12.7346 10.0359
12745.1 -12.7040 10.0341
12746.4 -12.6738 10.0324
12747.7 -12.6441 10.0306
12749 -12.6149 10.0289
12750.3 -12.5860 10.0271
12751.7 -12.5576 10.0254
12753 -12.5295 10.0236
12754.3 -12.5018 10.0218
12755.6 -12.4745 10.0201
12756.9 -12.4476 10.0183
12758.2 -12.4210 10.0166
12759.5 -12.3947 10.0148
12760.8 -12.3688 10.0131
12762.2 -12.3432 10.0113
12763.5 -12.3179 10.0096
12764.8 -12.2930 10.0078
12766.1 -12.2683 10.0061
12767.4 -12.2439 10.0043
12768.7 -12.2198 10.0026
12770 -12.1960 10.0008
12771.4 -12.1725 9.9990
12772.7 -12.1493 9.9973
12774 -12.1263 9.9955
12775.3 -12.1035 9.9938
12776.6 -12.0811 9.9920
12777.9 -12.0588 9.9903
12779.3 -12.0368 9.9885
12780.6 -12.0150 9.9868
12781.9 -11.9935 9.9850
12783.2 -11.9722 9.9833
12784.5 -11.9511 9.9815
12785.8 -11.9303 9.9798
12787.2 -11.9096 9.9780
12788.5 -11.8891 9.9763
12789.8 -11.8689 9.9745
12791.1 -11.8489 9.9728
12792.4 -11.8290 9.9710
12793.8 -11.8094 9.9693
12795.1 -11.7899 9.9675
12796.4 -11.7706 9.9658
12797.7 -11.7515 9.9640
12799 -11.7326 9.9623
12800.4 -11.7138 9.9605
12801.7 -11.6953 9.9587
12803 -11.6768 9.9570
12804.3 -11.6586 9.9552
12805.7 -11.6405 9.9535
12807 -11.6226 9.9517
12808.3 -11.6049 9.9500
12809.6 -11.5873 9.9482
12810.9 -11.5698 9.9465
12812.3 -11.5526 9.9447
12813.6 -11.5274 9.9430
12814.9 -11.5105 9.9412
12816.2 -11.4936 9.9395
12817.6 -11.4769 9.9377
12818.9 -11.4603 9.9360
12820.2 -11.4439 9.9342
12821.5 -11.4275 9.9325
12822.9 -11.4114 9.9307
12824.2 -11.3953 9.9290
12825.5 -11.3794 9.9272
12826.9 -11.3636 9.9255
12828.2 -11.3479 9.9237
12829.5 -11.3323 9.9220
12830.8 -11.3169 9.9202
12832.2 -11.3015 9.9185
12833.5 -11.2863 9.9167
12834.8 -11.2712 9.9150
12836.1 -11.2562 9.9132
12837.5 -11.2414 9.9115
12838.8 -11.2266 9.9097
12840.1 -11.2119 9.9080
12841.5 -11.1974 9.9062
12842.8 -11.1830 9.9045
12844.1 -11.1686 9.9027
12845.5 -11.1544 9.9010
12846.8 -11.1402 9.8992
12848.1 -11.1262 9.8975
12915 -10.5274 9.8101
13051 -9.7048 9.6362
13189.8 -9.1480 9.4633
13331.6 -8.7440 9.2914
13476.6 -8.4466 9.1204
13624.7 -8.2300 8.9505
13776 -8.0882 8.7817
13930.8 -8.0180 8.6140
14089.1 -8.0285 8.4474
14251.1 -8.1463 8.2820
14416.8 -8.4445 8.1178
14468.9 -8.6033 8.0671
14470.6 -8.6092 8.0655
14472.3 -8.6152 8.0639
14474 -8.6213 8.0622
14475.7 -8.6274 8.0606
14477.4 -8.6336 8.0590
14479.1 -8.6398 8.0573
14480.8 -8.6461 8.0557
14482.5 -8.6525 8.0541
14484.2 -8.6590 8.0524
14485.8 -8.6655 8.0508
14487.5 -8.6720 8.0492
14489.2 -8.6787 8.0475
14490.9 -8.6854 8.0459
14492.6 -8.6922 8.0443
14494.3 -8.6990 8.0426
14496 -8.7059 8.0410
14497.7 -8.7129 8.0394
14499.4 -8.7200 8.0377
14501.1 -8.7272 8.0361
14502.8 -8.7344 8.0345
14504.5 -8.7417 8.0329
14506.2 -8.7491 8.0312
14507.9 -8.7566 8.0296
14509.6 -8.7641 8.0280
14511.3 -8.7718 8.0263
14513 -8.7795 8.0247
14514.7 -8.7873 8.0231
14516.4 -8.7952 8.0214
14518.1 -8.8032 8.0198
14519.8 -8.8113 8.0182
14521.5 -8.8195 8.0166
14523.2 -8.8277 8.0149
14524.9 -8.8361 8.0133
14526.6 -8.8446 8.0117
14528.3 -8.8532 8.0100
14530 -8.8619 8.0084
14531.7 -8.8707 8.0068
14533.4 -8.8796 8.0051
14535.1 -8.8886 8.0035
14536.8 -8.8977 8.0019
14538.5 -8.9069 8.0003
14540.2 -8.9163 7.9986
14541.9 -8.9258 7.9970
14543.6 -8.9354 7.9954
14545.3 -8.9451 7.9938
14547 -8.9549 7.9921
14548.7 -8.9649 7.9905
14550.4 -8.9750 7.9889
14552.2 -8.9853 7.9872
14553.9 -8.9957 7.9856
14555.6 -9.0062 7.9840
14557.3 -9.0169 7.9824
14559 -9.0278 7.9807
14560.7 -9.0387 7.9791
14562.4 -9.0499 7.9775
14564.1 -9.0612 7.9759
14565.8 -9.0727 7.9742
14567.5 -9.0843 7.9726
14569.3 -9.0962 7.9710
14571 -9.1082 7.9693
14572.7 -9.1204 7.9677
14574.4 -9.1327 7.9661
14576.1 -9.1453 7.9645
14577.8 -9.1581 7.9628
14579.5 -9.1711 7.9612
14581.2 -9.1843 7.9596
14583 -9.1977 7.9580
14584.7 -9.2113 7.9563
14586.4 -9.2251 7.9547
14588.1 -9.2393 7.9531
14589.8 -9.2536 7.9515
14591.5 -9.2682 7.9498
14593.3 -9.2831 7.9482
14595 -9.2982 7.9466
14596.7 -9.3136 7.9450
14598.4 -9.3293 7.9433
14600.1 -9.3453 7.9417
14601.9 -9.3616 7.9401
14603.6 -9.3783 7.9385
14605.3 -9.3952 7.9369
14607 -9.4125 7.9352
14608.7 -9.4302 7.9336
14610.5 -9.4482 7.9320
14612.2 -9.4666 7.9304
14613.9 -9.4855 7.9287
14615.6 -9.5047 7.9271
14617.3 -9.5244 7.9255
14619.1 -9.5445 7.9239
14620.8 -9.5651 7.9222
14622.5 -9.5862 7.9206
14624.2 -9.6078 7.9190
14626 -9.6299 7.9174
14627.7 -9.6527 7.9158
14629.4 -9.6760 7.9141
14631.1 -9.6999 7.9125
14632.9 -9.7245 7.9109
14634.6 -9.7498 7.9093
14636.3 -9.7758 7.9076
14638.1 -9.8026 7.9060
14639.8 -9.8302 7.9044
14641.5 -9.8587 7.9028
14643.2 -9.8881 7.9012
14645 -9.9184 7.8995
14646.7 -9.9498 7.8979
14648.4 -9.9823 7.8963
14650.2 -10.0160 7.8947
14651.9 -10.0510 7.8931
14653.6 -10.0873 7.8914
14655.4 -10.1251 7.8898
14657.1 -10.1645 7.8882
14658.8 -10.2057 7.8866
14660.6 -10.2487 7.8850
14662.3 -10.2938 7.8833
14664 -10.3411 7.8817
14665.8 -10.3909 7.8801
14667.5 -10.4435 7.8785
14669.2 -10.4992 7.8769
14671 -10.5583 7.8752
14672.7 -10.6214 7.8736
14674.4 -10.6888 7.8720
14676.2 -10.7613 7.8704
14677.9 -10.8398 7.8688
14679.7 -10.9251 7.8671
14681.4 -11.0188 7.8655
14683.1 -11.1223 7.8639
14684.9 -11.2383 7.8623
14686.6 -11.3698 7.8607
14688.3 -11.5218 7.8591
14690.1 -11.7016 7.8574
14691.8 -11.9218 7.8558
14693.6 -12.2056 7.8542
14695.3 -12.6048 7.8526
14697.1 -13.2828 7.8510
14698.8 -16.9371 7.8493
14700.5 -13.3433 10.9939
14702.3 -12.6337 10.9917
14704 -12.2215 10.9895
14705.8 -11.9295 10.9873
14707.5 -11.7031 10.9851
14709.3 -11.5181 10.9829
14711 -11.3616 10.9807
14712.7 -11.2259 10.9785
14714.5 -11.1062 10.9763
14716.2 -10.9990 10.9741
14718 -10.9019 10.9720
14719.7 -10.8132 10.9698
14721.5 -10.7315 10.9676
14723.2 -10.6559 10.9654
14725 -10.5854 10.9632
14726.7 -10.5193 10.9610
14728.5 -10.4573 10.9588
14730.2 -10.3987 10.9566
14732 -10.3433 10.9544
14733.7 -10.2906 10.9523
14735.5 -10.2405 10.9501
14737.2 -10.1927 10.9479
14739 -10.1470 10.9457
14740.7 -10.1032 10.9435
14742.5 -10.0611 10.9413
14744.2 -10.0207 10.9391
14746 -9.9817 10.9369
14747.8 -9.9442 10.9348
14749.5 -9.9079 10.9326
14751.3 -9.8729 10.9304
14753 -9.8389 10.9282
14754.8 -9.8061 10.9260
14756.5 -9.7742 10.9238
14758.3 -9.7433 10.9216
14760 -9.7132 10.9195
14761.8 -9.6840 10.9173
14763.6 -9.6555 10.9151
14765.3 -9.6278 10.9129
14767.1 -9.6008 10.9107
14768.8 -9.5745 10.9085
14770.6 -9.5488 10.9063
14772.4 -9.5238 10.9042
14774.1 -9.4993 10.9020
14775.9 -9.4753 10.8998
14777.6 -9.4519 10.8976
14779.4 -9.4290 10.8954
14781.2 -9.4066 10.8932
14782.9 -9.3846 10.8911
14784.7 -9.3631 10.8889
14786.4 -9.3420 10.8867
14788.2 -9.3213 10.8845
14790 -9.3011 10.8823
14791.7 -9.2812 10.8801
14793.5 -9.2616 10.8780
14795.3 -9.2425 10.8758
14797 -9.2236 10.8736
14798.8 -9.2051 10.8714
14800.6 -9.1870 10.8692
14802.3 -9.1692 10.8670
14804.1 -9.1447 10.8649
14805.9 -9.1274 10.8627
14807.6 -9.1104 10.8605
14809.4 -9.0936 10.8583
14811.2 -9.0772 10.8561
14812.9 -9.0610 10.8539
14814.7 -9.0450 10.8517
14816.5 -9.0292 10.8496
14818.3 -9.0137 10.8474
14820 -8.9985 10.8452
14821.8 -8.9834 10.8430
14823.6 -8.9686 10.8408
14825.3 -8.9540 10.8386
14827.1 -8.9395 10.8365
14828.9 -8.9253 10.8343
14830.7 -8.9113 10.8321
14832.4 -8.8974 10.8299
14834.2 -8.8838 10.8277
14836 -8.8703 10.8256
14837.8 -8.8570 10.8234
14839.5 -8.8438 10.8212
14841.3 -8.8309 10.8190
14843.1 -8.8181 10.8168
14844.9 -8.8054 10.8146
14846.6 -8.7929 10.8125
14848.4 -8.7806 10.8103
14850.2 -8.7684 10.8081
14852 -8.7563 10.8059
14853.8 -8.7444 10.8037
14855.5 -8.7327 10.8016
14857.3 -8.7210 10.7994
14859.1 -8.7095 10.7972
14860.9 -8.6982 10.7950
14862.7 -8.6870 10.7928
14864.4 -8.6759 10.7907
14866.2 -8.6649 10.7885
14868 -8.6540 10.7863
14869.8 -8.6433 10.7841
14871.6 -8.6326 10.7819
14873.4 -8.6221 10.7798
14875.1 -8.6117 10.7776
14876.9 -8.6015 10.7754
14878.7 -8.5913 10.7732
14880.5 -8.5812 10.7710
14882.3 -8.5712 10.7689
14884.1 -8.5614 10.7667
14885.9 -8.5516 10.7645
14887.6 -8.5420 10.7623
14889.4 -8.5324 10.7602
14891.2 -8.5230 10.7580
14893 -8.5136 10.7558
14894.8 -8.5043 10.7536
14896.6 -8.4951 10.7514
14898.4 -8.4860 10.7493
14900.2 -8.4770 10.7471
14902 -8.4681 10.7449
14903.8 -8.4593 10.7427
14905.5 -8.4506 10.7406
14907.3 -8.4419 10.7384
14909.1 -8.4334 10.7362
14910.9 -8.4249 10.7340
14912.7 -8.4165 10.7319
14914.5 -8.4081 10.7297
14916.3 -8.3999 10.7275
14918.1 -8.3917 10.7253
14919.9 -8.3836 10.7231
14921.7 -8.3756 10.7210
14923.5 -8.3677 10.7188
14925.3 -8.3598 10.7166
14927.1 -8.3520 10.7144
14928.9 -8.3443 10.7123
14930.7 -8.3367 10.7101
14932.5 -8.3291 10.7079
14934.3 -8.3216 10.7057
14936.1 -8.3141 10.7036
14937.9 -8.3068 10.7014
14939.7 -8.2995 10.6992
14941.5 -8.2922 10.6971
14943.3 -8.2851 10.6949
14945.1 -8.2780 10.6927
14946.9 -8.2709 10.6905
14948.7 -8.2640 10.6884
14950.5 -8.2571 10.6862
14952.3 -8.2502 10.6840
14954.1 -8.2434 10.6818
14955.9 -8.2367 10.6797
15085.1 -7.8956 10.5258
15086.9 -7.8926 10.5236
15088.8 -7.8896 10.5215
15090.6 -7.8867 10.5193
15092.4 -7.8838 10.5171
15094.3 -7.8809 10.5150
15096.1 -7.8782 10.5128
15097.9 -7.8754 10.5107
15099.8 -7.8727 10.5085
15101.6 -7.8701 10.5063
15103.5 -7.8675 10.5042
15105.3 -7.8650 10.5020
15107.1 -7.8625 10.4999
15109 -7.8600 10.4977
15110.8 -7.8577 10.4955
15112.7 -7.8553 10.4934
15114.5 -7.8531 10.4912
15116.4 -7.8508 10.4891
15118.2 -7.8487 10.4869
15120 -7.8466 10.4847
15121.9 -7.8445 10.4826
15123.7 -7.8425 10.4804
15125.6 -7.8405 10.4783
15127.4 -7.8386 10.4761
15129.3 -7.8368 10.4739
15131.1 -7.8350 10.4718
15133 -7.8333 10.4696
15134.8 -7.8316 10.4675
15136.7 -7.8300 10.4653
15138.5 -7.8284 10.4631
15140.4 -7.8270 10.4610
15142.2 -7.8255 10.4588
15144.1 -7.8241 10.4567
15145.9 -7.8228 10.4545
15147.8 -7.8216 10.4524
15149.6 -7.8204 10.4502
15151.5 -7.8193 10.4480
15153.3 -7.8182 10.4459
15155.2 -7.8172 10.4437
15157 -7.8163 10.4416
15158.9 -7.8154 10.4394
15160.7 -7.8146 10.4373
15162.6 -7.8139 10.4351
15164.4 -7.8132 10.4329
15166.3 -7.8126 10.4308
15168.1 -7.8121 10.4286
15170 -7.8116 10.4265
15171.8 -7.8113 10.4243
15173.7 -7.8109 10.4222
15175.6 -7.8107 10.4200
15177.4 -7.8106 10.4179
15179.3 -7.8105 10.4157
15181.1 -7.8105 10.4136
15183 -7.8106 10.4114
15184.9 -7.8107 10.4092
15186.7 -7.8110 10.4071
15188.6 -7.8113 10.4049
15190.4 -7.8117 10.4028
15192.3 -7.8122 10.4006
15194.2 -7.8128 10.3985
15196 -7.8135 10.3963
15197.9 -7.8143 10.3942
15199.7 -7.8152 10.3920
15201.6 -7.8161 10.3899
15203.5 -7.8172 10.3877
15205.3 -7.8184 10.3856
15207.2 -7.8196 10.3834
15209.1 -7.8210 10.3812
15210.9 -7.8225 10.3791
15212.8 -7.8241 10.3769
15214.7 -7.8258 10.3748
15216.5 -7.8276 10.3726
15218.4 -7.8296 10.3705
15220.3 -7.8316 10.3683
15222.1 -7.8338 10.3662
15224 -7.8361 10.3640
15225.9 -7.8386 10.3619
15227.8 -7.8411 10.3597
15229.6 -7.8438 10.3576
15231.5 -7.8467 10.3554
15233.4 -7.8497 10.3533
15235.2 -7.8529 10.3511
15237.1 -7.8562 10.3490
15239 -7.8597 10.3468
15240.9 -7.8633 10.3447
15242.7 -7.8671 10.3425
15244.6 -7.8711 10.3404
15246.5 -7.8752 10.3382
15248.4 -7.8796 10.3361
15250.2 -7.8842 10.3339
15252.1 -7.8889 10.3318
15254 -7.8939 10.3296
15255.9 -7.8991 10.3275
15257.7 -7.9045 10.3253
15259.6 -7.9101 10.3232
15261.5 -7.9160 10.3210
15263.4 -7.9221 10.3189
15265.2 -7.9285 10.3167
15267.1 -7.9352 10.3146
15269 -7.9422 10.3124
15270.9 -7.9495 10.3103
15272.8 -7.9571 10.3082
15274.7 -7.9650 10.3060
15276.5 -7.9733 10.3039
15278.4 -7.9820 10.3017
15280.3 -7.9910 10.2996
15282.2 -8.0005 10.2974
15284.1 -8.0104 10.2953
15286 -8.0207 10.2931
15287.8 -8.0316 10.2910
15289.7 -8.0429 10.2888
15291.6 -8.0548 10.2867
15293.5 -8.0674 10.2845
15295.4 -8.0805 10.2824
15297.3 -8.0943 10.2803
15299.2 -8.1088 10.2781
15301 -8.1241 10.2760
15302.9 -8.1403 10.2738
15304.8 -8.1574 10.2717
15306.7 -8.1755 10.2695
15308.6 -8.1947 10.2674
15310.5 -8.2151 10.2652
15312.4 -8.2368 10.2631
15314.3 -8.2600 10.2609
15316.2 -8.2849 10.2588
15318.1 -8.3116 10.2567
15319.9 -8.3403 10.2545
15321.8 -8.3715 10.2524
15323.7 -8.4055 10.2502
15325.6 -8.4426 10.2481
15327.5 -8.4836 10.2459
15329.4 -8.5290 10.2438
15331.3 -8.5800 10.2417
15333.2 -8.6379 10.2395
15335.1 -8.7046 10.2374
15337 -8.7830 10.2352
15338.9 -8.8778 10.2331
15340.8 -8.9970 10.2309
15342.7 -9.1564 10.2288
15344.6 -9.3955 10.2267
15346.5 -9.8766 10.2245
15348.4 -10.1368 11.8235
15350.3 -9.4694 11.8212
15352.2 -9.1860 11.8190
15354.1 -9.0022 11.8168
15356 -8.8652 11.8145
15357.9 -8.7556 11.8123
15359.8 -8.6640 11.8100
15361.7 -8.5850 11.8078
15363.6 -8.5156 11.8056
15365.5 -8.4535 11.8033
15367.4 -8.3972 11.8011
15369.3 -8.3457 11.7989
15371.2 -8.2982 11.7966
15373.1 -8.2540 11.7944
15375 -8.2127 11.7922
15376.9 -8.1738 11.7899
15378.9 -8.1372 11.7877
15380.8 -8.1024 11.7854
15382.7 -8.0694 11.7832
15384.6 -8.0379 11.7810
15386.5 -8.0077 11.7787
15388.4 -7.9788 11.7765
15390.3 -7.9510 11.7743
15392.2 -7.9242 11.7720
15394.1 -7.8984 11.7698
15396 -7.8735 11.7676
15398 -7.8493 11.7653
15399.9 -7.8259 11.7631
15401.8 -7.8032 11.7609
15403.7 -7.7811 11.7586
15405.6 -7.7597 11.7564
15407.5 -7.7388 11.7542
15409.4 -7.7184 11.7519
15411.4 -7.6985 11.7497
15413.3 -7.6791 11.7475
15415.2 -7.6601 11.7452
15417.1 -7.6415 11.7430
15419 -7.6233 11.7408
15420.9 -7.6056 11.7385
15422.9 -7.5890 11.7363
15424.8 -7.5719 11.7341
15426.7 -7.5551 11.7318
15428.6 -7.5387 11.7296
15430.5 -7.5225 11.7274
15432.5 -7.5066 11.7251
15434.4 -7.4909 11.7229
15436.3 -7.4756 11.7207
15438.2 -7.4604 11.7185
15440.1 -7.4455 11.7162
15442.1 -7.4308 11.7140
15444 -7.4164 11.7118
15445.9 -7.4021 11.7095
15447.8 -7.3881 11.7073
15449.8 -7.3742 11.7051
15451.7 -7.3606 11.7028
15453.6 -7.3471 11.7006
15455.5 -7.3338 11.6984
15457.5 -7.3206 11.6962
15459.4 -7.3076 11.6939
15461.3 -7.2948 11.6917
15463.3 -7.2821 11.6895
15465.2 -7.2696 11.6872
15467.1 -7.2572 11.6850
15469 -7.2450 11.6828
15471 -7.2329 11.6806
15472.9 -7.2209 11.6783
15474.8 -7.2090 11.6761
15476.8 -7.1973 11.6739
15478.7 -7.1857 11.6716
15480.6 -7.1742 11.6694
15482.6 -7.1628 11.6672
15484.5 -7.1515 11.6650
15486.4 -7.1404 11.6627
15488.4 -7.1293 11.6605
15490.3 -7.1184 11.6583
15492.2 -7.1075 11.6561
15494.2 -7.0967 11.6538
15496.1 -7.0861 11.6516
15498 -7.0755 11.6494
15500 -7.0650 11.6471
15501.9 -7.0546 11.6449
15503.9 -7.0443 11.6427
15505.8 -7.0341 11.6405
15507.7 -7.0239 11.6382
15509.7 -7.0139 11.6360
15511.6 -7.0039 11.6338
15513.6 -6.9940 11.6316
15515.5 -6.9841 11.6293
15517.4 -6.9744 11.6271
15519.4 -6.9647 11.6249
15521.3 -6.9550 11.6227
15523.3 -6.9455 11.6204
15525.2 -6.9360 11.6182
15527.2 -6.9266 11.6160
15529.1 -6.9172 11.6138
15531 -6.9080 11.6115
15533 -6.8987 11.6093
15534.9 -6.8896 11.6071
15536.9 -6.8805 11.6049
15538.8 -6.8714 11.6026
15540.8 -6.8624 11.6004
15542.7 -6.8535 11.5982
15544.7 -6.8446 11.5960
15546.6 -6.8358 11.5937
15548.6 -6.8270 11.5915
15550.5 -6.8183 11.5893
15552.5 -6.8097 11.5871
15554.4 -6.8011 11.5848
15556.4 -6.7925 11.5826
15558.3 -6.7840 11.5804
15560.3 -6.7755 11.5782
15562.2 -6.7671 11.5759
15564.2 -6.7588 11.5737
15566.1 -6.7504 11.5715
15568.1 -6.7422 11.5693
15570.1 -6.7339 11.5670
15572 -6.7258 11.5648
15574 -6.7176 11.5626
15575.9 -6.7095 11.5604
15577.9 -6.7015 11.5581
15579.8 -6.6935 11.5559
15581.8 -6.6855 11.5537
15583.8 -6.6776 11.5515
15585.7 -6.6697 11.5492
15587.7 -6.6618 11.5470
15589.6 -6.6540 11.5448
15591.6 -6.6462 11.5426
15593.6 -6.6385 11.5404
15595.5 -6.6308 11.5381
15597.5 -6.6231 11.5359
15599.4 -6.6155 11.5337
15601.4 -6.6079 11.5315
15603.4 -6.6003 11.5292
15605.3 -6.5928 11.5270
15607.3 -6.5853 11.5248
15609.3 -6.5779 11.5226
15611.2 -6.5705 11.5204
15613.2 -6.5631 11.5181
15615.2 -6.5557 11.5159
15694.2 -6.2843 11.4271
15895.4 -5.7349 11.2058
16101.9 -5.2912 10.9854
16313.7 -4.9050 10.7627
16531.2 -4.5785 10.5416
16754.6 -4.2860 10.3219
16984.2 -4.0227 10.1036
17220 -3.7836 9.8867
17462.6 -3.5652 9.6712
17712 -3.3648 9.4571
17968.7 -3.1803 9.2444
18233 -3.0100 9.0332
18505.1 -2.8525 8.8234
18785.5 -2.7068 8.6152
19074.5 -2.5717 8.4084
19372.6 -2.4460 8.2031
19680.1 -2.3301 7.9993
19997.5 -2.2233 7.7972
20325.3 -2.1241 7.5967
20664.1 -2.0325 7.3978
21014.3 -1.9481 7.2006
21376.6 -1.8704 7.0050
21751.6 -1.7993 6.8111
22140.1 -1.7342 6.6190
22542.6 -1.6751 6.4286
22960.1 -1.6216 6.2400
23393.3 -1.5734 6.0531
23843.1 -1.5304 5.8681
24310.7 -1.4924 5.6850
24796.9 -1.4592 5.5037
25302.9 -1.4306 5.3244
25830.1 -1.4064 5.1470
26379.6 -1.3867 4.9715
26953.1 -1.3709 4.7976
27552.1 -1.3593 4.6251
28178.3 -1.3519 4.4550
28833.6 -1.3486 4.2872
29520.1 -1.3446 4.1216
30240.1 -1.3492 3.9580
30996.1 -1.3533 3.7966
31790.9 -1.3653 3.6375
32627.5 -1.3808 3.4809
33509.3 -1.3997 3.3270
34440.1 -1.4220 3.1758
35424.1 -1.4475 3.0273
36466 -1.4762 2.8815
37571 -1.5081 2.7385
38745.1 -1.5431 2.5983
39994.9 -1.5814 2.4610
41328.1 -1.6229 2.3265
42753.2 -1.6677 2.1951
44280.1 -1.7160 2.0666
45920.1 -1.7679 1.9411
47686.3 -1.8238 1.8187
49593.7 -1.8841 1.6995
51660.1 -1.9494 1.5835
53906.2 -2.0206 1.4707
56356.5 -2.0975 1.3610
59040.2 -2.1855 1.2548
61992.2 -2.2861 1.1520
65254.9 -2.4043 1.0528
68880.2 -2.5508 0.9571
72932 -2.7498 0.8652
77490.2 -3.0607 0.7773
82656.2 -3.7695 0.6934
88560.2 -2.1463 2.9796
95372.6 -8.6119 2.6537
103320 -2.3945 2.3358
112713 -4.2913 2.0300
123984 2.7605 1.7373
