4290.12 0.0124 0.0056
4305.01 0.0123 0.0056
4320.01 0.0122 0.0055
4335.12 0.0121 0.0055
4350.33 0.0121 0.0054
4365.65 0.0120 0.0054
4381.07 0.0119 0.0053
4396.61 0.0118 0.0053
4412.25 0.0117 0.0053
4428.01 0.0117 0.0052
4443.88 0.0116 0.0052
4459.87 0.0115 0.0051
4475.97 0.0114 0.0051
4492.19 0.0114 0.0051
4508.52 0.0113 0.0050
4524.98 0.0112 0.0050
4541.55 0.0111 0.0049
4558.25 0.0110 0.0049
4575.07 0.0110 0.0049
4592.01 0.0109 0.0048
4609.08 0.0108 0.0048
4626.28 0.0107 0.0047
4643.61 0.0107 0.0047
4661.07 0.0106 0.0047
4678.65 0.0105 0.0046
4696.38 0.0104 0.0046
4714.23 0.0104 0.0045
4732.23 0.0103 0.0045
4750.36 0.0102 0.0045
4768.63 0.0101 0.0044
4787.04 0.0101 0.0044
4805.59 0.0100 0.0044
4824.29 0.0099 0.0043
4843.14 0.0098 0.0043
4862.13 0.0098 0.0042
4881.27 0.0097 0.0042
4900.57 0.0096 0.0042
4920.01 0.0096 0.0041
4939.62 0.0095 0.0041
4959.37 0.0094 0.0041
4979.29 0.0093 0.0040
4999.37 0.0093 0.0040
5019.61 0.0092 0.0040
5040.01 0.0091 0.0039
5060.59 0.0090 0.0039
5081.33 0.0090 0.0038
5102.24 0.0089 0.0038
5123.32 0.0088 0.0038
5144.58 0.0088 0.0037
5166.01 0.0087 0.0037
5187.63 0.0086 0.0037
5209.43 0.0085 0.0036
5231.41 0.0085 0.0036
5253.57 0.0084 0.0036
5275.93 0.0083 0.0035
5298.48 0.0083 0.0035
5321.22 0.0082 0.0035
5344.15 0.0081 0.0034
5367.29 0.0081 0.0034
5390.62 0.0080 0.0034
5414.16 0.0079 0.0033
5437.91 0.0079 0.0033
5461.87 0.0078 0.0033
5486.03 0.0077 0.0032
5510.42 0.0077 0.0032
5535.02 0.0076 0.0032
5559.84 0.0075 0.0031
5584.88 0.0074 0.0031
5610.15 0.0074 0.0031
5635.65 0.0073 0.0031
5661.39 0.0072 0.0030
5687.36 0.0072 0.0030
5713.56 0.0071 0.0030
5740.02 0.0071 0.0029
5766.71 0.0070 0.0029
5793.66 0.0069 0.0029
5820.86 0.0069 0.0028
5848.32 0.0068 0.0028
5876.04 0.0067 0.0028
5904.02 0.0067 0.0027
5932.27 0.0066 0.0027
5960.79 0.0065 0.0027
5989.58 0.0065 0.0027
6018.66 0.0064 0.0026
6048.02 0.0063 0.0026
6077.66 0.0063 0.0026
6107.6 0.0062 0.0025
6137.84 0.0062 0.0025
6168.38 0.0061 0.0025
6199.22 0.0060 0.0025
6230.37 0.0060 0.0024
6261.84 0.0059 0.0024
6293.62 0.0058 0.0024
6325.73 0.0058 0.0024
6358.17 0.0057 0.0023
6390.95 0.0057 0.0023
6424.06 0.0056 0.0023
6457.52 0.0055 0.0022
6491.33 0.0055 0.0022
6525.49 0.0054 0.0022
6560.02 0.0054 0.0022
6594.91 0.0053 0.0021
6630.18 0.0052 0.0021
6665.82 0.0052 0.0021
6701.86 0.0051 0.0021
6738.28 0.0051 0.0020
6775.1 0.0050 0.0020
6812.33 0.0049 0.0020
6849.96 0.0049 0.0020
6888.02 0.0048 0.0019
6926.5 0.0048 0.0019
6965.41 0.0047 0.0019
7004.77 0.0047 0.0019
7044.57 0.0046 0.0018
7084.82 0.0045 0.0018
7125.54 0.0045 0.0018
7166.73 0.0044 0.0018
7208.39 0.0044 0.0018
7250.55 0.0043 0.0017
7293.2 0.0043 0.0017
7336.35 0.0042 0.0017
7380.02 0.0041 0.0017
7424.21 0.0041 0.0016
7468.94 0.0040 0.0016
7514.2 0.0040 0.0016
7560.02 0.0039 0.0016
7606.4 0.0039 0.0016
7653.35 0.0038 0.0015
7700.89 0.0038 0.0015
7749.02 0.0037 0.0015
7797.76 0.0037 0.0015
7847.11 0.0036 0.0014
7897.09 0.0036 0.0014
7947.71 0.0035 0.0014
7998.99 0.0035 0.0014
8050.93 0.0034 0.0014
8103.55 0.0034 0.0013
8156.86 0.0033 0.0013
8210.88 0.0033 0.0013
8265.62 0.0032 0.0013
8321.1 0.0031 0.0013
8377.32 0.0031 0.0012
8434.31 0.0030 0.0012
8492.08 0.0030 0.0012
8550.64 0.0030 0.0012
8610.02 0.0029 0.0012
8670.23 0.0029 0.0012
8731.29 0.0028 0.0011
8793.22 0.0028 0.0011
8856.02 0.0027 0.0011
8919.74 0.0027 0.0011
8984.37 0.0026 0.0011
9049.95 0.0026 0.0010
9116.5 0.0025 0.0010
9184.03 0.0025 0.0010
9252.56 0.0024 0.0010
9322.13 0.0024 0.0010
9392.75 0.0023 0.0010
9464.45 0.0023 0.0009
9537.26 0.0022 0.0009
9611.19 0.0022 0.0009
9686.28 0.0022 0.0009
9762.55 0.0021 0.0009
9840.03 0.0021 0.0009
9918.75 0.0020 0.0008
9998.74 0.0020 0.0008
10080 0.0019 0.0008
10162.7 0.0019 0.0008
10246.6 0.0018 0.0008
10332 0.0018 0.0008
10418.9 0.0018 0.0008
10507.1 0.0017 0.0007
10597 0.0017 0.0007
10688.3 0.0016 0.0007
10781.2 0.0016 0.0007
10875.8 0.0016 0.0007
10972.1 0.0015 0.0007
11070 0.0015 0.0007
11169.8 0.0014 0.0006
11271.3 0.0014 0.0006
11374.7 0.0014 0.0006
11480 0.0013 0.0006
11587.3 0.0013 0.0006
11696.6 0.0012 0.0006
11808 0.0012 0.0006
11921.6 0.0012 0.0006
12037.3 0.0011 0.0005
12155.3 0.0011 0.0005
12275.7 0.0010 0.0005
12398.4 0.0010 0.0005
12523.7 0.0010 0.0005
12651.5 0.0009 0.0005
12781.9 0.0009 0.0005
12915 0.0009 0.0005
13051 0.0008 0.0005
13189.8 0.0008 0.0004
13331.6 0.0008 0.0004
13476.6 0.0007 0.0004
13624.7 0.0007 0.0004
13776 0.0007 0.0004
13930.8 0.0006 0.0004
14089.1 0.0006 0.0004
14251.1 0.0006 0.0004
14416.8 0.0005 0.0004
14586.4 0.0005 0.0003
14760 0.0005 0.0003
14937.9 0.0004 0.0003
15120 0.0004 0.0003
15306.7 0.0004 0.0003
15498 0.0003 0.0003
15694.2 0.0003 0.0003
15895.4 0.0003 0.0003
16101.9 0.0002 0.0003
16313.7 0.0002 0.0003
16531.2 0.0002 0.0003
16754.6 0.0002 0.0003
16984.2 0.0001 0.0002
17220 0.0001 0.0002
17462.6 0.0001 0.0002
17712 0.0000 0.0002
17968.7 0.0000 0.0002
18233 0.0000 0.0002
18505.1 0.0000 0.0002
18785.5 -0.0001 0.0002
19074.5 -0.0001 0.0002
19372.6 -0.0001 0.0002
19680.1 -0.0001 0.0002
19997.5 -0.0002 0.0002
20325.3 -0.0002 0.0002
20664.1 -0.0002 0.0002
21014.3 -0.0002 0.0001
21376.6 -0.0003 0.0001
21751.6 -0.0003 0.0001
22140.1 -0.0003 0.0001
22542.6 -0.0003 0.0001
22960.1 -0.0004 0.0001
23393.3 -0.0004 0.0001
23843.1 -0.0004 0.0001
24310.7 -0.0004 0.0001
24796.9 -0.0004 0.0001
25302.9 -0.0005 0.0001
25830.1 -0.0005 0.0001
26379.6 -0.0005 0.0001
26953.1 -0.0005 0.0001
27552.1 -0.0005 0.0001
28178.3 -0.0006 0.0001
28833.6 -0.0006 0.0001
29520.1 -0.0006 0.0001
30240.1 -0.0006 0.0001
30996.1 -0.0006 0.0001
31790.9 -0.0007 0.0001
32627.5 -0.0007 0.0001
33509.3 -0.0007 0.0001
34440.1 -0.0007 0.0000
35424.1 -0.0007 0.0000
36466 -0.0007 0.0000
37571 -0.0007 0.0000
38745.1 -0.0008 0.0000
39994.9 -0.0008 0.0000
41328.1 -0.0008 0.0000
42753.2 -0.0008 0.0000
44280.1 -0.0008 0.0000
45920.1 -0.0008 0.0000
47686.3 -0.0008 0.0000
49593.7 -0.0008 0.0000
51660.1 -0.0009 0.0000
53906.2 -0.0009 0.0000
56356.5 -0.0009 0.0000
59040.2 -0.0009 0.0000
61992.2 -0.0009 0.0000
65254.9 -0.0009 0.0000
68880.2 -0.0009 0.0000
72932 -0.0009 0.0000
77490.2 -0.0009 0.0000
82656.2 -0.0009 0.0000
88560.2 -0.0010 0.0000
95372.6 -0.0010 0.0000
103320 -0.0010 0.0000
112713 -0.0010 0.0000
123984 -0.0010 0.0000
