4290.12  0.2890  0.4209
4305.01  0.2880  0.4182
4320.01  0.2870  0.4154
4335.12  0.2860  0.4127
4350.33  0.2850  0.4100
4365.65  0.2840  0.4073
4381.07  0.2830  0.4046
4396.61  0.2819  0.4019
4412.25  0.2809  0.3992
4428.01  0.2799  0.3966
4443.88  0.2788  0.3939
4459.87  0.2778  0.3913
4475.97  0.2768  0.3886
4492.19  0.2757  0.3860
4508.52  0.2747  0.3833
4524.98  0.2736  0.3807
4541.55  0.2726  0.3781
4558.25  0.2715  0.3755
4575.07  0.2704  0.3729
4592.01  0.2694  0.3703
4609.08  0.2683  0.3677
4626.28  0.2672  0.3651
4643.61  0.2662  0.3625
4661.07  0.2667  0.3599
4678.65  0.2656  0.3574
4696.38  0.2645  0.3548
4714.23  0.2634  0.3522
4732.23  0.2623  0.3497
4750.36  0.2612  0.3471
4768.63  0.2601  0.3446
4787.04  0.2590  0.3421
4805.59  0.2578  0.3396
4824.29  0.2567  0.3370
4843.14  0.2556  0.3345
4862.13  0.2544  0.3320
4881.27  0.2533  0.3295
4900.57  0.2522  0.3271
4920.01  0.2510  0.3246
4939.62  0.2499  0.3221
4959.37  0.2487  0.3197
4979.29  0.2476  0.3172
4999.37  0.2464  0.3148
5019.61  0.2453  0.3124
5040.01  0.2441  0.3099
5060.59  0.2429  0.3075
5081.33  0.2418  0.3051
5102.24  0.2406  0.3027
5123.32  0.2394  0.3003
5144.58  0.2383  0.2979
5166.01  0.2371  0.2956
5187.63  0.2359  0.2932
5209.43  0.2347  0.2908
5231.41  0.2335  0.2885
5253.57  0.2323  0.2861
5275.93  0.2311  0.2838
5298.48  0.2300  0.2815
5321.22  0.2288  0.2792
5344.15  0.2276  0.2769
5367.29  0.2264  0.2746
5390.62  0.2252  0.2723
5414.16  0.2240  0.2700
5437.91  0.2228  0.2677
5461.87  0.2215  0.2654
5486.03  0.2203  0.2632
5510.42  0.2191  0.2609
5535.02  0.2179  0.2587
5559.84  0.2167  0.2565
5584.88  0.2155  0.2542
5610.15  0.2142  0.2520
5635.65  0.2130  0.2498
5661.39  0.2118  0.2476
5687.36  0.2106  0.2454
5713.56  0.2093  0.2433
5740.02  0.2081  0.2411
5766.71  0.2069  0.2389
5793.66  0.2056  0.2368
5820.86  0.2044  0.2346
5848.32  0.2032  0.2325
5876.04  0.2019  0.2304
5904.02  0.2007  0.2282
5932.27  0.1994  0.2261
5960.79  0.1982  0.2240
5989.58  0.1970  0.2219
6018.66  0.1957  0.2198
6048.02  0.1945  0.2178
6077.66  0.1932  0.2157
6107.6  0.1920  0.2136
6137.84  0.1907  0.2116
6168.38  0.1894  0.2095
6199.22  0.1882  0.2075
6230.37  0.1869  0.2055
6261.84  0.1857  0.2035
6293.62  0.1844  0.2015
6325.73  0.1831  0.1995
6358.17  0.1819  0.1975
6390.95  0.1806  0.1955
6424.06  0.1794  0.1935
6457.52  0.1781  0.1916
6491.33  0.1768  0.1896
6525.49  0.1756  0.1877
6560.02  0.1743  0.1857
6594.91  0.1730  0.1838
6630.18  0.1717  0.1819
6665.82  0.1705  0.1800
6701.86  0.1692  0.1781
6738.28  0.1679  0.1762
6775.1  0.1667  0.1743
6812.33  0.1654  0.1725
6849.96  0.1641  0.1706
6888.02  0.1628  0.1687
6926.5  0.1616  0.1669
6965.41  0.1603  0.1651
7004.77  0.1590  0.1632
7044.57  0.1577  0.1614
7084.82  0.1564  0.1596
7125.54  0.1552  0.1578
7166.73  0.1539  0.1560
7208.39  0.1526  0.1542
7250.55  0.1513  0.1525
7293.2  0.1501  0.1507
7336.35  0.1488  0.1490
7380.02  0.1475  0.1472
7424.21  0.1462  0.1455
7468.94  0.1449  0.1438
7514.2  0.1437  0.1420
7560.02  0.1424  0.1403
7606.4  0.1411  0.1386
7653.35  0.1398  0.1370
7700.89  0.1385  0.1353
7749.02  0.1373  0.1336
7797.76  0.1360  0.1319
7847.11  0.1347  0.1303
7897.09  0.1334  0.1287
7947.71  0.1321  0.1270
7998.99  0.1309  0.1254
8050.93  0.1296  0.1238
8103.55  0.1283  0.1222
8156.86  0.1270  0.1206
8210.88  0.1258  0.1190
8265.62  0.1245  0.1175
8321.1  0.1232  0.1159
8377.32  0.1220  0.1143
8434.31  0.1207  0.1128
8492.08  0.1194  0.1113
8550.64  0.1181  0.1097
8610.02  0.1169  0.1082
8670.23  0.1156  0.1067
8731.29  0.1143  0.1052
8793.22  0.1131  0.1037
8856.02  0.1118  0.1023
8919.74  0.1105  0.1008
8984.37  0.1093  0.0993
9049.95  0.1080  0.0979
9116.5  0.1068  0.0964
9184.03  0.1055  0.0950
9252.56  0.1042  0.0935
9322.13  0.1030  0.0921
9392.75  0.1017  0.0907
9464.45  0.1005  0.0893
9537.26  0.0992  0.0879
9611.19  0.0979  0.0865
9686.28  0.0967  0.0852
9762.55  0.0954  0.0838
9840.03  0.0942  0.0825
9918.75  0.0930  0.0811
9998.74  0.0917  0.0798
10080  0.0905  0.0785
10162.7  0.0892  0.0772
10246.6  0.0880  0.0759
10332  0.0868  0.0746
10418.9  0.0855  0.0733
10507.1  0.0843  0.0721
10597  0.0831  0.0708
10688.3  0.0818  0.0696
10781.2  0.0806  0.0684
10875.8  0.0794  0.0671
10972.1  0.0782  0.0659
11070  0.0770  0.0647
11169.8  0.0757  0.0635
11271.3  0.0745  0.0624
11374.7  0.0733  0.0612
11480  0.0721  0.0600
11587.3  0.0709  0.0589
11696.6  0.0697  0.0578
11808  0.0685  0.0566
11921.6  0.0674  0.0555
12037.3  0.0662  0.0544
12155.3  0.0650  0.0533
12275.7  0.0638  0.0523
12398.4  0.0626  0.0512
12523.7  0.0615  0.0501
12651.5  0.0603  0.0491
12781.9  0.0591  0.0481
12915  0.0580  0.0470
13051  0.0568  0.0460
13189.8  0.0557  0.0450
13331.6  0.0545  0.0440
13476.6  0.0534  0.0430
13624.7  0.0523  0.0421
13776  0.0511  0.0411
13930.8  0.0500  0.0402
14089.1  0.0489  0.0392
14251.1  0.0478  0.0383
14416.8  0.0467  0.0374
14586.4  0.0456  0.0365
14760  0.0444  0.0356
14937.9  0.0434  0.0347
15120  0.0423  0.0338
15306.7  0.0412  0.0330
15498  0.0401  0.0321
15694.2  0.0390  0.0313
15895.4  0.0380  0.0304
16101.9  0.0369  0.0296
16313.7  0.0358  0.0288
16531.2  0.0348  0.0280
16754.6  0.0338  0.0272
16984.2  0.0327  0.0265
17220  0.0317  0.0257
17462.6  0.0307  0.0250
17712  0.0297  0.0242
17968.7  0.0286  0.0235
18233  0.0276  0.0228
18505.1  0.0267  0.0221
18785.5  0.0257  0.0214
19074.5  0.0247  0.0207
19372.6  0.0237  0.0200
19680.1  0.0227  0.0194
19997.5  0.0218  0.0187
20325.3  0.0208  0.0181
20664.1  0.0199  0.0174
21014.3  0.0190  0.0168
21376.6  0.0180  0.0162
21751.6  0.0171  0.0156
22140.1  0.0162  0.0150
22542.6  0.0153  0.0145
22960.1  0.0145  0.0139
23393.3  0.0136  0.0134
23843.1  0.0127  0.0128
24310.7  0.0118  0.0123
24796.9  0.0110  0.0118
25302.9  0.0101  0.0113
25830.1  0.0093  0.0108
26379.6  0.0085  0.0103
26953.1  0.0077  0.0098
27552.1  0.0069  0.0094
28178.3  0.0061  0.0089
28833.6  0.0053  0.0085
29520.1  0.0045  0.0081
30240.1  0.0038  0.0077
30996.1  0.0030  0.0073
31790.9  0.0023  0.0069
32627.5  0.0016  0.0065
33509.3  0.0008  0.0061
34440.1  0.0001  0.0058
35424.1  -0.0005  0.0054
36466  -0.0012  0.0051
37571  -0.0019  0.0048
38745.1  -0.0025  0.0044
39994.9  -0.0031  0.0041
41328.1  -0.0038  0.0039
42753.2  -0.0044  0.0036
44280.1  -0.0050  0.0033
45920.1  -0.0055  0.0031
47686.3  -0.0061  0.0028
49593.7  -0.0066  0.0026
51660.1  -0.0072  0.0024
53906.2  -0.0077  0.0021
56356.5  -0.0082  0.0019
59040.2  -0.0086  0.0017
61992.2  -0.0091  0.0016
65254.9  -0.0096  0.0014
68880.2  -0.0100  0.0012
72932  -0.0104  0.0011
77490.2  -0.0108  0.0009
82656.2  -0.0111  0.0008
88560.2  -0.0115  0.0007
95372.6  -0.0118  0.0006
103320  -0.0121  0.0005
112713  -0.0124  0.0004
123984  -0.0127  0.0003
