4290.12  -2.7788  10.9591
4305.01  -2.7241  10.9005
4320.01  -2.6702  10.8420
4335.12  -2.6126  10.7836
4350.33  -2.5605  10.7251
4365.65  -2.5092  10.6667
4381.07  -2.4587  10.6084
4396.61  -2.4091  10.5502
4412.25  -2.3602  10.4920
4428.01  -2.3120  10.4339
4443.88  -2.2646  10.3759
4459.87  -2.2180  10.3180
4475.97  -2.1721  10.2602
4492.19  -2.1269  10.2025
4508.52  -2.0824  10.1448
4524.98  -2.0386  10.0872
4541.55  -1.9954  10.0297
4558.25  -1.9530  9.9723
4575.07  -1.9112  9.9150
4592.01  -1.8700  9.8578
4609.08  -1.8295  9.8006
4626.28  -1.7896  9.7435
4643.61  -1.7504  9.6865
4661.07  -1.7117  9.6297
4678.65  -1.6737  9.5728
4696.38  -1.6313  9.5160
4714.23  -1.5944  9.4592
4732.23  -1.5582  9.4025
4750.36  -1.5225  9.3458
4768.63  -1.4875  9.2893
4787.04  -1.4529  9.2329
4805.59  -1.4189  9.1765
4824.29  -1.3855  9.1202
4843.14  -1.3526  9.0641
4862.13  -1.3203  9.0080
4881.27  -1.2884  8.9520
4900.57  -1.2571  8.8962
4920.01  -1.2263  8.8404
4939.62  -1.1960  8.7847
4959.37  -1.1662  8.7291
4979.29  -1.1369  8.6736
4999.37  -1.1081  8.6183
5019.61  -1.0798  8.5630
5040.01  -1.0519  8.5078
5060.59  -1.0246  8.4527
5081.33  -0.9977  8.3977
5102.24  -0.9712  8.3428
5123.32  -0.9452  8.2880
5144.58  -0.9197  8.2334
5166.01  -0.8946  8.1788
5187.63  -0.8700  8.1243
5209.43  -0.8458  8.0699
5231.41  -0.8220  8.0157
5253.57  -0.7987  7.9615
5275.93  -0.7758  7.9074
5298.48  -0.7533  7.8535
5321.22  -0.7312  7.7996
5344.15  -0.7096  7.7459
5367.29  -0.6883  7.6923
5390.62  -0.6675  7.6387
5414.16  -0.6471  7.5853
5437.91  -0.6270  7.5320
5461.87  -0.6074  7.4788
5486.03  -0.5881  7.4257
5510.42  -0.5693  7.3728
5535.02  -0.5508  7.3199
5559.84  -0.5327  7.2671
5584.88  -0.5150  7.2145
5610.15  -0.4976  7.1620
5635.65  -0.4807  7.1095
5661.39  -0.4641  7.0572
5687.36  -0.4478  7.0050
5713.56  -0.4319  6.9530
5740.02  -0.4164  6.9010
5766.71  -0.4013  6.8492
5793.66  -0.3865  6.7974
5820.86  -0.3720  6.7458
5848.32  -0.3579  6.6943
5876.04  -0.3441  6.6430
5904.02  -0.3307  6.5917
5932.27  -0.3176  6.5406
5960.79  -0.3049  6.4896
5989.58  -0.2924  6.4387
6018.66  -0.2804  6.3879
6048.02  -0.2686  6.3373
6077.66  -0.2572  6.2867
6107.6  -0.2461  6.2363
6137.84  -0.2353  6.1860
6168.38  -0.2248  6.1359
6199.22  -0.2147  6.0859
6230.37  -0.2049  6.0360
6261.84  -0.1954  5.9862
6293.62  -0.1855  5.9365
6325.73  -0.1766  5.8870
6358.17  -0.1640  5.8376
6390.95  -0.1551  5.7882
6424.06  -0.1473  5.7390
6457.52  -0.1398  5.6898
6491.33  -0.1325  5.6409
6525.49  -0.1256  5.5920
6560.02  -0.1189  5.5433
6594.91  -0.1126  5.4948
6630.18  -0.1065  5.4463
6665.82  -0.0984  5.3981
6701.86  -0.0930  5.3499
6738.28  -0.0879  5.3018
6775.1  -0.0830  5.2539
6812.33  -0.0784  5.2061
6849.96  -0.0741  5.1585
6888.02  -0.0701  5.1110
6926.5  -0.0664  5.0637
6965.41  -0.0629  5.0165
7004.77  -0.0597  4.9695
7044.57  -0.0568  4.9226
7084.82  -0.0541  4.8759
7125.54  -0.0517  4.8293
7166.73  -0.0496  4.7829
7208.39  -0.0477  4.7366
7250.55  -0.0449  4.6904
7293.2  -0.0436  4.6444
7336.35  -0.0426  4.5986
7380.02  -0.0418  4.5529
7424.21  -0.0413  4.5074
7468.94  -0.0410  4.4620
7514.2  -0.0410  4.4168
7560.02  -0.0412  4.3717
7606.4  -0.0417  4.3268
7653.35  -0.0425  4.2821
7700.89  -0.0435  4.2376
7749.02  -0.0447  4.1932
7797.76  -0.0462  4.1489
7847.11  -0.0479  4.1048
7897.09  -0.0499  4.0609
7947.71  -0.0521  4.0172
7998.99  -0.0545  3.9736
8050.93  -0.0572  3.9302
8103.55  -0.0601  3.8870
8156.86  -0.0633  3.8439
8210.88  -0.0667  3.8010
8265.62  -0.0703  3.7583
8321.1  -0.0742  3.7158
8377.32  -0.0783  3.6734
8434.31  -0.0826  3.6312
8492.08  -0.0872  3.5891
8550.64  -0.0919  3.5473
8610.02  -0.0969  3.5056
8670.23  -0.1022  3.4641
8731.29  -0.1077  3.4228
8793.22  -0.1133  3.3816
8856.02  -0.1193  3.3407
8919.74  -0.1254  3.2998
8984.37  -0.1318  3.2589
9049.95  -0.1384  3.2183
9116.5  -0.1453  3.1778
9184.03  -0.1524  3.1375
9252.56  -0.1598  3.0974
9322.13  -0.1673  3.0575
9392.75  -0.1751  3.0178
9464.45  -0.1832  2.9783
9537.26  -0.1914  2.9391
9611.19  -0.1999  2.9000
9686.28  -0.2087  2.8611
9762.55  -0.2176  2.8224
9840.03  -0.2268  2.7839
9918.75  -0.2362  2.7457
9998.74  -0.2425  2.7076
10080  -0.2524  2.6697
10162.7  -0.2625  2.6320
10246.6  -0.2729  2.5946
10332  -0.2835  2.5573
10418.9  -0.2943  2.5202
10507.1  -0.3029  2.4834
10597  -0.3142  2.4467
10688.3  -0.3257  2.4103
10781.2  -0.3375  2.3741
10875.8  -0.3495  2.3381
10972.1  -0.3617  2.3023
11070  -0.3742  2.2667
11169.8  -0.3869  2.2314
11271.3  -0.3998  2.1962
11374.7  -0.4129  2.1613
11480  -0.4263  2.1266
11587.3  -0.4400  2.0922
11696.6  -0.4539  2.0580
11808  -0.4680  2.0239
11921.6  -0.4824  1.9902
12037.3  -0.4970  1.9566
12155.3  -0.5119  1.9233
12275.7  -0.5271  1.8902
12398.4  -0.5425  1.8573
12523.7  -0.5582  1.8247
12651.5  -0.5741  1.7923
12781.9  -0.5904  1.7601
12915  -0.6069  1.7282
13051  -0.6238  1.6965
13189.8  -0.6411  1.6650
13331.6  -0.6586  1.6338
13476.6  -0.6765  1.6028
13624.7  -0.6947  1.5720
13776  -0.7106  1.5415
13930.8  -0.7297  1.5111
14089.1  -0.7492  1.4810
14251.1  -0.7692  1.4512
14416.8  -0.7895  1.4216
14586.4  -0.8083  1.3921
14760  -0.8297  1.3630
14937.9  -0.8517  1.3341
15120  -0.8742  1.3054
15306.7  -0.8973  1.2770
15498  -0.9211  1.2489
15694.2  -0.9432  1.2210
15895.4  -0.9684  1.1933
16101.9  -0.9945  1.1659
16313.7  -1.0214  1.1388
16531.2  -1.0493  1.1119
16754.6  -1.0782  1.0854
16984.2  -1.1083  1.0590
17220  -1.1396  1.0330
17462.6  -1.1724  1.0073
17712  -1.2066  0.9818
17968.7  -1.2427  0.9566
18233  -1.2807  0.9317
18505.1  -1.3210  0.9070
18785.5  -1.3639  0.8827
19074.5  -1.4098  0.8586
19372.6  -1.4592  0.8348
19680.1  -1.5127  0.8113
19997.5  -1.5712  0.7881
20325.3  -1.6358  0.7652
20664.1  -1.7077  0.7426
21014.3  -1.7891  0.7203
21376.6  -1.8826  0.6982
21751.6  -1.9923  0.6765
22140.1  -2.1245  0.6550
22542.6  -2.2902  0.6339
22960.1  -2.5094  0.6130
23393.3  -2.8278  0.5925
23710.9  -3.1802  0.5781
23715.4  -3.1865  0.5779
23720  -3.1929  0.5777
23724.5  -3.1993  0.5775
23729.1  -3.2057  0.5773
23733.6  -3.2122  0.5771
23738.1  -3.2188  0.5769
23742.7  -3.2254  0.5767
23747.2  -3.2321  0.5765
23751.8  -3.2388  0.5763
23756.3  -3.2456  0.5760
23760.9  -3.2524  0.5758
23765.4  -3.2593  0.5756
23770  -3.2663  0.5754
23774.6  -3.2733  0.5752
23779.1  -3.2804  0.5750
23783.7  -3.2875  0.5748
23788.2  -3.2947  0.5746
23792.8  -3.3020  0.5744
23797.4  -3.3093  0.5742
23801.9  -3.3167  0.5740
23806.5  -3.3242  0.5738
23811.1  -3.3317  0.5736
23815.7  -3.3393  0.5734
23820.2  -3.3470  0.5732
23824.8  -3.3547  0.5730
23829.4  -3.3626  0.5728
23834  -3.3705  0.5726
23838.6  -3.3785  0.5724
23843.1  -3.3865  0.5722
23847.7  -3.3947  0.5720
23852.3  -3.4029  0.5718
23856.9  -3.4112  0.5716
23861.5  -3.4196  0.5714
23866.1  -3.4280  0.5712
23870.7  -3.4366  0.5710
23875.3  -3.4453  0.5708
23879.9  -3.4540  0.5706
23884.5  -3.4628  0.5704
23889.1  -3.4718  0.5702
23893.7  -3.4808  0.5700
23898.3  -3.4899  0.5698
23902.9  -3.4992  0.5696
23907.5  -3.5085  0.5694
23912.1  -3.5180  0.5692
23916.7  -3.5275  0.5690
23921.3  -3.5372  0.5688
23926  -3.5470  0.5686
23930.6  -3.5568  0.5684
23935.2  -3.5669  0.5682
23939.8  -3.5770  0.5680
23944.4  -3.5872  0.5678
23949.1  -3.5976  0.5676
23953.7  -3.6081  0.5674
23958.3  -3.6188  0.5672
23963  -3.6296  0.5670
23967.6  -3.6405  0.5668
23972.2  -3.6516  0.5666
23976.9  -3.6628  0.5664
23981.5  -3.6741  0.5662
23986.1  -3.6856  0.5660
23990.8  -3.6973  0.5658
23995.4  -3.7092  0.5656
24000.1  -3.7212  0.5654
24004.7  -3.7333  0.5652
24009.4  -3.7457  0.5650
24014  -3.7582  0.5648
24018.7  -3.7710  0.5646
24023.3  -3.7839  0.5644
24028  -3.7970  0.5642
24032.6  -3.8103  0.5640
24037.3  -3.8238  0.5638
24042  -3.8376  0.5636
24046.6  -3.8515  0.5634
24051.3  -3.8657  0.5632
24055.9  -3.8802  0.5630
24060.6  -3.8948  0.5628
24065.3  -3.9098  0.5626
24070  -3.9249  0.5624
24074.6  -3.9404  0.5622
24079.3  -3.9561  0.5620
24084  -3.9722  0.5618
24088.7  -3.9885  0.5616
24093.3  -4.0051  0.5614
24098  -4.0221  0.5612
24102.7  -4.0394  0.5610
24107.4  -4.0571  0.5608
24112.1  -4.0751  0.5606
24116.8  -4.0935  0.5604
24121.5  -4.1122  0.5602
24126.2  -4.1314  0.5600
24130.9  -4.1510  0.5598
24135.6  -4.1711  0.5596
24140.3  -4.1916  0.5594
24145  -4.2126  0.5592
24149.7  -4.2341  0.5590
24154.4  -4.2562  0.5588
24159.1  -4.2788  0.5586
24163.8  -4.3019  0.5584
24168.5  -4.3257  0.5582
24173.2  -4.3502  0.5580
24177.9  -4.3753  0.5578
24182.6  -4.4012  0.5576
24187.3  -4.4278  0.5574
24192.1  -4.4553  0.5572
24196.8  -4.4835  0.5570
24201.5  -4.5127  0.5568
24206.2  -4.5429  0.5566
24211  -4.5741  0.5564
24215.7  -4.6064  0.5562
24220.4  -4.6399  0.5560
24225.2  -4.6747  0.5558
24229.9  -4.7108  0.5556
24234.6  -4.7485  0.5554
24239.4  -4.7877  0.5553
24244.1  -4.8287  0.5551
24248.8  -4.8715  0.5549
24253.6  -4.9165  0.5547
24258.3  -4.9637  0.5545
24263.1  -5.0135  0.5543
24267.8  -5.0661  0.5541
24272.6  -5.1218  0.5539
24277.3  -5.1811  0.5537
24282.1  -5.2443  0.5535
24286.8  -5.3121  0.5533
24291.6  -5.3852  0.5531
24296.4  -5.4644  0.5529
24301.1  -5.5509  0.5527
24305.9  -5.6460  0.5525
24310.7  -5.7517  0.5523
24315.4  -5.8706  0.5521
24320.2  -6.0065  0.5519
24325  -6.1648  0.5517
24329.7  -6.3544  0.5515
24334.5  -6.5907  0.5513
24339.3  -6.9042  0.5511
24344.1  -7.3704  0.5509
24348.8  -8.2985  0.5507
24353.6  -8.8298  3.6321
24358.4  -7.5432  3.6307
24363.2  -7.0033  3.6294
24368  -6.6558  3.6281
24372.8  -6.3989  3.6268
24377.6  -6.1948  3.6255
24382.4  -6.0254  3.6242
24387.2  -5.8806  3.6229
24392  -5.7540  3.6216
24396.8  -5.6415  3.6203
24401.6  -5.5404  3.6190
24406.4  -5.4484  3.6177
24411.2  -5.3641  3.6164
24416  -5.2862  3.6150
24420.8  -5.2139  3.6137
24425.6  -5.1464  3.6124
24430.4  -5.0830  3.6111
24435.2  -5.0234  3.6098
24440  -4.9670  3.6085
24444.9  -4.9136  3.6072
24449.7  -4.8627  3.6059
24454.5  -4.8143  3.6046
24459.3  -4.7681  3.6033
24464.2  -4.7238  3.6020
24469  -4.6813  3.6007
24473.8  -4.6405  3.5994
24478.6  -4.6013  3.5982
24483.5  -4.5634  3.5969
24488.3  -4.5269  3.5956
24493.2  -4.4916  3.5943
24498  -4.4575  3.5930
24502.8  -4.4245  3.5917
24507.7  -4.3924  3.5904
24512.5  -4.3613  3.5891
24517.4  -4.3312  3.5878
24522.2  -4.3018  3.5865
24527.1  -4.2732  3.5852
24531.9  -4.2454  3.5840
24536.8  -4.2183  3.5827
24541.6  -4.1919  3.5814
24546.5  -4.1661  3.5801
24551.4  -4.1410  3.5788
24556.2  -4.1164  3.5775
24561.1  -4.0924  3.5762
24565.9  -4.0689  3.5750
24570.8  -4.0459  3.5737
24575.7  -4.0234  3.5724
24580.6  -4.0013  3.5711
24585.4  -3.9797  3.5698
24590.3  -3.9586  3.5686
24595.2  -3.9378  3.5673
24600.1  -3.9175  3.5660
24605  -3.8975  3.5647
24609.8  -3.8779  3.5634
24614.7  -3.8586  3.5622
24619.6  -3.8397  3.5609
24624.5  -3.8211  3.5596
24629.4  -3.8028  3.5584
24634.3  -3.7848  3.5571
24639.2  -3.7671  3.5558
24644.1  -3.7497  3.5545
24649  -3.7326  3.5533
24653.9  -3.7157  3.5520
24658.8  -3.6991  3.5507
24663.7  -3.6828  3.5495
24668.6  -3.6667  3.5482
24673.5  -3.6508  3.5469
24678.4  -3.6351  3.5457
24683.3  -3.6197  3.5444
24688.2  -3.6045  3.5431
24693.2  -3.5895  3.5419
24698.1  -3.5747  3.5406
24703  -3.5601  3.5393
24707.9  -3.5457  3.5381
24712.8  -3.5315  3.5368
24717.8  -3.5175  3.5356
24722.7  -3.5036  3.5343
24727.6  -3.4899  3.5330
24732.6  -3.4764  3.5318
24737.5  -3.4631  3.5305
24742.4  -3.4499  3.5293
24747.4  -3.4369  3.5280
24752.3  -3.4240  3.5268
24757.3  -3.4112  3.5255
24762.2  -3.3987  3.5242
24767.1  -3.3862  3.5230
24772.1  -3.3739  3.5217
24777  -3.3618  3.5205
24782  -3.3497  3.5192
24787  -3.3378  3.5180
24791.9  -3.3260  3.5167
24796.9  -3.3144  3.5155
24801.8  -3.3029  3.5142
24806.8  -3.2914  3.5130
24811.8  -3.2802  3.5117
24816.7  -3.2690  3.5105
24821.7  -3.2579  3.5093
24826.7  -3.2469  3.5080
24831.6  -3.2361  3.5068
24836.6  -3.2253  3.5055
24841.6  -3.2147  3.5043
24846.6  -3.2042  3.5030
24851.5  -3.1937  3.5018
24856.5  -3.1834  3.5006
24861.5  -3.1731  3.4993
24866.5  -3.1630  3.4981
24871.5  -3.1529  3.4968
24876.5  -3.1429  3.4956
24881.5  -3.1330  3.4944
24886.5  -3.1232  3.4931
24891.5  -3.1135  3.4919
24896.5  -3.1039  3.4907
24901.5  -3.0944  3.4894
24906.5  -3.0849  3.4882
24911.5  -3.0755  3.4870
24916.5  -3.0662  3.4857
24921.5  -3.0570  3.4845
24926.5  -3.0478  3.4833
24931.5  -3.0387  3.4820
24936.5  -3.0297  3.4808
24941.5  -3.0208  3.4796
24946.5  -3.0119  3.4783
24951.6  -3.0031  3.4771
24956.6  -2.9944  3.4759
24961.6  -2.9858  3.4747
24966.6  -2.9772  3.4734
24971.7  -2.9687  3.4722
24976.7  -2.9602  3.4710
24981.7  -2.9518  3.4698
24986.8  -2.9435  3.4685
24991.8  -2.9352  3.4673
24996.8  -2.9270  3.4661
25001.9  -2.9188  3.4649
25006.9  -2.9107  3.4637
25012  -2.9027  3.4624
25017  -2.8947  3.4612
25022.1  -2.8868  3.4600
25027.1  -2.8789  3.4588
25032.2  -2.8711  3.4576
25037.2  -2.8634  3.4564
25042.3  -2.8556  3.4551
25047.3  -2.8480  3.4539
25302.9  -2.5196  3.3941
25830.1  -2.0673  3.2820
26379.6  -1.7337  3.1742
26953.1  -1.4737  3.0659
27552.1  -1.2623  2.9574
28178.3  -1.0859  2.8501
28833.6  -0.9358  2.7440
29520.1  -0.8064  2.6392
30240.1  -0.6938  2.5356
30996.1  -0.5953  2.4334
31790.9  -0.5074  2.3324
32627.5  -0.4314  2.2325
33509.3  -0.3646  2.1341
34440.1  -0.3059  2.0372
35424.1  -0.2546  1.9419
36466  -0.2100  1.8480
37571  -0.1713  1.7558
38745.1  -0.1383  1.6652
39994.9  -0.1103  1.5763
41328.1  -0.0871  1.4891
42753.2  -0.0683  1.4037
44280.1  -0.0536  1.3201
45920.1  -0.0428  1.2383
47686.3  -0.0355  1.1584
49593.7  -0.0286  1.0802
51660.1  -0.0284  1.0038
53906.2  -0.0312  0.9296
56356.5  -0.0368  0.8577
59040.2  -0.0450  0.7881
61992.2  -0.0556  0.7209
65254.9  -0.0685  0.6561
68880.2  -0.0834  0.5939
72932  -0.1002  0.5342
77490.2  -0.1187  0.4772
82656.2  -0.1390  0.4226
88560.2  -0.1609  0.3709
95372.6  -0.1840  0.3223
103320  -0.2079  0.2768
112713  -0.2325  0.2346
123984  -0.2574  0.1957
