4290.12  -6.3798  5.1353
4305.01  -6.4098  5.1077
4320.01  -6.4405  5.0801
4335.12  -6.4718  5.0526
4350.33  -6.5038  5.0251
4365.65  -6.5365  4.9976
4381.07  -6.5699  4.9703
4396.61  -6.6040  4.9429
4412.25  -6.6388  4.9156
4428.01  -6.6745  4.8883
4443.88  -6.7109  4.8611
4459.87  -6.7482  4.8340
4475.97  -6.7864  4.8068
4492.19  -6.8255  4.7798
4508.52  -6.8656  4.7527
4524.98  -6.9066  4.7257
4541.55  -6.9487  4.6988
4558.25  -6.9919  4.6719
4575.07  -7.0362  4.6451
4592.01  -7.0816  4.6183
4609.08  -7.1283  4.5915
4626.28  -7.1763  4.5648
4643.61  -7.2256  4.5381
4661.07  -7.2763  4.5115
4678.65  -7.3286  4.4850
4696.38  -7.3824  4.4584
4714.23  -7.4378  4.4320
4732.23  -7.4950  4.4055
4750.36  -7.5540  4.3792
4768.63  -7.6150  4.3528
4787.04  -7.6781  4.3266
4805.59  -7.7433  4.3003
4824.29  -7.8108  4.2741
4843.14  -7.8809  4.2480
4862.13  -7.9535  4.2219
4881.27  -8.0201  4.1958
4900.57  -8.0987  4.1697
4920.01  -8.1806  4.1437
4939.62  -8.2660  4.1177
4959.37  -8.3552  4.0918
4979.29  -8.4485  4.0659
4999.37  -8.5462  4.0400
5019.61  -8.6489  4.0142
5040.01  -8.7569  3.9885
5060.59  -8.8708  3.9628
5081.33  -8.9918  3.9372
5102.24  -9.1195  3.9116
5123.32  -9.2553  3.8861
5144.58  -9.4003  3.8607
5166.01  -9.5556  3.8353
5187.63  -9.7229  3.8099
5209.43  -9.9040  3.7846
5231.41  -10.0955  3.7593
5253.57  -10.3121  3.7340
5275.93  -10.5520  3.7088
5298.48  -10.8207  3.6837
5321.22  -11.1259  3.6586
5344.15  -11.4791  3.6335
5367.29  -11.8979  3.6085
5390.62  -12.4126  3.5836
5414.16  -13.0808  3.5587
5437.91  -14.0361  3.5339
5450.1  -14.7450  3.5213
5450.34  -14.7614  3.5210
5450.58  -14.7780  3.5208
5450.82  -14.7946  3.5205
5451.06  -14.8114  3.5203
5451.3  -14.8283  3.5200
5451.54  -14.8454  3.5198
5451.78  -14.8625  3.5195
5452.02  -14.8798  3.5193
5452.26  -14.8973  3.5190
5452.5  -14.9148  3.5188
5452.74  -14.9326  3.5185
5452.98  -14.9504  3.5183
5453.22  -14.9684  3.5180
5453.46  -14.9866  3.5178
5453.7  -15.0048  3.5175
5453.94  -15.0233  3.5173
5454.18  -15.0419  3.5170
5454.42  -15.0606  3.5168
5454.66  -15.0796  3.5166
5454.9  -15.0986  3.5163
5455.14  -15.1179  3.5161
5455.38  -15.1373  3.5158
5455.62  -15.1569  3.5156
5455.86  -15.1766  3.5153
5456.1  -15.1965  3.5151
5456.34  -15.2166  3.5148
5456.58  -15.2369  3.5146
5456.82  -15.2574  3.5143
5457.06  -15.2781  3.5141
5457.3  -15.2989  3.5138
5457.54  -15.3200  3.5136
5457.78  -15.3412  3.5133
5458.02  -15.3627  3.5131
5458.26  -15.3843  3.5128
5458.5  -15.4062  3.5126
5458.74  -15.4283  3.5123
5458.98  -15.4506  3.5121
5459.22  -15.4732  3.5118
5459.46  -15.4959  3.5116
5459.7  -15.5189  3.5114
5459.94  -15.5422  3.5111
5460.18  -15.5657  3.5109
5460.42  -15.5894  3.5106
5460.66  -15.6134  3.5104
5460.9  -15.6376  3.5101
5461.14  -15.6622  3.5099
5461.38  -15.6869  3.5096
5461.62  -15.7120  3.5094
5461.87  -15.7374  3.5091
5462.11  -15.7630  3.5089
5462.35  -15.7890  3.5086
5462.59  -15.8152  3.5084
5462.83  -15.8418  3.5081
5463.07  -15.8686  3.5079
5463.31  -15.8958  3.5076
5463.55  -15.9234  3.5074
5463.79  -15.9513  3.5072
5464.03  -15.9795  3.5069
5464.27  -16.0081  3.5067
5464.51  -16.0371  3.5064
5464.75  -16.0664  3.5062
5465  -16.0962  3.5059
5465.24  -16.1263  3.5057
5465.48  -16.1569  3.5054
5465.72  -16.1878  3.5052
5465.96  -16.2193  3.5049
5466.2  -16.2511  3.5047
5466.44  -16.2834  3.5044
5466.68  -16.3162  3.5042
5466.92  -16.3495  3.5039
5467.16  -16.3833  3.5037
5467.41  -16.4176  3.5034
5467.65  -16.4525  3.5032
5467.89  -16.4879  3.5029
5468.13  -16.5238  3.5027
5468.37  -16.5604  3.5025
5468.61  -16.5976  3.5022
5468.85  -16.6354  3.5020
5469.09  -16.6738  3.5017
5469.33  -16.7129  3.5015
5469.58  -16.7527  3.5012
5469.82  -16.7933  3.5010
5470.06  -16.8345  3.5007
5470.3  -16.8766  3.5005
5470.54  -16.9195  3.5002
5470.78  -16.9632  3.5000
5471.02  -17.0078  3.4997
5471.27  -17.0533  3.4995
5471.51  -17.0997  3.4992
5471.75  -17.1471  3.4990
5471.99  -17.1956  3.4987
5472.23  -17.2451  3.4985
5472.47  -17.2957  3.4983
5472.71  -17.3475  3.4980
5472.96  -17.4006  3.4978
5473.2  -17.4549  3.4975
5473.44  -17.5106  3.4973
5473.68  -17.5677  3.4970
5473.92  -17.6263  3.4968
5474.16  -17.6865  3.4965
5474.41  -17.7484  3.4963
5474.65  -17.8120  3.4960
5474.89  -17.8775  3.4958
5475.13  -17.9449  3.4955
5475.37  -18.0145  3.4953
5475.61  -18.0862  3.4950
5475.86  -18.1604  3.4948
5476.1  -18.2371  3.4945
5476.34  -18.3165  3.4943
5476.58  -18.3989  3.4941
5476.82  -18.4844  3.4938
5477.07  -18.5733  3.4936
5477.31  -18.6659  3.4933
5477.55  -18.7625  3.4931
5477.79  -18.8634  3.4928
5478.03  -18.9691  3.4926
5478.28  -19.0800  3.4923
5478.52  -19.1968  3.4921
5478.76  -19.3199  3.4918
5479  -19.4502  3.4916
5479.24  -19.5886  3.4913
5479.49  -19.7361  3.4911
5479.73  -19.8940  3.4908
5479.97  -20.0638  3.4906
5480.21  -20.2476  3.4903
5480.46  -20.4479  3.4901
5480.7  -20.6678  3.4899
5480.94  -20.9116  3.4896
5481.18  -21.1852  3.4894
5481.42  -21.4970  3.4891
5481.67  -21.8591  3.4889
5481.91  -22.2912  3.4886
5482.15  -22.8269  3.4884
5482.39  -23.5318  3.4881
5482.64  -24.5652  3.4879
5482.88  -26.5368  3.4876
5483.12  -28.6098  10.5671
5483.36  -25.2351  10.5663
5483.61  -23.9396  10.5654
5483.85  -23.1218  10.5646
5484.09  -22.5227  10.5638
5484.33  -22.0497  10.5629
5484.58  -21.6587  10.5621
5484.82  -21.3255  10.5612
5485.06  -21.0352  10.5604
5485.3  -20.7779  10.5595
5485.55  -20.5469  10.5587
5485.79  -20.3374  10.5579
5486.03  -20.1456  10.5570
5486.28  -19.9688  10.5562
5486.52  -19.8048  10.5553
5486.76  -19.6519  10.5545
5487  -19.5087  10.5536
5487.25  -19.3739  10.5528
5487.49  -19.2468  10.5520
5487.73  -19.1264  10.5511
5487.98  -19.0121  10.5503
5488.22  -18.9033  10.5494
5488.46  -18.7995  10.5486
5488.7  -18.7002  10.5478
5488.95  -18.6051  10.5469
5489.19  -18.5138  10.5461
5489.43  -18.4260  10.5452
5489.68  -18.3416  10.5444
5489.92  -18.2601  10.5435
5490.16  -18.1815  10.5427
5490.41  -18.1055  10.5419
5490.65  -18.0320  10.5410
5490.89  -17.9608  10.5402
5491.14  -17.8918  10.5393
5491.38  -17.8248  10.5385
5491.62  -17.7597  10.5377
5491.86  -17.6964  10.5368
5492.11  -17.6349  10.5360
5492.35  -17.5750  10.5351
5492.59  -17.5166  10.5343
5492.84  -17.4597  10.5334
5493.08  -17.4042  10.5326
5493.32  -17.3501  10.5318
5493.57  -17.2971  10.5309
5493.81  -17.2454  10.5301
5494.06  -17.1949  10.5292
5494.3  -17.1454  10.5284
5494.54  -17.0970  10.5276
5494.79  -17.0497  10.5267
5495.03  -17.0033  10.5259
5495.27  -16.9578  10.5250
5495.52  -16.9132  10.5242
5495.76  -16.8695  10.5234
5496  -16.8266  10.5225
5496.25  -16.7845  10.5217
5496.49  -16.7432  10.5208
5496.73  -16.7026  10.5200
5496.98  -16.6627  10.5192
5497.22  -16.6236  10.5183
5497.47  -16.5851  10.5175
5497.71  -16.5472  10.5166
5497.95  -16.5100  10.5158
5498.2  -16.4733  10.5150
5498.44  -16.4373  10.5141
5498.68  -16.4018  10.5133
5498.93  -16.3669  10.5124
5499.17  -16.3325  10.5116
5499.42  -16.2986  10.5108
5499.66  -16.2652  10.5099
5499.9  -16.2323  10.5091
5500.15  -16.1999  10.5082
5500.39  -16.1679  10.5074
5500.64  -16.1364  10.5066
5500.88  -16.1053  10.5057
5501.12  -16.0746  10.5049
5501.37  -16.0444  10.5040
5501.61  -16.0145  10.5032
5501.86  -15.9851  10.5024
5502.1  -15.9560  10.5015
5502.35  -15.9273  10.5007
5502.59  -15.8989  10.4998
5502.83  -15.8709  10.4990
5503.08  -15.8433  10.4982
5503.32  -15.8160  10.4973
5503.57  -15.7890  10.4965
5503.81  -15.7623  10.4956
5504.06  -15.7360  10.4948
5504.3  -15.7099  10.4940
5504.54  -15.6842  10.4931
5504.79  -15.6587  10.4923
5505.03  -15.6335  10.4915
5505.28  -15.6086  10.4906
5505.52  -15.5840  10.4898
5505.77  -15.5597  10.4889
5506.01  -15.5356  10.4881
5506.26  -15.5117  10.4873
5506.5  -15.4881  10.4864
5506.74  -15.4648  10.4856
5506.99  -15.4417  10.4847
5507.23  -15.4188  10.4839
5507.48  -15.3962  10.4831
5507.72  -15.3738  10.4822
5507.97  -15.3516  10.4814
5508.21  -15.3297  10.4806
5508.46  -15.3079  10.4797
5508.7  -15.2864  10.4789
5508.95  -15.2650  10.4780
5509.19  -15.2439  10.4772
5509.44  -15.2230  10.4764
5509.68  -15.2022  10.4755
5509.93  -15.1817  10.4747
5510.17  -15.1613  10.4738
5510.42  -15.1411  10.4730
5510.66  -15.1211  10.4722
5510.91  -15.1013  10.4713
5511.15  -15.0817  10.4705
5511.4  -15.0622  10.4697
5511.64  -15.0429  10.4688
5511.89  -15.0237  10.4680
5512.13  -15.0048  10.4671
5512.38  -14.9860  10.4663
5512.62  -14.9673  10.4655
5512.87  -14.9488  10.4646
5513.11  -14.9304  10.4638
5513.36  -14.9123  10.4630
5513.6  -14.8942  10.4621
5513.85  -14.8763  10.4613
5514.09  -14.8585  10.4604
5514.34  -14.8409  10.4596
5514.58  -14.8234  10.4588
5514.83  -14.8061  10.4579
5515.07  -14.7889  10.4571
5515.32  -14.7718  10.4563
5515.56  -14.7549  10.4554
5515.81  -14.7380  10.4546
5516.05  -14.7214  10.4537
5516.3  -14.7048  10.4529
5516.54  -14.6884  10.4521
5516.79  -14.6720  10.4512
5517.04  -14.6558  10.4504
5517.28  -14.6398  10.4496
5517.53  -14.6238  10.4487
5517.77  -14.6079  10.4479
5535.02  -13.7139  10.3894
5559.84  -12.8681  10.3063
5584.88  -12.2801  10.2236
5610.15  -11.8424  10.1413
5635.65  -11.5067  10.0595
5661.39  -11.2480  9.9781
5687.36  -11.0529  9.8971
5713.56  -10.9149  9.8166
5740.02  -10.8332  9.7364
5766.71  -10.8537  9.6592
5793.66  -10.9092  9.5844
5820.86  -11.0748  9.5098
5848.32  -11.4439  9.4353
5851.35  -11.5068  9.4272
5851.63  -11.5128  9.4264
5851.91  -11.5189  9.4257
5852.18  -11.5251  9.4249
5852.46  -11.5313  9.4242
5852.74  -11.5376  9.4234
5853.01  -11.5439  9.4227
5853.29  -11.5503  9.4220
5853.56  -11.5567  9.4212
5853.84  -11.5633  9.4205
5854.12  -11.5698  9.4197
5854.39  -11.5765  9.4190
5854.67  -11.5832  9.4182
5854.95  -11.5900  9.4175
5855.22  -11.5968  9.4168
5855.5  -11.6037  9.4160
5855.78  -11.6107  9.4153
5856.05  -11.6178  9.4145
5856.33  -11.6249  9.4138
5856.61  -11.6321  9.4130
5856.88  -11.6394  9.4123
5857.16  -11.6467  9.4116
5857.44  -11.6542  9.4108
5857.71  -11.6617  9.4101
5857.99  -11.6692  9.4093
5858.27  -11.6769  9.4086
5858.54  -11.6847  9.4078
5858.82  -11.6925  9.4071
5859.1  -11.7004  9.4064
5859.37  -11.7084  9.4056
5859.65  -11.7165  9.4049
5859.93  -11.7247  9.4041
5860.2  -11.7330  9.4034
5860.48  -11.7413  9.4026
5860.76  -11.7498  9.4019
5861.04  -11.7584  9.4012
5861.31  -11.7670  9.4004
5861.59  -11.7758  9.3997
5861.87  -11.7846  9.3989
5862.14  -11.7936  9.3982
5862.42  -11.8026  9.3974
5862.7  -11.8118  9.3967
5862.98  -11.8211  9.3960
5863.25  -11.8305  9.3952
5863.53  -11.8400  9.3945
5863.81  -11.8496  9.3937
5864.08  -11.8594  9.3930
5864.36  -11.8692  9.3922
5864.64  -11.8792  9.3915
5864.92  -11.8893  9.3908
5865.19  -11.8996  9.3900
5865.47  -11.9100  9.3893
5865.75  -11.9205  9.3885
5866.03  -11.9311  9.3878
5866.3  -11.9419  9.3870
5866.58  -11.9529  9.3863
5866.86  -11.9639  9.3856
5867.14  -11.9752  9.3848
5867.41  -11.9866  9.3841
5867.69  -11.9981  9.3833
5867.97  -12.0098  9.3826
5868.25  -12.0217  9.3818
5868.53  -12.0337  9.3811
5868.8  -12.0459  9.3804
5869.08  -12.0583  9.3796
5869.36  -12.0709  9.3789
5869.64  -12.0837  9.3781
5869.91  -12.0966  9.3774
5870.19  -12.1098  9.3766
5870.47  -12.1231  9.3759
5870.75  -12.1367  9.3752
5871.03  -12.1505  9.3744
5871.3  -12.1645  9.3737
5871.58  -12.1787  9.3729
5871.86  -12.1932  9.3722
5872.14  -12.2079  9.3715
5872.42  -12.2228  9.3707
5872.7  -12.2380  9.3700
5872.97  -12.2535  9.3692
5873.25  -12.2692  9.3685
5873.53  -12.2852  9.3677
5873.81  -12.3015  9.3670
5874.09  -12.3181  9.3663
5874.36  -12.3350  9.3655
5874.64  -12.3522  9.3648
5874.92  -12.3698  9.3640
5875.2  -12.3877  9.3633
5875.48  -12.4059  9.3625
5875.76  -12.4245  9.3618
5876.04  -12.4435  9.3611
5876.31  -12.4629  9.3603
5876.59  -12.4827  9.3596
5876.87  -12.5029  9.3588
5877.15  -12.5235  9.3581
5877.43  -12.5446  9.3574
5877.71  -12.5662  9.3566
5877.99  -12.5883  9.3559
5878.26  -12.6109  9.3551
5878.54  -12.6340  9.3544
5878.82  -12.6577  9.3536
5879.1  -12.6821  9.3529
5879.38  -12.7070  9.3522
5879.66  -12.7326  9.3514
5879.94  -12.7588  9.3507
5880.22  -12.7858  9.3499
5880.49  -12.8135  9.3492
5880.77  -12.8421  9.3485
5881.05  -12.8714  9.3477
5881.33  -12.9017  9.3470
5881.61  -12.9329  9.3462
5881.89  -12.9651  9.3455
5882.17  -12.9984  9.3447
5882.45  -13.0328  9.3440
5882.73  -13.0684  9.3433
5883.01  -13.1053  9.3425
5883.28  -13.1436  9.3418
5883.56  -13.1834  9.3410
5883.84  -13.2247  9.3403
5884.12  -13.2678  9.3396
5884.4  -13.3128  9.3388
5884.68  -13.3597  9.3381
5884.96  -13.4089  9.3373
5885.24  -13.4606  9.3366
5885.52  -13.5149  9.3358
5885.8  -13.5721  9.3351
5886.08  -13.6326  9.3344
5886.36  -13.6968  9.3336
5886.64  -13.7651  9.3329
5886.92  -13.8381  9.3321
5887.2  -13.9164  9.3314
5887.48  -14.0009  9.3307
5887.75  -14.0926  9.3299
5888.03  -14.1927  9.3292
5888.31  -14.3031  9.3284
5888.59  -14.4259  9.3277
5888.87  -14.5643  9.3269
5889.15  -14.7227  9.3262
5889.43  -14.9078  9.3255
5889.71  -15.1304  9.3247
5889.99  -15.4094  9.3240
5890.27  -15.7828  9.3232
5890.55  -16.3487  9.3225
5890.83  -17.5510  9.3218
5891.11  -17.6600  12.8598
5891.39  -16.3888  12.8587
5891.67  -15.8051  12.8577
5891.95  -15.4214  12.8566
5892.23  -15.1348  12.8556
5892.51  -14.9058  12.8545
5892.79  -14.7150  12.8535
5893.07  -14.5514  12.8524
5893.35  -14.4081  12.8514
5893.63  -14.2805  12.8503
5893.91  -14.1657  12.8493
5894.19  -14.0611  12.8482
5894.47  -13.9651  12.8472
5894.75  -13.8764  12.8461
5895.03  -13.7939  12.8451
5895.31  -13.7168  12.8440
5895.59  -13.6444  12.8430
5895.87  -13.5762  12.8419
5896.15  -13.5116  12.8409
5896.44  -13.4504  12.8398
5896.72  -13.3922  12.8388
5897  -13.3366  12.8377
5897.28  -13.2836  12.8367
5897.56  -13.2327  12.8356
5897.84  -13.1839  12.8346
5898.12  -13.1370  12.8336
5898.4  -13.0918  12.8325
5898.68  -13.0483  12.8315
5898.96  -13.0062  12.8304
5899.24  -12.9656  12.8294
5899.52  -12.9253  12.8283
5899.8  -12.8873  12.8273
5900.08  -12.8503  12.8262
5900.36  -12.8144  12.8252
5900.64  -12.7794  12.8241
5900.93  -12.7455  12.8231
5901.21  -12.7124  12.8220
5901.49  -12.6802  12.8210
5901.77  -12.6488  12.8199
5902.05  -12.6181  12.8189
5902.33  -12.5882  12.8178
5902.61  -12.5590  12.8168
5902.89  -12.5304  12.8157
5903.17  -12.5025  12.8147
5903.45  -12.4751  12.8136
5903.74  -12.4483  12.8126
5904.02  -12.4221  12.8116
5904.3  -12.3964  12.8105
5904.58  -12.3712  12.8095
5904.86  -12.3465  12.8084
5905.14  -12.3223  12.8074
5905.42  -12.2985  12.8063
5905.7  -12.2751  12.8053
5905.99  -12.2521  12.8042
5906.27  -12.2296  12.8032
5906.55  -12.2074  12.8021
5906.83  -12.1856  12.8011
5907.11  -12.1641  12.8000
5907.39  -12.1430  12.7990
5907.67  -12.1222  12.7979
5907.96  -12.1018  12.7969
5908.24  -12.0816  12.7958
5908.52  -12.0618  12.7948
5908.8  -12.0422  12.7938
5909.08  -12.0229  12.7927
5909.36  -12.0039  12.7917
5909.64  -11.9852  12.7906
5909.93  -11.9667  12.7896
5910.21  -11.9485  12.7885
5910.49  -11.9305  12.7875
5910.77  -11.9128  12.7864
5911.05  -11.8953  12.7854
5911.34  -11.8780  12.7843
5911.62  -11.8609  12.7833
5911.9  -11.8440  12.7822
5912.18  -11.8274  12.7812
5912.46  -11.8109  12.7801
5912.74  -11.7946  12.7791
5913.03  -11.7786  12.7781
5913.31  -11.7627  12.7770
5913.59  -11.7470  12.7760
5913.87  -11.7314  12.7749
5914.15  -11.7161  12.7739
5914.44  -11.7009  12.7728
5914.72  -11.6859  12.7718
5915  -11.6710  12.7707
5915.28  -11.6563  12.7697
5915.57  -11.6417  12.7686
5915.85  -11.6273  12.7676
5916.13  -11.6131  12.7666
5916.41  -11.5990  12.7655
5916.7  -11.5850  12.7645
5916.98  -11.5712  12.7634
5917.26  -11.5574  12.7624
5917.54  -11.5439  12.7613
5917.82  -11.5304  12.7603
5918.11  -11.5171  12.7592
5918.39  -11.5039  12.7582
5918.67  -11.4908  12.7571
5918.95  -11.4779  12.7561
5919.24  -11.4650  12.7551
5919.52  -11.4523  12.7540
5919.8  -11.4397  12.7530
5920.09  -11.4272  12.7519
5920.37  -11.4148  12.7509
5920.65  -11.4025  12.7498
5920.93  -11.3903  12.7488
5921.22  -11.3782  12.7477
5921.5  -11.3663  12.7467
5921.78  -11.3544  12.7456
5922.06  -11.3426  12.7446
5922.35  -11.3309  12.7436
5922.63  -11.3193  12.7425
5922.91  -11.3078  12.7415
5923.2  -11.2963  12.7404
5923.48  -11.2850  12.7394
5923.76  -11.2737  12.7383
5924.05  -11.2626  12.7373
5924.33  -11.2515  12.7362
5924.61  -11.2405  12.7352
5924.89  -11.2296  12.7342
5925.18  -11.2188  12.7331
5925.46  -11.2080  12.7321
5925.74  -11.1973  12.7310
5926.03  -11.1867  12.7300
5926.31  -11.1762  12.7289
5926.59  -11.1657  12.7279
5926.88  -11.1553  12.7268
5927.16  -11.1450  12.7258
5927.44  -11.1348  12.7248
5927.73  -11.1246  12.7237
5928.01  -11.1145  12.7227
5928.29  -11.1045  12.7216
5928.58  -11.0945  12.7206
5928.86  -11.0846  12.7195
5929.14  -11.0747  12.7185
5929.43  -11.0650  12.7174
5932.27  -10.9705  12.7070
5960.79  -10.2466  12.6029
5989.58  -9.7428  12.4991
6018.66  -9.3539  12.3957
6048.02  -9.0404  12.2927
6077.66  -8.7841  12.1901
6107.6  -8.5773  12.0878
6137.84  -8.4190  11.9860
6168.38  -8.3160  11.8845
6199.22  -8.3143  11.7852
6224.43  -8.3970  11.7058
6224.74  -8.3990  11.7049
6225.05  -8.4010  11.7039
6225.36  -8.4031  11.7029
6225.68  -8.4052  11.7019
6225.99  -8.4073  11.7009
6226.3  -8.4095  11.7000
6226.61  -8.4117  11.6990
6226.93  -8.4140  11.6980
6227.24  -8.4163  11.6970
6227.55  -8.4186  11.6960
6227.87  -8.4209  11.6951
6228.18  -8.4233  11.6941
6228.49  -8.4258  11.6931
6228.8  -8.4283  11.6921
6229.12  -8.4308  11.6912
6229.43  -8.4333  11.6902
6229.74  -8.4360  11.6892
6230.06  -8.4386  11.6882
6230.37  -8.4413  11.6872
6230.68  -8.4440  11.6863
6231  -8.4468  11.6853
6231.31  -8.4496  11.6843
6231.62  -8.4525  11.6833
6231.93  -8.4554  11.6824
6232.25  -8.4584  11.6814
6232.56  -8.4614  11.6804
6232.87  -8.4644  11.6794
6233.19  -8.4675  11.6784
6233.5  -8.4707  11.6775
6233.81  -8.4739  11.6765
6234.13  -8.4772  11.6755
6234.44  -8.4805  11.6745
6234.76  -8.4839  11.6735
6235.07  -8.4873  11.6726
6235.38  -8.4908  11.6716
6235.7  -8.4944  11.6706
6236.01  -8.4980  11.6696
6236.32  -8.5016  11.6687
6236.64  -8.5054  11.6677
6236.95  -8.5092  11.6667
6237.26  -8.5130  11.6657
6237.58  -8.5170  11.6647
6237.89  -8.5210  11.6638
6238.21  -8.5250  11.6628
6238.52  -8.5292  11.6618
6238.83  -8.5334  11.6608
6239.15  -8.5376  11.6599
6239.46  -8.5420  11.6589
6239.78  -8.5464  11.6579
6240.09  -8.5509  11.6569
6240.4  -8.5555  11.6560
6240.72  -8.5602  11.6550
6241.03  -8.5650  11.6540
6241.35  -8.5698  11.6530
6241.66  -8.5748  11.6520
6241.97  -8.5798  11.6511
6242.29  -8.5849  11.6501
6242.6  -8.5901  11.6491
6242.92  -8.5954  11.6481
6243.23  -8.6009  11.6472
6243.55  -8.6064  11.6462
6243.86  -8.6120  11.6452
6244.18  -8.6177  11.6442
6244.49  -8.6236  11.6432
6244.8  -8.6296  11.6423
6245.12  -8.6356  11.6413
6245.43  -8.6418  11.6403
6245.75  -8.6482  11.6393
6246.06  -8.6546  11.6384
6246.38  -8.6612  11.6374
6246.69  -8.6680  11.6364
6247.01  -8.6748  11.6354
6247.32  -8.6819  11.6345
6247.64  -8.6890  11.6335
6247.95  -8.6964  11.6325
6248.27  -8.7039  11.6315
6248.58  -8.7115  11.6305
6248.9  -8.7193  11.6296
6249.21  -8.7274  11.6286
6249.53  -8.7356  11.6276
6249.84  -8.7439  11.6266
6250.16  -8.7525  11.6257
6250.47  -8.7613  11.6247
6250.79  -8.7704  11.6237
6251.1  -8.7796  11.6227
6251.42  -8.7891  11.6218
6251.73  -8.7988  11.6208
6252.05  -8.8088  11.6198
6252.36  -8.8190  11.6188
6252.68  -8.8295  11.6178
6252.99  -8.8403  11.6169
6253.31  -8.8514  11.6159
6253.62  -8.8628  11.6149
6253.94  -8.8746  11.6139
6254.25  -8.8867  11.6130
6254.57  -8.8992  11.6120
6254.89  -8.9120  11.6110
6255.2  -8.9253  11.6100
6255.52  -8.9390  11.6091
6255.83  -8.9531  11.6081
6256.15  -8.9678  11.6071
6256.46  -8.9829  11.6061
6256.78  -8.9986  11.6052
6257.1  -9.0149  11.6042
6257.41  -9.0318  11.6032
6257.73  -9.0493  11.6022
6258.04  -9.0675  11.6012
6258.36  -9.0865  11.6003
6258.67  -9.1064  11.5993
6258.99  -9.1271  11.5983
6259.31  -9.1487  11.5973
6259.62  -9.1714  11.5964
6259.94  -9.1953  11.5954
6260.25  -9.2204  11.5944
6260.57  -9.2468  11.5934
6260.89  -9.2748  11.5925
6261.2  -9.3044  11.5915
6261.52  -9.3360  11.5905
6261.84  -9.3696  11.5895
6262.15  -9.4057  11.5886
6262.47  -9.4445  11.5876
6262.78  -9.4865  11.5866
6263.1  -9.5323  11.5856
6263.42  -9.5824  11.5847
6263.73  -9.6378  11.5837
6264.05  -9.6998  11.5827
6264.37  -9.7699  11.5817
6264.68  -9.8505  11.5808
6265  -9.9453  11.5798
6265.32  -10.0601  11.5788
6265.63  -10.2054  11.5778
6265.95  -10.4028  11.5768
6266.27  -10.7111  11.5759
6266.58  -11.4468  11.5749
6266.9  -11.1601  13.3616
6267.22  -10.6140  13.3606
6267.53  -10.3389  13.3596
6267.85  -10.1531  13.3586
6268.17  -10.0123  13.3575
6268.48  -9.8988  13.3565
6268.8  -9.8036  13.3555
6269.12  -9.7215  13.3545
6269.43  -9.6493  13.3535
6269.75  -9.5847  13.3525
6270.07  -9.5264  13.3514
6270.39  -9.4731  13.3504
6270.7  -9.4241  13.3494
6271.02  -9.3786  13.3484
6271.34  -9.3362  13.3474
6271.65  -9.2965  13.3464
6271.97  -9.2591  13.3453
6272.29  -9.2238  13.3443
6272.61  -9.1903  13.3433
6272.92  -9.1585  13.3423
6273.24  -9.1281  13.3413
6273.56  -9.0991  13.3403
6273.88  -9.0713  13.3392
6274.19  -9.0446  13.3382
6274.51  -9.0189  13.3372
6274.83  -8.9942  13.3362
6275.15  -8.9704  13.3352
6275.46  -8.9473  13.3342
6275.78  -8.9250  13.3331
6276.1  -8.9034  13.3321
6276.42  -8.8825  13.3311
6276.73  -8.8621  13.3301
6277.05  -8.8424  13.3291
6277.37  -8.8231  13.3281
6277.69  -8.8044  13.3270
6278.01  -8.7861  13.3260
6278.32  -8.7683  13.3250
6278.64  -8.7510  13.3240
6278.96  -8.7340  13.3230
6279.28  -8.7174  13.3220
6279.6  -8.7012  13.3209
6279.91  -8.6853  13.3199
6280.23  -8.6697  13.3189
6280.55  -8.6545  13.3179
6280.87  -8.6396  13.3169
6281.19  -8.6249  13.3159
6281.5  -8.6105  13.3148
6281.82  -8.5964  13.3138
6282.14  -8.5826  13.3128
6282.46  -8.5689  13.3118
6282.78  -8.5556  13.3108
6283.1  -8.5424  13.3098
6283.41  -8.5294  13.3087
6283.73  -8.5167  13.3077
6284.05  -8.5042  13.3067
6284.37  -8.4918  13.3057
6284.69  -8.4797  13.3047
6285.01  -8.4677  13.3037
6285.33  -8.4559  13.3026
6285.64  -8.4442  13.3016
6285.96  -8.4327  13.3006
6286.28  -8.4214  13.2996
6286.6  -8.4102  13.2986
6286.92  -8.3992  13.2976
6287.24  -8.3883  13.2966
6287.56  -8.3776  13.2955
6287.88  -8.3669  13.2945
6288.2  -8.3564  13.2935
6288.51  -8.3461  13.2925
6288.83  -8.3358  13.2915
6289.15  -8.3257  13.2905
6289.47  -8.3157  13.2894
6289.79  -8.3058  13.2884
6290.11  -8.2960  13.2874
6290.43  -8.2864  13.2864
6290.75  -8.2768  13.2854
6291.07  -8.2673  13.2844
6291.39  -8.2579  13.2833
6291.71  -8.2487  13.2823
6292.02  -8.2395  13.2813
6292.34  -8.2304  13.2803
6292.66  -8.2214  13.2793
6292.98  -8.2124  13.2783
6293.3  -8.2036  13.2772
6293.62  -8.1948  13.2762
6293.94  -8.1862  13.2752
6294.26  -8.1776  13.2742
6294.58  -8.1691  13.2732
6294.9  -8.1606  13.2722
6295.22  -8.1522  13.2712
6295.54  -8.1439  13.2701
6295.86  -8.1357  13.2691
6296.18  -8.1276  13.2681
6296.5  -8.1195  13.2671
6296.82  -8.1114  13.2661
6297.14  -8.1035  13.2651
6297.46  -8.0956  13.2640
6297.78  -8.0878  13.2630
6298.1  -8.0800  13.2620
6298.42  -8.0723  13.2610
6298.74  -8.0646  13.2600
6299.06  -8.0570  13.2590
6299.38  -8.0495  13.2579
6299.7  -8.0420  13.2569
6300.02  -8.0346  13.2559
6300.34  -8.0272  13.2549
6300.66  -8.0199  13.2539
6300.98  -8.0126  13.2529
6301.3  -8.0053  13.2519
6301.62  -7.9982  13.2508
6301.94  -7.9910  13.2498
6302.26  -7.9840  13.2488
6302.58  -7.9769  13.2478
6302.9  -7.9699  13.2468
6303.22  -7.9630  13.2458
6303.54  -7.9561  13.2447
6303.86  -7.9492  13.2437
6304.18  -7.9424  13.2427
6304.5  -7.9357  13.2417
6304.82  -7.9289  13.2407
6305.14  -7.9223  13.2397
6305.46  -7.9156  13.2387
6305.78  -7.9090  13.2376
6306.11  -7.9024  13.2366
6306.43  -7.8959  13.2356
6306.75  -7.8894  13.2346
6307.07  -7.8830  13.2336
6307.39  -7.8765  13.2326
6307.71  -7.8702  13.2315
6308.03  -7.8638  13.2305
6308.35  -7.8575  13.2295
6308.67  -7.8512  13.2285
6308.99  -7.8450  13.2275
6309.31  -7.8388  13.2265
6309.64  -7.8326  13.2255
6309.96  -7.8264  13.2244
6310.28  -7.8203  13.2234
6310.6  -7.8142  13.2224
6310.92  -7.8082  13.2214
6311.24  -7.8022  13.2204
6311.56  -7.7962  13.2194
6311.88  -7.7902  13.2183
6312.21  -7.7843  13.2173
6312.53  -7.7784  13.2163
6312.85  -7.7725  13.2153
6325.73  -7.5575  13.1747
6358.17  -7.1275  13.0733
6390.95  -6.7812  12.9720
6424.06  -6.4825  12.8708
6457.52  -6.2158  12.7698
6491.33  -5.9725  12.6689
6525.49  -5.7475  12.5681
6560.02  -5.5371  12.4674
6594.91  -5.3293  12.3661
6630.18  -5.1427  12.2644
6665.82  -4.9658  12.1629
6701.86  -4.7974  12.0615
6738.28  -4.6366  11.9604
6775.1  -4.4828  11.8595
6812.33  -4.3354  11.7588
6849.96  -4.1937  11.6583
6888.02  -4.0575  11.5581
6926.5  -3.9264  11.4580
6965.41  -3.8000  11.3581
7004.77  -3.6779  11.2585
7044.57  -3.5601  11.1591
7084.82  -3.4462  11.0599
7125.54  -3.3360  10.9609
7166.73  -3.2265  10.8620
7208.39  -3.1233  10.7634
7250.55  -3.0234  10.6649
7293.2  -2.9265  10.5667
7336.35  -2.8326  10.4688
7380.02  -2.7416  10.3711
7424.21  -2.6532  10.2736
7468.94  -2.5675  10.1764
7514.2  -2.4843  10.0794
7560.02  -2.4035  9.9827
7606.4  -2.3250  9.8863
7653.35  -2.2489  9.7901
7700.89  -2.1731  9.6940
7749.02  -2.1013  9.5983
7797.76  -2.0316  9.5028
7847.11  -1.9640  9.4075
7897.09  -1.8982  9.3126
7947.71  -1.8344  9.2179
7998.99  -1.7724  9.1235
8050.93  -1.7121  9.0294
8103.55  -1.6536  8.9356
8156.86  -1.5969  8.8421
8210.88  -1.5418  8.7488
8265.62  -1.4883  8.6559
8321.1  -1.4363  8.5632
8377.32  -1.3859  8.4709
8434.31  -1.3370  8.3788
8492.08  -1.2896  8.2870
8550.64  -1.2436  8.1956
8610.02  -1.1990  8.1044
8670.23  -1.1558  8.0135
8731.29  -1.1139  7.9230
8793.22  -1.0734  7.8328
8856.02  -1.0342  7.7428
8919.74  -0.9962  7.6530
8984.37  -0.9594  7.5631
9049.95  -0.9238  7.4736
9116.5  -0.8896  7.3844
9184.03  -0.8565  7.2955
9252.56  -0.8246  7.2071
9322.13  -0.7939  7.1189
9392.75  -0.7644  7.0312
9464.45  -0.7359  6.9437
9537.26  -0.7086  6.8567
9611.19  -0.6824  6.7700
9686.28  -0.6573  6.6837
9762.55  -0.6332  6.5978
9840.03  -0.6101  6.5122
9918.75  -0.5880  6.4270
9998.74  -0.5670  6.3422
10080  -0.5469  6.2578
10162.7  -0.5278  6.1737
10246.6  -0.5096  6.0901
10332  -0.4924  6.0068
10418.9  -0.4761  5.9239
10507.1  -0.4607  5.8414
10597  -0.4463  5.7593
10688.3  -0.4327  5.6776
10781.2  -0.4199  5.5963
10875.8  -0.4081  5.5154
10972.1  -0.3913  5.4349
11070  -0.3812  5.3546
11169.8  -0.3720  5.2746
11271.3  -0.3636  5.1951
11374.7  -0.3561  5.1160
11480  -0.3493  5.0374
11587.3  -0.3433  4.9592
11696.6  -0.3382  4.8814
11808  -0.3289  4.8040
11921.6  -0.3254  4.7269
12037.3  -0.3226  4.6502
12155.3  -0.3206  4.5740
12275.7  -0.3193  4.4982
12398.4  -0.3187  4.4229
12523.7  -0.3189  4.3481
12651.5  -0.3166  4.2736
12781.9  -0.3182  4.1996
12915  -0.3206  4.1260
13051  -0.3236  4.0529
13189.8  -0.3273  3.9803
13331.6  -0.3317  3.9082
13476.6  -0.3368  3.8367
13624.7  -0.3425  3.7656
13776  -0.3489  3.6950
13930.8  -0.3560  3.6249
14089.1  -0.3637  3.5553
14251.1  -0.3720  3.4862
14416.8  -0.3810  3.4176
14586.4  -0.3905  3.3496
14760  -0.4009  3.2821
14937.9  -0.4118  3.2151
15120  -0.4232  3.1486
15306.7  -0.4353  3.0826
15498  -0.4479  3.0172
15694.2  -0.4609  2.9524
15895.4  -0.4748  2.8880
16101.9  -0.4891  2.8242
16313.7  -0.5042  2.7610
16531.2  -0.5199  2.6983
16754.6  -0.5363  2.6361
16984.2  -0.5532  2.5746
17220  -0.5707  2.5136
17462.6  -0.5888  2.4531
17712  -0.6076  2.3932
17968.7  -0.6270  2.3339
18233  -0.6470  2.2752
18505.1  -0.6676  2.2171
18785.5  -0.6889  2.1595
19074.5  -0.7109  2.1026
19372.6  -0.7335  2.0462
19680.1  -0.7568  1.9905
19997.5  -0.7809  1.9353
20325.3  -0.8057  1.8808
20664.1  -0.8312  1.8268
21014.3  -0.8576  1.7735
21376.6  -0.8848  1.7209
21751.6  -0.9129  1.6688
22140.1  -0.9419  1.6174
22542.6  -0.9720  1.5666
22960.1  -1.0031  1.5165
23393.3  -1.0354  1.4670
23843.1  -1.0686  1.4182
24310.7  -1.1035  1.3700
24796.9  -1.1401  1.3225
25302.9  -1.1784  1.2756
25830.1  -1.2185  1.2295
26379.6  -1.2611  1.1841
26953.1  -1.3055  1.1391
27552.1  -1.3478  1.0945
28178.3  -1.3991  1.0506
28833.6  -1.4548  1.0075
29520.1  -1.5157  0.9652
30240.1  -1.5828  0.9237
30996.1  -1.6578  0.8830
31790.9  -1.7431  0.8431
32627.5  -1.8421  0.8041
33509.3  -1.9603  0.7659
34440.1  -2.1070  0.7284
35424.1  -2.2998  0.6919
36466  -2.5777  0.6561
37243.7  -2.8827  0.6313
37254.9  -2.8882  0.6309
37266.1  -2.8936  0.6306
37277.3  -2.8991  0.6302
37288.5  -2.9047  0.6299
37299.7  -2.9103  0.6295
37311  -2.9159  0.6292
37322.2  -2.9216  0.6288
37333.4  -2.9273  0.6285
37344.7  -2.9331  0.6282
37355.9  -2.9389  0.6278
37367.2  -2.9448  0.6275
37378.5  -2.9507  0.6271
37389.7  -2.9567  0.6268
37401  -2.9627  0.6264
37412.3  -2.9687  0.6261
37423.6  -2.9749  0.6257
37434.9  -2.9810  0.6254
37446.2  -2.9873  0.6250
37457.5  -2.9935  0.6247
37468.8  -2.9999  0.6243
37480.2  -3.0063  0.6240
37491.5  -3.0127  0.6237
37502.8  -3.0192  0.6233
37514.2  -3.0258  0.6230
37525.5  -3.0324  0.6226
37536.9  -3.0391  0.6223
37548.3  -3.0459  0.6219
37559.6  -3.0527  0.6216
37571  -3.0595  0.6212
37582.4  -3.0665  0.6209
37593.8  -3.0735  0.6206
37605.2  -3.0806  0.6202
37616.6  -3.0877  0.6199
37628  -3.0949  0.6195
37639.4  -3.1022  0.6192
37650.9  -3.1096  0.6188
37662.3  -3.1170  0.6185
37673.8  -3.1245  0.6181
37685.2  -3.1321  0.6178
37696.7  -3.1398  0.6175
37708.1  -3.1475  0.6171
37719.6  -3.1554  0.6168
37731.1  -3.1633  0.6164
37742.6  -3.1713  0.6161
37754.1  -3.1794  0.6157
37765.6  -3.1876  0.6154
37777.1  -3.1958  0.6151
37788.6  -3.2042  0.6147
37800.1  -3.2127  0.6144
37811.6  -3.2212  0.6140
37823.2  -3.2299  0.6137
37834.7  -3.2386  0.6133
37846.3  -3.2475  0.6130
37857.8  -3.2564  0.6126
37869.4  -3.2655  0.6123
37880.9  -3.2747  0.6120
37892.5  -3.2840  0.6116
37904.1  -3.2934  0.6113
37915.7  -3.3029  0.6109
37927.3  -3.3126  0.6106
37938.9  -3.3224  0.6103
37950.5  -3.3323  0.6099
37962.1  -3.3423  0.6096
37973.8  -3.3525  0.6092
37985.4  -3.3628  0.6089
37997  -3.3733  0.6085
38008.7  -3.3839  0.6082
38020.3  -3.3946  0.6079
38032  -3.4055  0.6075
38043.7  -3.4166  0.6072
38055.4  -3.4278  0.6068
38067  -3.4392  0.6065
38078.7  -3.4507  0.6062
38090.4  -3.4625  0.6058
38102.1  -3.4744  0.6055
38113.8  -3.4865  0.6051
38125.6  -3.4988  0.6048
38137.3  -3.5113  0.6045
38149  -3.5239  0.6041
38160.8  -3.5369  0.6038
38172.5  -3.5500  0.6034
38184.3  -3.5633  0.6031
38196  -3.5769  0.6027
38207.8  -3.5907  0.6024
38219.6  -3.6048  0.6021
38231.4  -3.6191  0.6017
38243.2  -3.6337  0.6014
38255  -3.6485  0.6010
38266.8  -3.6637  0.6007
38278.6  -3.6791  0.6004
38290.4  -3.6949  0.6000
38302.2  -3.7109  0.5997
38314.1  -3.7273  0.5994
38325.9  -3.7441  0.5990
38337.8  -3.7612  0.5987
38349.6  -3.7786  0.5983
38361.5  -3.7965  0.5980
38373.4  -3.8148  0.5977
38385.2  -3.8335  0.5973
38397.1  -3.8526  0.5970
38409  -3.8722  0.5966
38420.9  -3.8923  0.5963
38432.8  -3.9129  0.5960
38444.8  -3.9340  0.5956
38456.7  -3.9557  0.5953
38468.6  -3.9780  0.5949
38480.6  -4.0009  0.5946
38492.5  -4.0245  0.5943
38504.5  -4.0488  0.5939
38516.4  -4.0738  0.5936
38528.4  -4.0996  0.5933
38540.4  -4.1262  0.5929
38552.3  -4.1537  0.5926
38564.3  -4.1821  0.5922
38576.3  -4.2116  0.5919
38588.3  -4.2421  0.5916
38600.4  -4.2738  0.5912
38612.4  -4.3067  0.5909
38624.4  -4.3410  0.5906
38636.4  -4.3767  0.5902
38648.5  -4.4141  0.5899
38660.5  -4.4531  0.5895
38672.6  -4.4940  0.5892
38684.7  -4.5370  0.5889
38696.7  -4.5822  0.5885
38708.8  -4.6300  0.5882
38720.9  -4.6806  0.5879
38733  -4.7344  0.5875
38745.1  -4.7918  0.5872
38757.2  -4.8532  0.5869
38769.3  -4.9193  0.5865
38781.5  -4.9908  0.5862
38793.6  -5.0687  0.5858
38805.7  -5.1543  0.5855
38817.9  -5.2490  0.5852
38830  -5.3552  0.5848
38842.2  -5.4759  0.5845
38854.4  -5.6157  0.5842
38866.6  -5.7815  0.5838
38878.8  -5.9851  0.5835
38890.9  -6.2490  0.5832
38903.2  -6.6235  0.5828
38915.4  -7.2735  0.5825
38927.6  -10.2015  3.4625
38939.8  -7.2025  3.4608
38952  -6.5817  3.4591
38964.3  -6.2132  3.4573
38976.5  -5.9499  3.4556
38988.8  -5.7447  3.4539
39001.1  -5.5763  3.4522
39013.3  -5.4336  3.4504
39025.6  -5.3096  3.4487
39037.9  -5.1999  3.4470
39050.2  -5.1016  3.4453
39062.5  -5.0125  3.4435
39074.8  -4.9310  3.4418
39087.1  -4.8558  3.4401
39099.4  -4.7861  3.4384
39111.8  -4.7211  3.4367
39124.1  -4.6602  3.4349
39136.5  -4.6029  3.4332
39148.8  -4.5488  3.4315
39161.2  -4.4975  3.4298
39173.6  -4.4488  3.4281
39185.9  -4.4023  3.4263
39198.3  -4.3580  3.4246
39210.7  -4.3156  3.4229
39223.1  -4.2749  3.4212
39235.6  -4.2359  3.4195
39248  -4.1983  3.4177
39260.4  -4.1621  3.4160
39272.8  -4.1272  3.4143
39285.3  -4.0934  3.4126
39297.7  -4.0608  3.4109
39310.2  -4.0292  3.4091
39322.7  -3.9985  3.4074
39335.1  -3.9688  3.4057
39347.6  -3.9399  3.4040
39360.1  -3.9118  3.4023
39372.6  -3.8845  3.4006
39385.1  -3.8579  3.3988
39397.6  -3.8320  3.3971
39410.2  -3.8067  3.3954
39422.7  -3.7820  3.3937
39435.2  -3.7580  3.3920
39447.8  -3.7344  3.3903
39460.3  -3.7114  3.3885
39472.9  -3.6890  3.3868
39485.5  -3.6669  3.3851
39498  -3.6454  3.3834
39510.6  -3.6243  3.3817
39523.2  -3.6036  3.3800
39535.8  -3.5834  3.3782
39548.4  -3.5635  3.3765
39561.1  -3.5440  3.3748
39573.7  -3.5248  3.3731
39586.3  -3.5061  3.3714
39599  -3.4876  3.3697
39611.6  -3.4695  3.3680
39624.3  -3.4516  3.3662
39636.9  -3.4341  3.3645
39649.6  -3.4169  3.3628
39662.3  -3.3999  3.3611
39675  -3.3832  3.3594
39687.7  -3.3668  3.3577
39700.4  -3.3506  3.3560
39713.1  -3.3347  3.3543
39725.8  -3.3190  3.3525
39738.6  -3.3036  3.3508
39751.3  -3.2883  3.3491
39764.1  -3.2733  3.3474
39776.8  -3.2585  3.3457
39789.6  -3.2439  3.3440
39802.4  -3.2295  3.3423
39815.1  -3.2153  3.3406
39827.9  -3.2013  3.3389
39840.7  -3.1875  3.3371
39853.5  -3.1738  3.3354
39866.3  -3.1603  3.3337
39879.2  -3.1470  3.3320
39892  -3.1339  3.3303
39904.8  -3.1209  3.3286
39917.7  -3.1081  3.3269
39930.5  -3.0954  3.3252
39943.4  -3.0829  3.3235
39956.3  -3.0705  3.3218
39969.2  -3.0582  3.3201
39982.1  -3.0461  3.3183
39994.9  -3.0342  3.3166
40007.9  -3.0223  3.3149
40020.8  -3.0106  3.3132
40033.7  -2.9990  3.3115
40046.6  -2.9876  3.3098
40059.6  -2.9763  3.3081
40072.5  -2.9650  3.3064
40085.5  -2.9539  3.3047
40098.4  -2.9429  3.3030
40111.4  -2.9321  3.3013
40124.4  -2.9213  3.2996
40137.4  -2.9106  3.2979
40150.4  -2.9001  3.2962
40163.4  -2.8896  3.2945
40176.4  -2.8793  3.2928
40189.4  -2.8690  3.2911
40202.4  -2.8589  3.2893
40215.5  -2.8488  3.2876
40228.5  -2.8388  3.2859
40241.6  -2.8289  3.2842
40254.7  -2.8191  3.2825
40267.7  -2.8094  3.2808
40280.8  -2.7998  3.2791
40293.9  -2.7903  3.2774
40307  -2.7808  3.2757
40320.1  -2.7715  3.2740
40333.2  -2.7622  3.2723
40346.4  -2.7530  3.2706
40359.5  -2.7438  3.2689
40372.6  -2.7348  3.2672
40385.8  -2.7258  3.2655
40398.9  -2.7169  3.2638
40412.1  -2.7080  3.2621
40425.3  -2.6993  3.2604
40438.5  -2.6906  3.2587
40451.7  -2.6819  3.2570
40464.9  -2.6734  3.2553
40478.1  -2.6649  3.2536
40491.3  -2.6565  3.2519
40504.5  -2.6481  3.2502
40517.8  -2.6398  3.2485
40531  -2.6316  3.2468
40544.3  -2.6234  3.2451
40557.5  -2.6153  3.2434
40570.8  -2.6072  3.2417
40584.1  -2.5992  3.2400
40597.4  -2.5913  3.2383
40610.7  -2.5834  3.2366
40624  -2.5756  3.2349
40637.3  -2.5678  3.2332
40650.6  -2.5601  3.2315
41328.1  -2.2284  3.1464
42753.2  -1.7700  2.9777
44280.1  -1.4509  2.8118
45920.1  -1.2103  2.6489
47686.3  -1.0215  2.4889
49593.7  -0.8699  2.3321
51660.1  -0.7462  2.1784
53906.2  -0.6464  2.0279
56356.5  -0.5657  1.8811
59040.2  -0.5011  1.7380
61992.2  -0.4505  1.5987
65254.9  -0.4122  1.4634
68880.2  -0.3846  1.3324
72932  -0.3668  1.2057
77490.2  -0.3578  1.0836
82656.2  -0.3515  0.9646
88560.2  -0.3577  0.8500
95372.6  -0.3723  0.7421
103320  -0.3929  0.6409
112713  -0.4183  0.5464
123984  -0.4477  0.4589
