4020.37  -5.4627  0.4309
4020.51  -5.4709  0.4309
4020.64  -5.4791  0.4309
4020.77  -5.4874  0.4308
4020.9  -5.4957  0.4308
4021.03  -5.5041  0.4308
4021.16  -5.5125  0.4308
4021.29  -5.5211  0.4307
4021.42  -5.5297  0.4307
4021.55  -5.5383  0.4307
4021.68  -5.5470  0.4307
4021.81  -5.5558  0.4306
4021.94  -5.5647  0.4306
4022.07  -5.5737  0.4306
4022.2  -5.5827  0.4306
4022.33  -5.5918  0.4305
4022.46  -5.6010  0.4305
4022.59  -5.6102  0.4305
4022.72  -5.6195  0.4305
4022.85  -5.6289  0.4304
4022.98  -5.6384  0.4304
4023.11  -5.6480  0.4304
4023.25  -5.6577  0.4304
4023.38  -5.6674  0.4303
4023.51  -5.6772  0.4303
4023.64  -5.6872  0.4303
4023.77  -5.6972  0.4303
4023.9  -5.7073  0.4302
4024.03  -5.7175  0.4302
4024.16  -5.7278  0.4302
4024.29  -5.7382  0.4302
4024.42  -5.7487  0.4301
4024.55  -5.7593  0.4301
4024.68  -5.7700  0.4301
4024.81  -5.7808  0.4301
4024.94  -5.7917  0.4300
4025.07  -5.8027  0.4300
4025.2  -5.8138  0.4300
4025.34  -5.8251  0.4300
4025.47  -5.8364  0.4299
4025.6  -5.8479  0.4299
4025.73  -5.8595  0.4299
4025.86  -5.8713  0.4299
4025.99  -5.8831  0.4298
4026.12  -5.8951  0.4298
4026.25  -5.9072  0.4298
4026.38  -5.9195  0.4298
4026.51  -5.9318  0.4297
4026.64  -5.9444  0.4297
4026.77  -5.9570  0.4297
4026.9  -5.9698  0.4297
4027.03  -5.9828  0.4296
4027.17  -5.9959  0.4296
4027.3  -6.0092  0.4296
4027.43  -6.0227  0.4296
4027.56  -6.0363  0.4295
4027.69  -6.0500  0.4295
4027.82  -6.0640  0.4295
4027.95  -6.0781  0.4295
4028.08  -6.0924  0.4294
4028.21  -6.1069  0.4294
4028.34  -6.1216  0.4294
4028.47  -6.1365  0.4294
4028.6  -6.1516  0.4293
4028.74  -6.1669  0.4293
4028.87  -6.1824  0.4293
4029  -6.1981  0.4293
4029.13  -6.2141  0.4292
4029.26  -6.2303  0.4292
4029.39  -6.2467  0.4292
4029.52  -6.2634  0.4292
4029.65  -6.2803  0.4291
4029.78  -6.2975  0.4291
4029.91  -6.3149  0.4291
4030.05  -6.3327  0.4291
4030.18  -6.3507  0.4290
4030.31  -6.3690  0.4290
4030.44  -6.3876  0.4290
4030.57  -6.4066  0.4290
4030.7  -6.4258  0.4289
4030.83  -6.4454  0.4289
4030.96  -6.4654  0.4289
4031.09  -6.4857  0.4289
4031.22  -6.5064  0.4288
4031.36  -6.5275  0.4288
4031.49  -6.5490  0.4288
4031.62  -6.5709  0.4288
4031.75  -6.5932  0.4287
4031.88  -6.6160  0.4287
4032.01  -6.6393  0.4287
4032.14  -6.6630  0.4287
4032.27  -6.6873  0.4286
4032.4  -6.7121  0.4286
4032.54  -6.7375  0.4286
4032.67  -6.7634  0.4286
4032.8  -6.7900  0.4285
4032.93  -6.8172  0.4285
4033.06  -6.8451  0.4285
4033.19  -6.8737  0.4285
4033.32  -6.9030  0.4284
4033.45  -6.9331  0.4284
4033.59  -6.9640  0.4284
4033.72  -6.9959  0.4284
4033.85  -7.0286  0.4283
4033.98  -7.0623  0.4283
4034.11  -7.0970  0.4283
4034.24  -7.1329  0.4283
4034.37  -7.1699  0.4282
4034.5  -7.2082  0.4282
4034.64  -7.2478  0.4282
4034.77  -7.2888  0.4282
4034.9  -7.3314  0.4281
4035.03  -7.3757  0.4281
4035.16  -7.4217  0.4281
4035.29  -7.4697  0.4281
4035.42  -7.5198  0.4280
4035.55  -7.5722  0.4280
4035.69  -7.6272  0.4280
4035.82  -7.6849  0.4280
4035.95  -7.7457  0.4279
4036.08  -7.8099  0.4279
4036.21  -7.8780  0.4279
4036.34  -7.9504  0.4279
4036.47  -8.0277  0.4278
4036.61  -8.1107  0.4278
4036.74  -8.2001  0.4278
4036.87  -8.2971  0.4278
4037  -8.4031  0.4277
4037.13  -8.5200  0.4277
4037.26  -8.6501  0.4277
4037.39  -8.7969  0.4277
4037.53  -8.9654  0.4276
4037.66  -9.1629  0.4276
4037.79  -9.4016  0.4276
4037.92  -9.7033  0.4276
4038.05  -10.1135  0.4275
4038.18  -10.7570  0.4275
4038.31  -12.3490  0.4275
4038.45  -11.5794  4.0569
4038.58  -10.5183  4.0566
4038.71  -9.9743  4.0564
4038.84  -9.6056  4.0561
4038.97  -9.3263  4.0559
4039.1  -9.1014  4.0556
4039.24  -8.9131  4.0554
4039.37  -8.7511  4.0551
4039.5  -8.6089  4.0549
4039.63  -8.4823  4.0546
4039.76  -8.3680  4.0544
4039.89  -8.2640  4.0541
4040.03  -8.1685  4.0539
4040.16  -8.0803  4.0536
4040.29  -7.9982  4.0534
4040.42  -7.9216  4.0532
4040.55  -7.8496  4.0529
4040.68  -7.7819  4.0527
4040.82  -7.7178  4.0524
4040.95  -7.6571  4.0522
4041.08  -7.5994  4.0519
4041.21  -7.5443  4.0517
4041.34  -7.4918  4.0514
4041.47  -7.4415  4.0512
4041.61  -7.3933  4.0509
4041.74  -7.3469  4.0507
4041.87  -7.3024  4.0504
4042  -7.2594  4.0502
4042.13  -7.2180  4.0499
4042.26  -7.1780  4.0497
4042.4  -7.1393  4.0495
4042.53  -7.1018  4.0492
4042.66  -7.0655  4.0490
4042.79  -7.0303  4.0487
4042.92  -6.9961  4.0485
4043.06  -6.9628  4.0482
4043.19  -6.9305  4.0480
4043.32  -6.8990  4.0477
4043.45  -6.8684  4.0475
4043.58  -6.8385  4.0472
4043.71  -6.8093  4.0470
4043.85  -6.7809  4.0467
4043.98  -6.7531  4.0465
4044.11  -6.7260  4.0463
4044.24  -6.6995  4.0460
4044.37  -6.6735  4.0458
4044.51  -6.6481  4.0455
4044.64  -6.6233  4.0453
4044.77  -6.5989  4.0450
4044.9  -6.5750  4.0448
4045.03  -6.5516  4.0445
4045.17  -6.5287  4.0443
4045.3  -6.5062  4.0440
4045.43  -6.4841  4.0438
4045.56  -6.4624  4.0435
4045.69  -6.4411  4.0433
4045.83  -6.4202  4.0431
4045.96  -6.3996  4.0428
4046.09  -6.3794  4.0426
4046.22  -6.3596  4.0423
4046.35  -6.3400  4.0421
4046.49  -6.3208  4.0418
4046.62  -6.3018  4.0416
4046.75  -6.2832  4.0413
4046.88  -6.2649  4.0411
4047.01  -6.2468  4.0408
4047.15  -6.2290  4.0406
4047.28  -6.2114  4.0404
4047.41  -6.1941  4.0401
4047.54  -6.1771  4.0399
4047.68  -6.1603  4.0396
4047.81  -6.1437  4.0394
4047.94  -6.1274  4.0391
4048.07  -6.1113  4.0389
4048.2  -6.0954  4.0386
4048.34  -6.0796  4.0384
4048.47  -6.0641  4.0381
4048.6  -6.0488  4.0379
4048.73  -6.0337  4.0377
4048.87  -6.0188  4.0374
4049  -6.0041  4.0372
4049.13  -5.9895  4.0369
4049.26  -5.9751  4.0367
4049.39  -5.9609  4.0364
4049.53  -5.9469  4.0362
4049.66  -5.9330  4.0359
4049.79  -5.9192  4.0357
4049.92  -5.9057  4.0354
4050.06  -5.8922  4.0352
4050.19  -5.8790  4.0349
4050.32  -5.8658  4.0347
4050.45  -5.8528  4.0345
4050.58  -5.8400  4.0342
4050.72  -5.8273  4.0340
4050.85  -5.8147  4.0337
4050.98  -5.8022  4.0335
4051.11  -5.7899  4.0332
4051.25  -5.7777  4.0330
4051.38  -5.7656  4.0327
4051.51  -5.7537  4.0325
4051.64  -5.7418  4.0323
4051.78  -5.7301  4.0320
4051.91  -5.7185  4.0318
4052.04  -5.7069  4.0315
4052.17  -5.6956  4.0313
4052.31  -5.6843  4.0310
4052.44  -5.6731  4.0308
4052.57  -5.6620  4.0305
4052.7  -5.6510  4.0303
4052.84  -5.6401  4.0300
4052.97  -5.6293  4.0298
4053.1  -5.6186  4.0296
4053.23  -5.6080  4.0293
4053.37  -5.5975  4.0291
4053.5  -5.5871  4.0288
4053.63  -5.5767  4.0286
4053.76  -5.5665  4.0283
4053.9  -5.5563  4.0281
4054.03  -5.5463  4.0278
4054.16  -5.5363  4.0276
4054.29  -5.5264  4.0273
4054.43  -5.5165  4.0271
4054.56  -5.5068  4.0269
4054.69  -5.4971  4.0266
4054.82  -5.4875  4.0264
4054.96  -5.4780  4.0261
4055.09  -5.4685  4.0259
4055.22  -5.4591  4.0256
4055.35  -5.4498  4.0254
4055.49  -5.4406  4.0251
4055.62  -5.4314  4.0249
4055.75  -5.4223  4.0247
4055.88  -5.4133  4.0244
4056.02  -5.4043  4.0242
4056.15  -5.3954  4.0239
4056.28  -5.3866  4.0237
4056.42  -5.3778  4.0234
4056.55  -5.3691  4.0232
4056.68  -5.3605  4.0229
4056.81  -5.3519  4.0227
4056.95  -5.3433  4.0225
4057.08  -5.3349  4.0222
4290.12  -2.1747  3.6453
4305.01  -2.1026  3.6256
4320.01  -2.0339  3.6060
4335.12  -1.9684  3.5864
4350.33  -1.9058  3.5668
4365.65  -1.8459  3.5472
4381.07  -1.7883  3.5277
4396.61  -1.7330  3.5082
4412.25  -1.6798  3.4887
4428.01  -1.6285  3.4692
4443.88  -1.5790  3.4498
4459.87  -1.5312  3.4304
4475.97  -1.4850  3.4110
4492.19  -1.4403  3.3916
4508.52  -1.3970  3.3723
4524.98  -1.3550  3.3530
4541.55  -1.3142  3.3337
4558.25  -1.2746  3.3145
4575.07  -1.2362  3.2953
4592.01  -1.1988  3.2761
4609.08  -1.1625  3.2569
4626.28  -1.1271  3.2378
4643.61  -1.0926  3.2187
4661.07  -1.0590  3.1996
4678.65  -1.0263  3.1805
4696.38  -0.9944  3.1615
4714.23  -0.9632  3.1425
4732.23  -0.9328  3.1235
4750.36  -0.9031  3.1046
4768.63  -0.8742  3.0857
4787.04  -0.8458  3.0668
4805.59  -0.8182  3.0480
4824.29  -0.7911  3.0291
4843.14  -0.7647  3.0103
4862.13  -0.7388  2.9916
4881.27  -0.7135  2.9728
4900.57  -0.6888  2.9541
4920.01  -0.6645  2.9355
4939.62  -0.6408  2.9168
4959.37  -0.6176  2.8982
4979.29  -0.5948  2.8796
4999.37  -0.5726  2.8611
5019.61  -0.5507  2.8426
5040.01  -0.5294  2.8241
5060.59  -0.5084  2.8056
5081.33  -0.4879  2.7872
5102.24  -0.4678  2.7688
5123.32  -0.4481  2.7504
5144.58  -0.4287  2.7321
5166.01  -0.4098  2.7138
5187.63  -0.3912  2.6956
5209.43  -0.3730  2.6773
5231.41  -0.3551  2.6591
5253.57  -0.3368  2.6410
5275.93  -0.3196  2.6228
5298.48  -0.3028  2.6047
5321.22  -0.2862  2.5866
5344.15  -0.2700  2.5685
5367.29  -0.2541  2.5505
5390.62  -0.2385  2.5325
5414.16  -0.2233  2.5145
5437.91  -0.2083  2.4966
5461.87  -0.1935  2.4787
5486.03  -0.1791  2.4609
5510.42  -0.1649  2.4431
5535.02  -0.1511  2.4253
5559.84  -0.1374  2.4075
5584.88  -0.1241  2.3898
5610.15  -0.1110  2.3722
5635.65  -0.0981  2.3545
5661.39  -0.0855  2.3369
5687.36  -0.0731  2.3194
5713.56  -0.0610  2.3019
5740.02  -0.0491  2.2844
5766.71  -0.0375  2.2670
5793.66  -0.0260  2.2496
5820.86  -0.0148  2.2322
5848.32  -0.0038  2.2149
5876.04  0.0069  2.1976
5904.02  0.0175  2.1803
5932.27  0.0279  2.1631
5960.79  0.0380  2.1460
5989.58  0.0479  2.1288
6018.66  0.0577  2.1117
6048.02  0.0672  2.0947
6077.66  0.0765  2.0777
6107.6  0.0857  2.0607
6137.84  0.0947  2.0438
6168.38  0.1034  2.0269
6199.22  0.1120  2.0101
6230.37  0.1204  1.9933
6261.84  0.1286  1.9765
6293.62  0.1367  1.9598
6325.73  0.1445  1.9431
6358.17  0.1522  1.9265
6390.95  0.1598  1.9099
6424.06  0.1671  1.8934
6457.52  0.1743  1.8769
6491.33  0.1813  1.8604
6525.49  0.1885  1.8440
6560.02  0.1952  1.8276
6594.91  0.2018  1.8113
6630.18  0.2082  1.7950
6665.82  0.2144  1.7788
6701.86  0.2205  1.7626
6738.28  0.2264  1.7464
6775.1  0.2321  1.7303
6812.33  0.2377  1.7143
6849.96  0.2432  1.6983
6888.02  0.2485  1.6823
6926.5  0.2537  1.6664
6965.41  0.2587  1.6505
7004.77  0.2636  1.6347
7044.57  0.2684  1.6190
7084.82  0.2730  1.6032
7125.54  0.2774  1.5876
7166.73  0.2818  1.5719
7208.39  0.2860  1.5564
7250.55  0.2901  1.5408
7293.2  0.2940  1.5254
7336.35  0.2978  1.5099
7380.02  0.3015  1.4946
7424.21  0.3050  1.4792
7468.94  0.3085  1.4640
7514.2  0.3118  1.4487
7560.02  0.3150  1.4336
7606.4  0.3180  1.4184
7653.35  0.3210  1.4034
7700.89  0.3238  1.3884
7749.02  0.3265  1.3734
7797.76  0.3290  1.3585
7847.11  0.3315  1.3436
7897.09  0.3339  1.3288
7947.71  0.3361  1.3141
7998.99  0.3382  1.2994
8050.93  0.3402  1.2847
8103.55  0.3427  1.2701
8156.86  0.3445  1.2556
8210.88  0.3461  1.2411
8265.62  0.3477  1.2267
8321.1  0.3491  1.2123
8377.32  0.3504  1.1980
8434.31  0.3516  1.1838
8492.08  0.3527  1.1696
8550.64  0.3537  1.1554
8610.02  0.3546  1.1414
8670.23  0.3553  1.1274
8731.29  0.3560  1.1134
8793.22  0.3566  1.0995
8856.02  0.3571  1.0857
8919.74  0.3575  1.0719
8984.37  0.3581  1.0581
9049.95  0.3585  1.0444
9116.5  0.3588  1.0307
9184.03  0.3590  1.0171
9252.56  0.3590  1.0035
9322.13  0.3589  0.9900
9392.75  0.3587  0.9766
9464.45  0.3584  0.9633
9537.26  0.3580  0.9500
9611.19  0.3575  0.9369
9686.28  0.3569  0.9237
9762.55  0.3562  0.9107
9840.03  0.3554  0.8977
9918.75  0.3545  0.8848
9998.74  0.3535  0.8720
10080  0.3524  0.8592
10162.7  0.3512  0.8466
10246.6  0.3500  0.8340
10332  0.3486  0.8214
10418.9  0.3472  0.8090
10507.1  0.3457  0.7966
10597  0.3441  0.7843
10688.3  0.3425  0.7721
10781.2  0.3407  0.7599
10875.8  0.3389  0.7478
10972.1  0.3370  0.7359
11070  0.3350  0.7239
11169.8  0.3330  0.7121
11271.3  0.3309  0.7003
11374.7  0.3287  0.6886
11480  0.3264  0.6770
11587.3  0.3241  0.6655
11696.6  0.3217  0.6541
11808  0.3193  0.6427
11921.6  0.3167  0.6314
12037.3  0.3141  0.6202
12155.3  0.3115  0.6091
12275.7  0.3087  0.5980
12398.4  0.3060  0.5871
12523.7  0.3031  0.5762
12651.5  0.3002  0.5654
12781.9  0.2972  0.5547
12915  0.2942  0.5441
13051  0.2911  0.5335
13189.8  0.2880  0.5231
13331.6  0.2848  0.5127
13476.6  0.2815  0.5024
13624.7  0.2782  0.4922
13776  0.2749  0.4821
13930.8  0.2715  0.4721
14089.1  0.2680  0.4621
14251.1  0.2645  0.4523
14416.8  0.2609  0.4425
14586.4  0.2573  0.4328
14760  0.2537  0.4233
14937.9  0.2500  0.4138
15120  0.2462  0.4044
15306.7  0.2425  0.3950
15498  0.2386  0.3858
15694.2  0.2348  0.3767
15895.4  0.2309  0.3677
16101.9  0.2269  0.3587
16313.7  0.2229  0.3499
16531.2  0.2189  0.3411
16754.6  0.2149  0.3324
16984.2  0.2108  0.3239
17220  0.2066  0.3154
17462.6  0.2025  0.3070
17712  0.1994  0.2987
17968.7  0.1951  0.2905
18233  0.1908  0.2823
18505.1  0.1864  0.2743
18785.5  0.1821  0.2664
19074.5  0.1777  0.2586
19372.6  0.1733  0.2509
19680.1  0.1689  0.2433
19997.5  0.1644  0.2358
20325.3  0.1599  0.2284
20664.1  0.1554  0.2211
21014.3  0.1509  0.2139
21376.6  0.1464  0.2069
21751.6  0.1419  0.1999
22140.1  0.1374  0.1931
22542.6  0.1328  0.1863
22960.1  0.1283  0.1797
23393.3  0.1237  0.1732
23843.1  0.1191  0.1668
24310.7  0.1146  0.1605
24796.9  0.1100  0.1543
25302.9  0.1054  0.1482
25830.1  0.1009  0.1422
26379.6  0.0963  0.1364
26953.1  0.0918  0.1306
27552.1  0.0873  0.1249
28178.3  0.0827  0.1193
28833.6  0.0782  0.1138
29520.1  0.0737  0.1084
30240.1  0.0692  0.1032
30996.1  0.0647  0.0981
31790.9  0.0602  0.0932
32627.5  0.0558  0.0883
33509.3  0.0513  0.0836
34440.1  0.0469  0.0790
35424.1  0.0425  0.0746
36466  0.0382  0.0703
37571  0.0339  0.0661
38745.1  0.0296  0.0620
39994.9  0.0254  0.0581
41328.1  0.0212  0.0542
42753.2  0.0170  0.0506
44280.1  0.0129  0.0470
45920.1  0.0089  0.0436
47686.3  0.0049  0.0403
49593.7  0.0010  0.0371
51660.1  -0.0028  0.0341
53906.2  -0.0066  0.0312
56356.5  -0.0103  0.0284
59040.2  -0.0139  0.0258
61992.2  -0.0174  0.0233
65254.9  -0.0209  0.0209
68880.2  -0.0242  0.0186
72932  -0.0275  0.0165
77490.2  -0.0306  0.0145
82656.2  -0.0336  0.0127
88560.2  -0.0366  0.0109
95372.6  -0.0394  0.0093
103320  -0.0420  0.0079
112713  -0.0445  0.0065
123984  -0.0469  0.0053
