4290.12  -5.2020  6.8094
4305.01  -5.2169  6.7732
4320.01  -5.2322  6.7370
4335.12  -5.2476  6.7009
4350.33  -5.2634  6.6648
4365.65  -5.2794  6.6288
4381.07  -5.2958  6.5928
4396.61  -5.3124  6.5569
4412.25  -5.3293  6.5211
4428.01  -5.3465  6.4853
4443.88  -5.3629  6.4496
4459.87  -5.3757  6.4138
4475.97  -5.3939  6.3782
4492.19  -5.4125  6.3425
4508.52  -5.4314  6.3070
4524.98  -5.4506  6.2715
4541.55  -5.4702  6.2360
4558.25  -5.4833  6.2006
4575.07  -5.5038  6.1652
4592.01  -5.5245  6.1299
4609.08  -5.5457  6.0946
4626.28  -5.5673  6.0594
4643.61  -5.5892  6.0242
4661.07  -5.6116  5.9891
4678.65  -5.6344  5.9541
4696.38  -5.6577  5.9191
4714.23  -5.6814  5.8842
4732.23  -5.7055  5.8493
4750.36  -5.7301  5.8145
4768.63  -5.7552  5.7798
4787.04  -5.7797  5.7451
4805.59  -5.8058  5.7105
4824.29  -5.8325  5.6760
4843.14  -5.8597  5.6415
4862.13  -5.8874  5.6071
4881.27  -5.9158  5.5727
4900.57  -5.9447  5.5385
4920.01  -5.9742  5.5042
4939.62  -6.0044  5.4701
4959.37  -6.0352  5.4360
4979.29  -6.0667  5.4020
4999.37  -6.0990  5.3680
5019.61  -6.1319  5.3341
5040.01  -6.1656  5.3003
5060.59  -6.2000  5.2665
5081.33  -6.2353  5.2328
5102.24  -6.2715  5.1992
5123.32  -6.3085  5.1656
5144.58  -6.3464  5.1321
5166.01  -6.3852  5.0987
5187.63  -6.4251  5.0653
5209.43  -6.4659  5.0320
5231.41  -6.5079  4.9988
5253.57  -6.5509  4.9656
5275.93  -6.5952  4.9325
5298.48  -6.6407  4.8995
5321.22  -6.6874  4.8665
5344.15  -6.7355  4.8336
5367.29  -6.7851  4.8008
5390.62  -6.8361  4.7681
5414.16  -6.8887  4.7354
5437.91  -6.9429  4.7028
5461.87  -6.9989  4.6702
5486.03  -7.0568  4.6377
5510.42  -7.1166  4.6053
5535.02  -7.1785  4.5730
5559.84  -7.2426  4.5408
5584.88  -7.3091  4.5086
5610.15  -7.3780  4.4764
5635.65  -7.4497  4.4444
5661.39  -7.5243  4.4124
5687.36  -7.6019  4.3805
5713.56  -7.6829  4.3487
5740.02  -7.7675  4.3169
5766.71  -7.8560  4.2852
5793.66  -7.9488  4.2536
5820.86  -8.0462  4.2221
5848.32  -8.1487  4.1906
5876.04  -8.2568  4.1592
5904.02  -8.3646  4.1278
5932.27  -8.4859  4.0965
5960.79  -8.6149  4.0652
5989.58  -8.7526  4.0340
6018.66  -8.9001  4.0029
6048.02  -9.0589  3.9719
6077.66  -9.2308  3.9410
6107.6  -9.4179  3.9101
6137.84  -9.6232  3.8793
6168.38  -9.8504  3.8486
6199.22  -10.1046  3.8180
6230.37  -10.3932  3.7874
6261.84  -10.7258  3.7570
6293.62  -11.1190  3.7266
6325.73  -11.5993  3.6963
6358.17  -12.2169  3.6661
6390.95  -13.0785  3.6359
6414.42  -14.0048  3.6145
6414.75  -14.0211  3.6142
6415.08  -14.0375  3.6139
6415.42  -14.0541  3.6136
6415.75  -14.0708  3.6133
6416.08  -14.0876  3.6130
6416.41  -14.1045  3.6127
6416.74  -14.1216  3.6124
6417.08  -14.1388  3.6121
6417.41  -14.1562  3.6118
6417.74  -14.1737  3.6115
6418.07  -14.1913  3.6112
6418.41  -14.2091  3.6109
6418.74  -14.2270  3.6106
6419.07  -14.2450  3.6103
6419.4  -14.2633  3.6100
6419.74  -14.2816  3.6097
6420.07  -14.3001  3.6094
6420.4  -14.3188  3.6091
6420.73  -14.3377  3.6088
6421.07  -14.3567  3.6085
6421.4  -14.3758  3.6082
6421.73  -14.3952  3.6079
6422.06  -14.4147  3.6076
6422.4  -14.4344  3.6073
6422.73  -14.4543  3.6070
6423.06  -14.4743  3.6067
6423.39  -14.4945  3.6064
6423.73  -14.5150  3.6061
6424.06  -14.5356  3.6058
6424.39  -14.5564  3.6055
6424.73  -14.5774  3.6052
6425.06  -14.5986  3.6049
6425.39  -14.6201  3.6046
6425.72  -14.6417  3.6043
6426.06  -14.6635  3.6040
6426.39  -14.6856  3.6037
6426.72  -14.7079  3.6034
6427.06  -14.7304  3.6031
6427.39  -14.7532  3.6028
6427.72  -14.7762  3.6025
6428.06  -14.7994  3.6022
6428.39  -14.8229  3.6019
6428.72  -14.8467  3.6016
6429.06  -14.8707  3.6013
6429.39  -14.8949  3.6010
6429.72  -14.9195  3.6007
6430.06  -14.9443  3.6004
6430.39  -14.9694  3.6000
6430.72  -14.9948  3.5997
6431.06  -15.0205  3.5994
6431.39  -15.0465  3.5991
6431.72  -15.0728  3.5988
6432.06  -15.0994  3.5985
6432.39  -15.1264  3.5982
6432.73  -15.1537  3.5979
6433.06  -15.1813  3.5976
6433.39  -15.2093  3.5973
6433.73  -15.2376  3.5970
6434.06  -15.2663  3.5967
6434.39  -15.2954  3.5964
6434.73  -15.3249  3.5961
6435.06  -15.3548  3.5958
6435.4  -15.3851  3.5955
6435.73  -15.4159  3.5952
6436.06  -15.4470  3.5949
6436.4  -15.4786  3.5946
6436.73  -15.5107  3.5943
6437.07  -15.5432  3.5940
6437.4  -15.5763  3.5937
6437.74  -15.6098  3.5934
6438.07  -15.6439  3.5931
6438.4  -15.6785  3.5928
6438.74  -15.7136  3.5925
6439.07  -15.7493  3.5922
6439.41  -15.7856  3.5919
6439.74  -15.8225  3.5916
6440.08  -15.8601  3.5913
6440.41  -15.8983  3.5910
6440.75  -15.9371  3.5907
6441.08  -15.9767  3.5904
6441.41  -16.0170  3.5901
6441.75  -16.0580  3.5898
6442.08  -16.0998  3.5895
6442.42  -16.1425  3.5892
6442.75  -16.1859  3.5889
6443.09  -16.2303  3.5886
6443.42  -16.2755  3.5883
6443.76  -16.3217  3.5880
6444.09  -16.3689  3.5877
6444.43  -16.4171  3.5874
6444.76  -16.4664  3.5871
6445.1  -16.5168  3.5868
6445.43  -16.5684  3.5865
6445.77  -16.6213  3.5862
6446.1  -16.6754  3.5859
6446.44  -16.7309  3.5856
6446.77  -16.7878  3.5853
6447.11  -16.8462  3.5850
6447.44  -16.9062  3.5847
6447.78  -16.9679  3.5844
6448.11  -17.0314  3.5841
6448.45  -17.0967  3.5838
6448.79  -17.1640  3.5835
6449.12  -17.2334  3.5832
6449.46  -17.3051  3.5829
6449.79  -17.3792  3.5826
6450.13  -17.4558  3.5823
6450.46  -17.5352  3.5820
6450.8  -17.6175  3.5817
6451.13  -17.7030  3.5814
6451.47  -17.7920  3.5811
6451.81  -17.8846  3.5808
6452.14  -17.9813  3.5805
6452.48  -18.0825  3.5802
6452.81  -18.1884  3.5799
6453.15  -18.2996  3.5796
6453.48  -18.4167  3.5793
6453.82  -18.5404  3.5790
6454.16  -18.6713  3.5787
6454.49  -18.8104  3.5784
6454.83  -18.9588  3.5781
6455.16  -19.1179  3.5778
6455.5  -19.2892  3.5775
6455.84  -19.4747  3.5772
6456.17  -19.6772  3.5769
6456.51  -19.8999  3.5766
6456.85  -20.1475  3.5763
6457.18  -20.4259  3.5760
6457.52  -20.7427  3.5757
6457.85  -21.1156  3.5754
6458.19  -21.5615  3.5751
6458.53  -22.1192  3.5748
6458.86  -22.8643  3.5745
6459.2  -23.9901  3.5742
6459.54  -26.3670  3.5739
6459.87  -26.6619  10.6266
6460.21  -24.1067  10.6254
6460.55  -22.9414  10.6243
6460.88  -22.1774  10.6231
6461.22  -21.6080  10.6219
6461.56  -21.1538  10.6207
6461.89  -20.7759  10.6196
6462.23  -20.4523  10.6184
6462.57  -20.1693  10.6172
6462.9  -19.9178  10.6161
6463.24  -19.6916  10.6149
6463.58  -19.4859  10.6137
6463.91  -19.2974  10.6125
6464.25  -19.1234  10.6114
6464.59  -18.9618  10.6102
6464.93  -18.8110  10.6090
6465.26  -18.6696  10.6079
6465.6  -18.5365  10.6067
6465.94  -18.4107  10.6055
6466.27  -18.2916  10.6043
6466.61  -18.1785  10.6032
6466.95  -18.0707  10.6020
6467.29  -17.9678  10.6008
6467.62  -17.8694  10.5997
6467.96  -17.7750  10.5985
6468.3  -17.6844  10.5973
6468.64  -17.5973  10.5962
6468.97  -17.5134  10.5950
6469.31  -17.4325  10.5938
6469.65  -17.3544  10.5927
6469.99  -17.2789  10.5915
6470.32  -17.2058  10.5903
6470.66  -17.1350  10.5891
6471  -17.0663  10.5880
6471.34  -16.9997  10.5868
6471.67  -16.9349  10.5856
6472.01  -16.8719  10.5845
6472.35  -16.8107  10.5833
6472.69  -16.7510  10.5821
6473.03  -16.6929  10.5810
6473.36  -16.6362  10.5798
6473.7  -16.5809  10.5786
6474.04  -16.5269  10.5775
6474.38  -16.4741  10.5763
6474.72  -16.4226  10.5751
6475.05  -16.3722  10.5740
6475.39  -16.3229  10.5728
6475.73  -16.2746  10.5716
6476.07  -16.2273  10.5705
6476.41  -16.1810  10.5693
6476.75  -16.1356  10.5681
6477.08  -16.0911  10.5670
6477.42  -16.0475  10.5658
6477.76  -16.0047  10.5647
6478.1  -15.9627  10.5635
6478.44  -15.9214  10.5623
6478.78  -15.8809  10.5612
6479.11  -15.8411  10.5600
6479.45  -15.8019  10.5588
6479.79  -15.7635  10.5577
6480.13  -15.7256  10.5565
6480.47  -15.6884  10.5553
6480.81  -15.6518  10.5542
6481.15  -15.6158  10.5530
6481.49  -15.5803  10.5518
6481.82  -15.5454  10.5507
6482.16  -15.5110  10.5495
6482.5  -15.4771  10.5484
6482.84  -15.4438  10.5472
6483.18  -15.4109  10.5460
6483.52  -15.3784  10.5449
6483.86  -15.3465  10.5437
6484.2  -15.3149  10.5425
6484.54  -15.2838  10.5414
6484.88  -15.2532  10.5402
6485.22  -15.2229  10.5391
6485.55  -15.1930  10.5379
6485.89  -15.1635  10.5367
6486.23  -15.1344  10.5356
6486.57  -15.1057  10.5344
6486.91  -15.0773  10.5333
6487.25  -15.0493  10.5321
6487.59  -15.0217  10.5309
6487.93  -14.9943  10.5298
6488.27  -14.9673  10.5286
6488.61  -14.9406  10.5274
6488.95  -14.9142  10.5263
6489.29  -14.8881  10.5251
6489.63  -14.8623  10.5240
6489.97  -14.8368  10.5228
6490.31  -14.8116  10.5216
6490.65  -14.7867  10.5205
6490.99  -14.7620  10.5193
6491.33  -14.7376  10.5182
6491.67  -14.7135  10.5170
6492.01  -14.6896  10.5159
6492.35  -14.6660  10.5147
6492.69  -14.6426  10.5135
6493.03  -14.6195  10.5124
6493.37  -14.5966  10.5112
6493.71  -14.5739  10.5101
6494.05  -14.5514  10.5089
6494.39  -14.5292  10.5077
6494.73  -14.5072  10.5066
6495.07  -14.4854  10.5054
6495.41  -14.4638  10.5043
6495.75  -14.4424  10.5031
6496.09  -14.4212  10.5020
6496.43  -14.4002  10.5008
6496.77  -14.3795  10.4996
6497.11  -14.3589  10.4985
6497.45  -14.3384  10.4973
6497.79  -14.3182  10.4962
6498.13  -14.2982  10.4950
6498.47  -14.2783  10.4939
6498.81  -14.2586  10.4927
6499.15  -14.2391  10.4915
6499.49  -14.2197  10.4904
6499.83  -14.2005  10.4892
6500.18  -14.1815  10.4881
6500.52  -14.1626  10.4869
6500.86  -14.1439  10.4858
6501.2  -14.1253  10.4846
6501.54  -14.1069  10.4835
6501.88  -14.0887  10.4823
6502.22  -14.0706  10.4812
6502.56  -14.0526  10.4800
6502.9  -14.0348  10.4788
6503.24  -14.0171  10.4777
6503.58  -13.9996  10.4765
6503.93  -13.9822  10.4754
6504.27  -13.9649  10.4742
6504.61  -13.9478  10.4731
6504.95  -13.9308  10.4719
6505.29  -13.9139  10.4708
6505.63  -13.8972  10.4696
6505.97  -13.8806  10.4685
6506.32  -13.8641  10.4673
6506.66  -13.8477  10.4662
6507  -13.8314  10.4650
6507.34  -13.8153  10.4638
6507.68  -13.7993  10.4627
6508.02  -13.7834  10.4615
6508.36  -13.7676  10.4604
6525.49  -13.0951  10.4030
6560.02  -12.1733  10.2892
6594.91  -11.5469  10.1769
6630.18  -11.0877  10.0659
6665.82  -10.7400  9.9564
6701.86  -10.4758  9.8482
6738.28  -10.2804  9.7414
6775.1  -10.1469  9.6359
6812.33  -10.1899  9.5462
6849.96  -10.1829  9.4579
6888.02  -10.2612  9.3699
6926.5  -10.4706  9.2821
6957.99  -10.8229  9.2112
6958.38  -10.8290  9.2103
6958.77  -10.8352  9.2095
6959.16  -10.8414  9.2086
6959.55  -10.8477  9.2077
6959.94  -10.8541  9.2068
6960.33  -10.8605  9.2060
6960.72  -10.8670  9.2051
6961.11  -10.8735  9.2042
6961.5  -10.8801  9.2033
6961.89  -10.8868  9.2025
6962.28  -10.8935  9.2016
6962.67  -10.9004  9.2007
6963.07  -10.9072  9.1998
6963.46  -10.9142  9.1990
6963.85  -10.9212  9.1981
6964.24  -10.9283  9.1972
6964.63  -10.9355  9.1963
6965.02  -10.9427  9.1955
6965.41  -10.9500  9.1946
6965.8  -10.9574  9.1937
6966.2  -10.9649  9.1929
6966.59  -10.9724  9.1920
6966.98  -10.9801  9.1911
6967.37  -10.9878  9.1902
6967.76  -10.9956  9.1894
6968.15  -11.0035  9.1885
6968.54  -11.0115  9.1876
6968.94  -11.0195  9.1867
6969.33  -11.0277  9.1859
6969.72  -11.0359  9.1850
6970.11  -11.0442  9.1841
6970.5  -11.0527  9.1832
6970.9  -11.0612  9.1824
6971.29  -11.0698  9.1815
6971.68  -11.0786  9.1806
6972.07  -11.0874  9.1797
6972.46  -11.0963  9.1789
6972.86  -11.1054  9.1780
6973.25  -11.1145  9.1771
6973.64  -11.1238  9.1763
6974.03  -11.1331  9.1754
6974.42  -11.1426  9.1745
6974.82  -11.1522  9.1736
6975.21  -11.1619  9.1728
6975.6  -11.1718  9.1719
6975.99  -11.1817  9.1710
6976.39  -11.1918  9.1701
6976.78  -11.2021  9.1693
6977.17  -11.2124  9.1684
6977.56  -11.2229  9.1675
6977.96  -11.2335  9.1666
6978.35  -11.2443  9.1658
6978.74  -11.2552  9.1649
6979.14  -11.2663  9.1640
6979.53  -11.2775  9.1632
6979.92  -11.2889  9.1623
6980.31  -11.3004  9.1614
6980.71  -11.3121  9.1605
6981.1  -11.3240  9.1597
6981.49  -11.3360  9.1588
6981.89  -11.3482  9.1579
6982.28  -11.3606  9.1570
6982.67  -11.3731  9.1562
6983.07  -11.3859  9.1553
6983.46  -11.3988  9.1544
6983.85  -11.4120  9.1535
6984.25  -11.4253  9.1527
6984.64  -11.4389  9.1518
6985.03  -11.4527  9.1509
6985.43  -11.4667  9.1501
6985.82  -11.4809  9.1492
6986.21  -11.4953  9.1483
6986.61  -11.5100  9.1474
6987  -11.5250  9.1466
6987.4  -11.5402  9.1457
6987.79  -11.5557  9.1448
6988.18  -11.5714  9.1439
6988.58  -11.5874  9.1431
6988.97  -11.6037  9.1422
6989.36  -11.6203  9.1413
6989.76  -11.6372  9.1405
6990.15  -11.6545  9.1396
6990.55  -11.6720  9.1387
6990.94  -11.6900  9.1378
6991.34  -11.7082  9.1370
6991.73  -11.7268  9.1361
6992.12  -11.7459  9.1352
6992.52  -11.7653  9.1344
6992.91  -11.7851  9.1335
6993.31  -11.8053  9.1326
6993.7  -11.8260  9.1317
6994.1  -11.8471  9.1309
6994.49  -11.8688  9.1300
6994.89  -11.8909  9.1291
6995.28  -11.9135  9.1282
6995.67  -11.9367  9.1274
6996.07  -11.9605  9.1265
6996.46  -11.9849  9.1256
6996.86  -12.0099  9.1248
6997.25  -12.0355  9.1239
6997.65  -12.0618  9.1230
6998.04  -12.0889  9.1221
6998.44  -12.1167  9.1213
6998.83  -12.1453  9.1204
6999.23  -12.1748  9.1195
6999.62  -12.2052  9.1187
7000.02  -12.2365  9.1178
7000.41  -12.2689  9.1169
7000.81  -12.3023  9.1160
7001.21  -12.3368  9.1152
7001.6  -12.3726  9.1143
7002  -12.4096  9.1134
7002.39  -12.4481  9.1126
7002.79  -12.4881  9.1117
7003.18  -12.5296  9.1108
7003.58  -12.5730  9.1099
7003.97  -12.6182  9.1091
7004.37  -12.6654  9.1082
7004.77  -12.7149  9.1073
7005.16  -12.7669  9.1065
7005.56  -12.8216  9.1056
7005.95  -12.8792  9.1047
7006.35  -12.9402  9.1038
7006.74  -13.0049  9.1030
7007.14  -13.0738  9.1021
7007.54  -13.1474  9.1012
7007.93  -13.2265  9.1004
7008.33  -13.3118  9.0995
7008.72  -13.4045  9.0986
7009.12  -13.5058  9.0977
7009.52  -13.6176  9.0969
7009.91  -13.7422  9.0960
7010.31  -13.8827  9.0951
7010.71  -14.0440  9.0943
7011.1  -14.2329  9.0934
7011.5  -14.4610  9.0925
7011.9  -14.7484  9.0916
7012.29  -15.1368  9.0908
7012.69  -15.7374  9.0899
7013.09  -17.1203  9.0890
7013.48  -16.7454  12.6384
7013.88  -15.6186  12.6371
7014.28  -15.0639  12.6357
7014.67  -14.6922  12.6343
7015.07  -14.4120  12.6330
7015.47  -14.1869  12.6316
7015.86  -13.9986  12.6302
7016.26  -13.8367  12.6288
7016.66  -13.6947  12.6275
7017.05  -13.5680  12.6261
7017.45  -13.4538  12.6247
7017.85  -13.3497  12.6234
7018.25  -13.2541  12.6220
7018.64  -13.1656  12.6206
7019.04  -13.0833  12.6193
7019.44  -13.0064  12.6179
7019.84  -12.9341  12.6165
7020.23  -12.8659  12.6152
7020.63  -12.8014  12.6138
7021.03  -12.7402  12.6124
7021.43  -12.6819  12.6110
7021.82  -12.6264  12.6097
7022.22  -12.5732  12.6083
7022.62  -12.5223  12.6069
7023.02  -12.4735  12.6056
7023.41  -12.4265  12.6042
7023.81  -12.3812  12.6028
7024.21  -12.3376  12.6015
7024.61  -12.2955  12.6001
7025.01  -12.2547  12.5987
7025.4  -12.2153  12.5974
7025.8  -12.1770  12.5960
7026.2  -12.1399  12.5946
7026.6  -12.1039  12.5933
7027  -12.0689  12.5919
7027.4  -12.0348  12.5905
7027.79  -12.0016  12.5892
7028.19  -11.9693  12.5878
7028.59  -11.9378  12.5864
7028.99  -11.9070  12.5851
7029.39  -11.8770  12.5837
7029.79  -11.8477  12.5823
7030.19  -11.8190  12.5810
7030.58  -11.7910  12.5796
7030.98  -11.7636  12.5782
7031.38  -11.7367  12.5769
7031.78  -11.7104  12.5755
7032.18  -11.6846  12.5741
7032.58  -11.6593  12.5728
7032.98  -11.6345  12.5714
7033.38  -11.6102  12.5700
7033.77  -11.5863  12.5687
7034.17  -11.5628  12.5673
7034.57  -11.5398  12.5660
7034.97  -11.5171  12.5646
7035.37  -11.4949  12.5632
7035.77  -11.4730  12.5619
7036.17  -11.4514  12.5605
7036.57  -11.4302  12.5591
7036.97  -11.4094  12.5578
7037.37  -11.3888  12.5564
7037.77  -11.3686  12.5550
7038.17  -11.3487  12.5537
7038.57  -11.3291  12.5523
7038.97  -11.3097  12.5510
7039.37  -11.2907  12.5496
7039.77  -11.2719  12.5482
7040.16  -11.2533  12.5469
7040.56  -11.2350  12.5455
7040.96  -11.2170  12.5441
7041.36  -11.1992  12.5428
7041.76  -11.1816  12.5414
7042.16  -11.1642  12.5401
7042.56  -11.1471  12.5387
7042.96  -11.1302  12.5373
7043.36  -11.1135  12.5360
7043.76  -11.0970  12.5346
7044.16  -11.0807  12.5333
7044.57  -11.0645  12.5319
7044.97  -11.0486  12.5305
7045.37  -11.0328  12.5292
7045.77  -11.0173  12.5278
7046.17  -11.0019  12.5265
7046.57  -10.9866  12.5251
7046.97  -10.9716  12.5237
7047.37  -10.9566  12.5224
7047.77  -10.9419  12.5210
7048.17  -10.9273  12.5197
7048.57  -10.9129  12.5183
7048.97  -10.8986  12.5169
7049.37  -10.8844  12.5156
7049.77  -10.8704  12.5142
7050.17  -10.8565  12.5129
7050.57  -10.8428  12.5115
7050.97  -10.8292  12.5101
7051.38  -10.8157  12.5088
7051.78  -10.8024  12.5074
7052.18  -10.7891  12.5061
7052.58  -10.7760  12.5047
7052.98  -10.7631  12.5034
7053.38  -10.7502  12.5020
7053.78  -10.7374  12.5006
7054.18  -10.7248  12.4993
7054.59  -10.7123  12.4979
7054.99  -10.6999  12.4966
7055.39  -10.6876  12.4952
7055.79  -10.6753  12.4938
7056.19  -10.6632  12.4925
7056.59  -10.6512  12.4911
7056.99  -10.6393  12.4898
7057.4  -10.6275  12.4884
7057.8  -10.6158  12.4871
7058.2  -10.6042  12.4857
7058.6  -10.5927  12.4844
7059  -10.5813  12.4830
7059.41  -10.5699  12.4816
7059.81  -10.5587  12.4803
7060.21  -10.5475  12.4789
7060.61  -10.5364  12.4776
7061.01  -10.5254  12.4762
7061.42  -10.5145  12.4749
7061.82  -10.5036  12.4735
7062.22  -10.4929  12.4722
7062.62  -10.4822  12.4708
7063.03  -10.4716  12.4694
7063.43  -10.4611  12.4681
7063.83  -10.4506  12.4667
7064.23  -10.4402  12.4654
7064.63  -10.4299  12.4640
7065.04  -10.4197  12.4627
7065.44  -10.4095  12.4613
7065.84  -10.3994  12.4600
7066.25  -10.3894  12.4586
7066.65  -10.3795  12.4573
7067.05  -10.3696  12.4559
7067.45  -10.3597  12.4546
7067.86  -10.3500  12.4532
7068.26  -10.3403  12.4518
7068.66  -10.3306  12.4505
7084.82  -9.9883  12.3965
7125.54  -9.3650  12.2624
7166.73  -8.9227  12.1297
7208.39  -8.5900  11.9982
7250.55  -8.3399  11.8680
7293.2  -8.1675  11.7391
7336.35  -8.0896  11.6115
7376.07  -8.2418  11.5012
7376.51  -8.2439  11.5001
7376.95  -8.2461  11.4989
7377.39  -8.2483  11.4978
7377.82  -8.2506  11.4966
7378.26  -8.2529  11.4955
7378.7  -8.2552  11.4943
7379.14  -8.2576  11.4932
7379.58  -8.2600  11.4921
7380.02  -8.2625  11.4909
7380.46  -8.2650  11.4898
7380.9  -8.2676  11.4886
7381.34  -8.2703  11.4875
7381.78  -8.2729  11.4864
7382.22  -8.2757  11.4852
7382.66  -8.2785  11.4841
7383.1  -8.2813  11.4829
7383.54  -8.2842  11.4818
7383.98  -8.2872  11.4807
7384.42  -8.2902  11.4795
7384.86  -8.2933  11.4784
7385.3  -8.2964  11.4772
7385.74  -8.2996  11.4761
7386.18  -8.3028  11.4749
7386.62  -8.3062  11.4738
7387.06  -8.3095  11.4727
7387.5  -8.3130  11.4715
7387.94  -8.3165  11.4704
7388.38  -8.3201  11.4692
7388.82  -8.3238  11.4681
7389.26  -8.3275  11.4670
7389.7  -8.3313  11.4658
7390.14  -8.3352  11.4647
7390.58  -8.3391  11.4635
7391.02  -8.3431  11.4624
7391.46  -8.3473  11.4613
7391.9  -8.3515  11.4601
7392.34  -8.3557  11.4590
7392.78  -8.3601  11.4578
7393.22  -8.3646  11.4567
7393.66  -8.3691  11.4555
7394.1  -8.3737  11.4544
7394.55  -8.3785  11.4533
7394.99  -8.3833  11.4521
7395.43  -8.3882  11.4510
7395.87  -8.3933  11.4498
7396.31  -8.3984  11.4487
7396.75  -8.4037  11.4476
7397.19  -8.4090  11.4464
7397.63  -8.4145  11.4453
7398.08  -8.4201  11.4441
7398.52  -8.4258  11.4430
7398.96  -8.4317  11.4419
7399.4  -8.4376  11.4407
7399.84  -8.4437  11.4396
7400.28  -8.4500  11.4384
7400.72  -8.4564  11.4373
7401.17  -8.4629  11.4362
7401.61  -8.4696  11.4350
7402.05  -8.4764  11.4339
7402.49  -8.4834  11.4327
7402.93  -8.4906  11.4316
7403.38  -8.4979  11.4305
7403.82  -8.5054  11.4293
7404.26  -8.5131  11.4282
7404.7  -8.5210  11.4270
7405.15  -8.5291  11.4259
7405.59  -8.5374  11.4248
7406.03  -8.5459  11.4236
7406.47  -8.5546  11.4225
7406.91  -8.5636  11.4213
7407.36  -8.5728  11.4202
7407.8  -8.5822  11.4191
7408.24  -8.5920  11.4179
7408.69  -8.6020  11.4168
7409.13  -8.6122  11.4156
7409.57  -8.6228  11.4145
7410.01  -8.6337  11.4134
7410.46  -8.6449  11.4122
7410.9  -8.6565  11.4111
7411.34  -8.6684  11.4099
7411.79  -8.6807  11.4088
7412.23  -8.6935  11.4077
7412.67  -8.7066  11.4065
7413.11  -8.7202  11.4054
7413.56  -8.7343  11.4042
7414  -8.7489  11.4031
7414.44  -8.7640  11.4020
7414.89  -8.7797  11.4008
7415.33  -8.7960  11.3997
7415.78  -8.8129  11.3986
7416.22  -8.8306  11.3974
7416.66  -8.8490  11.3963
7417.11  -8.8682  11.3951
7417.55  -8.8883  11.3940
7417.99  -8.9093  11.3929
7418.44  -8.9314  11.3917
7418.88  -8.9545  11.3906
7419.33  -8.9790  11.3894
7419.77  -9.0047  11.3883
7420.21  -9.0320  11.3872
7420.66  -9.0610  11.3860
7421.1  -9.0918  11.3849
7421.55  -9.1247  11.3837
7421.99  -9.1600  11.3826
7422.43  -9.1980  11.3815
7422.88  -9.2392  11.3803
7423.32  -9.2841  11.3792
7423.77  -9.3333  11.3780
7424.21  -9.3878  11.3769
7424.66  -9.4488  11.3758
7425.1  -9.5178  11.3746
7425.55  -9.5973  11.3735
7425.99  -9.6909  11.3724
7426.44  -9.8043  11.3712
7426.88  -9.9480  11.3701
7427.33  -10.1438  11.3689
7427.77  -10.4506  11.3678
7428.22  -11.1928  11.3667
7428.66  -10.8758  13.1330
7429.11  -10.3430  13.1318
7429.55  -10.0724  13.1306
7430  -9.8891  13.1294
7430.44  -9.7500  13.1282
7430.89  -9.6377  13.1271
7431.33  -9.5434  13.1259
7431.78  -9.4620  13.1247
7432.22  -9.3903  13.1235
7432.67  -9.3262  13.1223
7433.11  -9.2682  13.1211
7433.56  -9.2152  13.1199
7434.01  -9.1664  13.1187
7434.45  -9.1211  13.1175
7434.9  -9.0789  13.1163
7435.34  -9.0392  13.1151
7435.79  -9.0019  13.1140
7436.23  -8.9667  13.1128
7436.68  -8.9332  13.1116
7437.13  -8.9014  13.1104
7437.57  -8.8710  13.1092
7438.02  -8.8419  13.1080
7438.47  -8.8141  13.1068
7438.91  -8.7874  13.1056
7439.36  -8.7616  13.1044
7439.8  -8.7368  13.1032
7440.25  -8.7129  13.1020
7440.7  -8.6898  13.1008
7441.14  -8.6674  13.0997
7441.59  -8.6456  13.0985
7442.04  -8.6246  13.0973
7442.48  -8.6041  13.0961
7442.93  -8.5842  13.0949
7443.38  -8.5648  13.0937
7443.82  -8.5459  13.0925
7444.27  -8.5275  13.0913
7444.72  -8.5096  13.0901
7445.17  -8.4920  13.0889
7445.61  -8.4749  13.0877
7446.06  -8.4581  13.0866
7446.51  -8.4417  13.0854
7446.95  -8.4257  13.0842
7447.4  -8.4099  13.0830
7447.85  -8.3945  13.0818
7448.3  -8.3794  13.0806
7448.74  -8.3645  13.0794
7449.19  -8.3500  13.0782
7449.64  -8.3357  13.0770
7450.09  -8.3216  13.0758
7450.53  -8.3078  13.0746
7450.98  -8.2942  13.0735
7451.43  -8.2809  13.0723
7451.88  -8.2677  13.0711
7452.33  -8.2548  13.0699
7452.77  -8.2420  13.0687
7453.22  -8.2294  13.0675
7453.67  -8.2171  13.0663
7454.12  -8.2049  13.0651
7454.57  -8.1928  13.0639
7455.01  -8.1810  13.0627
7455.46  -8.1693  13.0615
7455.91  -8.1577  13.0604
7456.36  -8.1463  13.0592
7456.81  -8.1351  13.0580
7457.26  -8.1240  13.0568
7457.7  -8.1130  13.0556
7458.15  -8.1022  13.0544
7458.6  -8.0914  13.0532
7459.05  -8.0809  13.0520
7459.5  -8.0704  13.0508
7459.95  -8.0600  13.0496
7460.4  -8.0498  13.0484
7460.85  -8.0397  13.0473
7461.3  -8.0297  13.0461
7461.74  -8.0198  13.0449
7462.19  -8.0099  13.0437
7462.64  -8.0002  13.0425
7463.09  -7.9906  13.0413
7463.54  -7.9811  13.0401
7463.99  -7.9717  13.0389
7464.44  -7.9624  13.0377
7464.89  -7.9531  13.0365
7465.34  -7.9440  13.0354
7465.79  -7.9349  13.0342
7466.24  -7.9259  13.0330
7466.69  -7.9170  13.0318
7467.14  -7.9082  13.0306
7467.59  -7.8994  13.0294
7468.04  -7.8907  13.0282
7468.49  -7.8821  13.0270
7468.94  -7.8736  13.0258
7469.39  -7.8651  13.0246
7469.84  -7.8567  13.0234
7470.29  -7.8484  13.0223
7470.74  -7.8401  13.0211
7471.19  -7.8319  13.0199
7471.64  -7.8238  13.0187
7472.09  -7.8157  13.0175
7472.54  -7.8077  13.0163
7472.99  -7.7997  13.0151
7473.44  -7.7918  13.0139
7473.89  -7.7840  13.0127
7474.34  -7.7762  13.0115
7474.79  -7.7685  13.0104
7475.24  -7.7608  13.0092
7475.69  -7.7532  13.0080
7476.14  -7.7456  13.0068
7476.59  -7.7381  13.0056
7477.04  -7.7306  13.0044
7477.49  -7.7232  13.0032
7477.95  -7.7158  13.0020
7478.4  -7.7085  13.0008
7478.85  -7.7012  12.9996
7479.3  -7.6940  12.9985
7479.75  -7.6868  12.9973
7480.2  -7.6797  12.9961
7480.65  -7.6726  12.9949
7481.1  -7.6655  12.9937
7481.56  -7.6585  12.9925
7482.01  -7.6515  12.9913
7482.46  -7.6446  12.9901
7482.91  -7.6377  12.9889
7483.36  -7.6309  12.9877
7483.81  -7.6240  12.9866
7484.27  -7.6173  12.9854
7484.72  -7.6105  12.9842
7485.17  -7.6038  12.9830
7485.62  -7.5972  12.9818
7486.07  -7.5906  12.9806
7486.53  -7.5840  12.9794
7486.98  -7.5774  12.9782
7487.43  -7.5709  12.9770
7487.88  -7.5644  12.9758
7488.33  -7.5579  12.9747
7488.79  -7.5515  12.9735
7489.24  -7.5451  12.9723
7489.69  -7.5388  12.9711
7490.14  -7.5325  12.9699
7490.6  -7.5262  12.9687
7491.05  -7.5199  12.9675
7491.5  -7.5137  12.9663
7491.95  -7.5075  12.9651
7492.41  -7.5013  12.9640
7492.86  -7.4951  12.9628
7493.31  -7.4890  12.9616
7493.77  -7.4829  12.9604
7494.22  -7.4769  12.9592
7494.67  -7.4709  12.9580
7495.12  -7.4649  12.9568
7495.58  -7.4589  12.9556
7496.03  -7.4529  12.9544
7496.48  -7.4470  12.9532
7496.94  -7.4411  12.9521
7497.39  -7.4352  12.9509
7497.84  -7.4294  12.9497
7498.3  -7.4236  12.9485
7498.75  -7.4178  12.9473
7499.2  -7.4120  12.9461
7499.66  -7.4062  12.9449
7500.11  -7.4005  12.9437
7500.57  -7.3948  12.9425
7514.2  -7.2335  12.9069
7560.02  -6.7880  12.7881
7606.4  -6.4251  12.6694
7653.35  -6.1108  12.5509
7700.89  -5.8297  12.4326
7749.02  -5.5734  12.3144
7797.76  -5.3307  12.1963
7847.11  -5.1105  12.0775
7897.09  -4.9040  11.9590
7947.71  -4.7095  11.8408
7998.99  -4.5255  11.7228
8050.93  -4.3509  11.6051
8103.55  -4.1848  11.4876
8156.86  -4.0263  11.3704
8210.88  -3.8749  11.2535
8265.62  -3.7300  11.1369
8321.1  -3.5911  11.0205
8377.32  -3.4579  10.9045
8434.31  -3.3299  10.7887
8492.08  -3.2068  10.6732
8550.64  -3.0884  10.5580
8610.02  -2.9744  10.4431
8670.23  -2.8646  10.3285
8731.29  -2.7587  10.2143
8793.22  -2.6567  10.1003
8856.02  -2.5582  9.9866
8919.74  -2.4632  9.8730
8984.37  -2.3714  9.7591
9049.95  -2.2829  9.6456
9116.5  -2.1976  9.5326
9184.03  -2.1149  9.4199
9252.56  -2.0355  9.3077
9322.13  -1.9590  9.1959
9392.75  -1.8851  9.0845
9464.45  -1.8139  8.9735
9537.26  -1.7451  8.8630
9611.19  -1.6777  8.7529
9686.28  -1.6134  8.6433
9762.55  -1.5518  8.5340
9840.03  -1.4924  8.4252
9918.75  -1.4352  8.3169
9998.74  -1.3800  8.2090
10080  -1.3269  8.1016
10162.7  -1.2757  7.9946
10246.6  -1.2265  7.8881
10332  -1.1792  7.7820
10418.9  -1.1337  7.6764
10507.1  -1.0900  7.5713
10597  -1.0481  7.4667
10688.3  -1.0078  7.3625
10781.2  -0.9692  7.2589
10875.8  -0.9323  7.1557
10972.1  -0.8969  7.0530
11070  -0.8631  6.9508
11169.8  -0.8309  6.8491
11271.3  -0.8001  6.7478
11374.7  -0.7708  6.6471
11480  -0.7430  6.5469
11587.3  -0.7165  6.4472
11696.6  -0.6915  6.3480
11808  -0.6677  6.2494
11921.6  -0.6454  6.1512
12037.3  -0.6243  6.0536
12155.3  -0.6046  5.9565
12275.7  -0.5860  5.8600
12398.4  -0.5688  5.7639
12523.7  -0.5527  5.6684
12651.5  -0.5379  5.5735
12781.9  -0.5242  5.4791
12915  -0.5117  5.3853
13051  -0.4953  5.2917
13189.8  -0.4852  5.1987
13331.6  -0.4763  5.1063
13476.6  -0.4684  5.0145
13624.7  -0.4617  4.9232
13776  -0.4560  4.8326
13930.8  -0.4514  4.7426
14089.1  -0.4433  4.6530
14251.1  -0.4409  4.5639
14416.8  -0.4395  4.4755
14586.4  -0.4391  4.3877
14760  -0.4397  4.3005
14937.9  -0.4384  4.2138
15120  -0.4410  4.1278
15306.7  -0.4446  4.0424
15498  -0.4490  3.9576
15694.2  -0.4545  3.8736
15895.4  -0.4608  3.7902
16101.9  -0.4681  3.7075
16313.7  -0.4762  3.6255
16531.2  -0.4852  3.5441
16754.6  -0.4951  3.4635
16984.2  -0.5059  3.3836
17220  -0.5177  3.3043
17462.6  -0.5302  3.2258
17712  -0.5435  3.1481
17968.7  -0.5577  3.0710
18233  -0.5727  2.9946
18505.1  -0.5885  2.9190
18785.5  -0.6052  2.8442
19074.5  -0.6227  2.7701
19372.6  -0.6410  2.6967
19680.1  -0.6601  2.6241
19997.5  -0.6801  2.5522
20325.3  -0.7009  2.4812
20664.1  -0.7226  2.4109
21014.3  -0.7451  2.3414
21376.6  -0.7685  2.2726
21751.6  -0.7928  2.2047
22140.1  -0.8179  2.1376
22542.6  -0.8439  2.0713
22960.1  -0.8710  2.0057
23393.3  -0.8990  1.9411
23843.1  -0.9281  1.8772
24310.7  -0.9582  1.8142
24796.9  -0.9894  1.7521
25302.9  -1.0219  1.6908
25830.1  -1.0556  1.6303
26379.6  -1.0907  1.5708
26953.1  -1.1275  1.5120
27552.1  -1.1660  1.4542
28178.3  -1.2032  1.3971
28833.6  -1.2458  1.3410
29520.1  -1.2906  1.2857
30240.1  -1.3382  1.2315
30996.1  -1.3862  1.1781
31790.9  -1.4407  1.1257
32627.5  -1.4950  1.0741
33509.3  -1.5594  1.0234
34440.1  -1.6305  0.9738
35424.1  -1.7102  0.9253
36466  -1.8014  0.8778
37571  -1.9082  0.8315
38745.1  -2.0379  0.7863
39994.9  -2.2033  0.7421
41328.1  -2.4307  0.6991
42753.2  -2.7891  0.6572
43065.1  -2.8974  0.6486
43080  -2.9030  0.6482
43095  -2.9087  0.6478
43110  -2.9144  0.6474
43125  -2.9202  0.6469
43140  -2.9260  0.6465
43155  -2.9318  0.6461
43170  -2.9377  0.6457
43185.1  -2.9437  0.6453
43200.1  -2.9497  0.6449
43215.2  -2.9557  0.6445
43230.2  -2.9619  0.6441
43245.3  -2.9680  0.6437
43260.4  -2.9742  0.6433
43275.5  -2.9805  0.6429
43290.6  -2.9869  0.6424
43305.7  -2.9932  0.6420
43320.9  -2.9997  0.6416
43336  -3.0062  0.6412
43351.2  -3.0128  0.6408
43366.3  -3.0194  0.6404
43381.5  -3.0261  0.6400
43396.7  -3.0329  0.6396
43411.9  -3.0397  0.6392
43427.1  -3.0466  0.6388
43442.3  -3.0536  0.6384
43457.5  -3.0606  0.6379
43472.8  -3.0677  0.6375
43488  -3.0749  0.6371
43503.3  -3.0822  0.6367
43518.5  -3.0895  0.6363
43533.8  -3.0969  0.6359
43549.1  -3.1044  0.6355
43564.4  -3.1119  0.6351
43579.7  -3.1196  0.6347
43595.1  -3.1273  0.6343
43610.4  -3.1351  0.6339
43625.7  -3.1430  0.6335
43641.1  -3.1510  0.6331
43656.5  -3.1591  0.6327
43671.8  -3.1672  0.6323
43687.2  -3.1755  0.6318
43702.6  -3.1838  0.6314
43718  -3.1923  0.6310
43733.5  -3.2008  0.6306
43748.9  -3.2095  0.6302
43764.3  -3.2183  0.6298
43779.8  -3.2271  0.6294
43795.2  -3.2361  0.6290
43810.7  -3.2452  0.6286
43826.2  -3.2544  0.6282
43841.7  -3.2637  0.6278
43857.2  -3.2732  0.6274
43872.7  -3.2828  0.6270
43888.3  -3.2924  0.6266
43903.8  -3.3023  0.6262
43919.4  -3.3122  0.6258
43934.9  -3.3223  0.6254
43950.5  -3.3326  0.6250
43966.1  -3.3429  0.6246
43981.7  -3.3535  0.6241
43997.3  -3.3642  0.6237
44012.9  -3.3750  0.6233
44028.5  -3.3860  0.6229
44044.2  -3.3972  0.6225
44059.8  -3.4085  0.6221
44075.5  -3.4200  0.6217
44091.2  -3.4317  0.6213
44106.8  -3.4436  0.6209
44122.5  -3.4556  0.6205
44138.2  -3.4679  0.6201
44154  -3.4804  0.6197
44169.7  -3.4930  0.6193
44185.4  -3.5059  0.6189
44201.2  -3.5190  0.6185
44217  -3.5324  0.6181
44232.7  -3.5460  0.6177
44248.5  -3.5598  0.6173
44264.3  -3.5739  0.6169
44280.1  -3.5883  0.6165
44295.9  -3.6029  0.6161
44311.8  -3.6178  0.6157
44327.6  -3.6330  0.6153
44343.5  -3.6486  0.6149
44359.3  -3.6644  0.6145
44375.2  -3.6806  0.6141
44391.1  -3.6971  0.6137
44407  -3.7140  0.6133
44422.9  -3.7312  0.6129
44438.8  -3.7489  0.6125
44454.8  -3.7669  0.6121
44470.7  -3.7854  0.6117
44486.7  -3.8044  0.6113
44502.6  -3.8238  0.6109
44518.6  -3.8437  0.6105
44534.6  -3.8641  0.6101
44550.6  -3.8850  0.6097
44566.6  -3.9066  0.6093
44582.6  -3.9287  0.6089
44598.7  -3.9515  0.6085
44614.7  -3.9749  0.6081
44630.8  -3.9991  0.6077
44646.9  -4.0240  0.6073
44662.9  -4.0497  0.6069
44679  -4.0762  0.6065
44695.1  -4.1037  0.6061
44711.3  -4.1321  0.6057
44727.4  -4.1616  0.6053
44743.5  -4.1921  0.6049
44759.7  -4.2239  0.6045
44775.9  -4.2570  0.6041
44792  -4.2914  0.6037
44808.2  -4.3274  0.6033
44824.4  -4.3650  0.6029
44840.6  -4.4044  0.6025
44856.9  -4.4458  0.6021
44873.1  -4.4894  0.6017
44889.3  -4.5353  0.6013
44905.6  -4.5840  0.6009
44921.9  -4.6357  0.6005
44938.1  -4.6907  0.6001
44954.4  -4.7497  0.5997
44970.7  -4.8130  0.5993
44987.1  -4.8815  0.5989
45003.4  -4.9560  0.5985
45019.7  -5.0377  0.5981
45036.1  -5.1279  0.5977
45052.5  -5.2288  0.5973
45068.8  -5.3431  0.5969
45085.2  -5.4748  0.5965
45101.6  -5.6301  0.5962
45118  -5.8192  0.5958
45134.5  -6.0608  0.5954
45150.9  -6.3949  0.5950
45167.3  -6.9384  0.5946
45183.8  -8.5838  0.5942
45200.3  -7.2800  3.4100
45216.8  -6.5568  3.4080
45233.3  -6.1597  3.4061
45249.8  -5.8840  3.4042
45266.3  -5.6724  3.4023
45282.8  -5.5005  3.4004
45299.4  -5.3556  3.3984
45315.9  -5.2304  3.3965
45332.5  -5.1200  3.3946
45349.1  -5.0213  3.3927
45365.7  -4.9320  3.3907
45382.3  -4.8505  3.3888
45398.9  -4.7755  3.3869
45415.5  -4.7059  3.3850
45432.2  -4.6412  3.3831
45448.8  -4.5805  3.3811
45465.5  -4.5235  3.3792
45482.2  -4.4697  3.3773
45498.8  -4.4188  3.3754
45515.5  -4.3704  3.3735
45532.3  -4.3243  3.3715
45549  -4.2803  3.3696
45565.7  -4.2383  3.3677
45582.5  -4.1980  3.3658
45599.2  -4.1592  3.3639
45616  -4.1220  3.3619
45632.8  -4.0861  3.3600
45649.6  -4.0515  3.3581
45666.4  -4.0181  3.3562
45683.3  -3.9858  3.3543
45700.1  -3.9545  3.3523
45716.9  -3.9241  3.3504
45733.8  -3.8947  3.3485
45750.7  -3.8661  3.3466
45767.6  -3.8383  3.3447
45784.5  -3.8113  3.3427
45801.4  -3.7850  3.3408
45818.3  -3.7593  3.3389
45835.2  -3.7343  3.3370
45852.2  -3.7099  3.3351
45869.2  -3.6861  3.3332
45886.1  -3.6629  3.3312
45903.1  -3.6401  3.3293
45920.1  -3.6179  3.3274
45937.1  -3.5961  3.3255
45954.2  -3.5748  3.3236
45971.2  -3.5539  3.3216
45988.3  -3.5335  3.3197
46005.3  -3.5135  3.3178
46022.4  -3.4938  3.3159
46039.5  -3.4745  3.3140
46056.6  -3.4556  3.3121
46073.7  -3.4370  3.3101
46090.8  -3.4188  3.3082
46108  -3.4008  3.3063
46125.1  -3.3832  3.3044
46142.3  -3.3659  3.3025
46159.5  -3.3488  3.3006
46176.7  -3.3321  3.2986
46193.9  -3.3156  3.2967
46211.1  -3.2993  3.2948
46228.3  -3.2834  3.2929
46245.6  -3.2676  3.2910
46262.8  -3.2521  3.2891
46280.1  -3.2368  3.2871
46297.4  -3.2218  3.2852
46314.7  -3.2069  3.2833
46332  -3.1923  3.2814
46349.3  -3.1779  3.2795
46366.6  -3.1636  3.2776
46384  -3.1496  3.2757
46401.3  -3.1357  3.2737
46418.7  -3.1220  3.2718
46436.1  -3.1085  3.2699
46453.5  -3.0952  3.2680
46470.9  -3.0821  3.2661
46488.3  -3.0691  3.2642
46505.8  -3.0562  3.2623
46523.2  -3.0435  3.2603
46540.7  -3.0310  3.2584
46558.1  -3.0186  3.2565
46575.6  -3.0064  3.2546
46593.1  -2.9943  3.2527
46610.7  -2.9823  3.2508
46628.2  -2.9705  3.2489
46645.7  -2.9588  3.2469
46663.3  -2.9472  3.2450
46680.9  -2.9357  3.2431
46698.4  -2.9244  3.2412
46716  -2.9132  3.2393
46733.6  -2.9021  3.2374
46751.3  -2.8911  3.2355
46768.9  -2.8803  3.2336
46786.5  -2.8695  3.2316
46804.2  -2.8589  3.2297
46821.9  -2.8483  3.2278
46839.6  -2.8379  3.2259
46857.3  -2.8275  3.2240
46875  -2.8173  3.2221
46892.7  -2.8072  3.2202
46910.5  -2.7971  3.2183
46928.2  -2.7872  3.2164
46946  -2.7773  3.2144
46963.8  -2.7675  3.2125
46981.6  -2.7578  3.2106
46999.4  -2.7483  3.2087
47017.2  -2.7387  3.2068
47035  -2.7293  3.2049
47052.9  -2.7200  3.2030
47070.7  -2.7107  3.2011
47088.6  -2.7015  3.1992
47106.5  -2.6924  3.1973
47124.4  -2.6834  3.1953
47142.3  -2.6744  3.1934
47160.3  -2.6655  3.1915
47178.2  -2.6567  3.1896
47196.2  -2.6480  3.1877
47214.1  -2.6393  3.1858
47232.1  -2.6307  3.1839
47250.1  -2.6222  3.1820
47268.1  -2.6137  3.1801
47286.2  -2.6053  3.1782
47304.2  -2.5970  3.1763
47322.3  -2.5887  3.1743
47340.3  -2.5805  3.1724
47358.4  -2.5724  3.1705
47376.5  -2.5643  3.1686
47394.6  -2.5563  3.1667
47412.8  -2.5428  3.1648
47430.9  -2.5349  3.1628
47449  -2.5271  3.1609
47467.2  -2.5193  3.1589
47485.4  -2.5115  3.1570
47503.6  -2.5038  3.1550
47521.8  -2.4962  3.1530
47540  -2.4886  3.1511
47558.2  -2.4811  3.1491
47576.5  -2.4737  3.1472
47594.8  -2.4662  3.1452
47613  -2.4589  3.1433
47631.3  -2.4516  3.1413
47649.6  -2.4443  3.1394
47668  -2.4371  3.1374
47686.3  -2.4299  3.1354
49593.7  -1.8827  2.9418
51660.1  -1.5265  2.7520
53906.2  -1.2683  2.5661
56356.5  -1.0718  2.3844
59040.2  -0.9189  2.2069
61992.2  -0.7987  2.0339
65254.9  -0.7047  1.8655
68880.2  -0.6321  1.7020
72932  -0.5777  1.5436
77490.2  -0.5389  1.3905
82656.2  -0.5141  1.2429
88560.2  -0.5016  1.1014
95372.6  -0.4893  0.9634
103320  -0.5001  0.8327
112713  -0.5192  0.7107
123984  -0.5452  0.5976
