4290.12  -4.3993  11.8051
4305.01  -4.3965  11.7439
4320.01  -4.3939  11.6827
4335.12  -4.3915  11.6217
4350.33  -4.3767  11.5606
4365.65  -4.3748  11.4995
4381.07  -4.3732  11.4384
4396.61  -4.3719  11.3774
4412.25  -4.3707  11.3165
4428.01  -4.3698  11.2557
4443.88  -4.3691  11.1950
4459.87  -4.3687  11.1344
4475.97  -4.3685  11.0738
4492.19  -4.3685  11.0134
4508.52  -4.3688  10.9530
4524.98  -4.3693  10.8928
4541.55  -4.3700  10.8326
4558.25  -4.3710  10.7725
4575.07  -4.3722  10.7125
4592.01  -4.3736  10.6526
4609.08  -4.3753  10.5928
4626.28  -4.3772  10.5330
4643.61  -4.3793  10.4734
4661.07  -4.3817  10.4138
4678.65  -4.3844  10.3544
4696.38  -4.3873  10.2950
4714.23  -4.3904  10.2358
4732.23  -4.3938  10.1766
4750.36  -4.3974  10.1175
4768.63  -4.4013  10.0585
4787.04  -4.4054  9.9996
4805.59  -4.4051  9.9408
4824.29  -4.4098  9.8820
4843.14  -4.4147  9.8233
4862.13  -4.4199  9.7647
4881.27  -4.4253  9.7062
4900.57  -4.4310  9.6478
4920.01  -4.4369  9.5895
4939.62  -4.4432  9.5313
4959.37  -4.4497  9.4732
4979.29  -4.4564  9.4151
4999.37  -4.4634  9.3572
5019.61  -4.4708  9.2994
5040.01  -4.4783  9.2417
5060.59  -4.4862  9.1841
5081.33  -4.4943  9.1266
5102.24  -4.5027  9.0692
5123.32  -4.5114  9.0119
5144.58  -4.5204  8.9547
5166.01  -4.5297  8.8976
5187.63  -4.5393  8.8406
5209.43  -4.5491  8.7838
5231.41  -4.5593  8.7270
5253.57  -4.5697  8.6703
5275.93  -4.5805  8.6138
5298.48  -4.5916  8.5573
5321.22  -4.6030  8.5009
5344.15  -4.6147  8.4447
5367.29  -4.6267  8.3886
5390.62  -4.6391  8.3325
5414.16  -4.6517  8.2766
5437.91  -4.6648  8.2208
5461.87  -4.6781  8.1651
5486.03  -4.6918  8.1095
5510.42  -4.7058  8.0540
5535.02  -4.7202  7.9987
5559.84  -4.7350  7.9434
5584.88  -4.7501  7.8883
5610.15  -4.7656  7.8332
5635.65  -4.7815  7.7783
5661.39  -4.7977  7.7235
5687.36  -4.8143  7.6688
5713.56  -4.8314  7.6142
5740.02  -4.8488  7.5598
5766.71  -4.8666  7.5054
5793.66  -4.8849  7.4512
5820.86  -4.9036  7.3971
5848.32  -4.9227  7.3431
5876.04  -4.9423  7.2892
5904.02  -4.9623  7.2354
5932.27  -4.9828  7.1818
5960.79  -5.0038  7.1282
5989.58  -5.0252  7.0748
6018.66  -5.0472  7.0215
6048.02  -5.0697  6.9684
6077.66  -5.0926  6.9153
6107.6  -5.1162  6.8624
6137.84  -5.1402  6.8096
6168.38  -5.1649  6.7569
6199.22  -5.1901  6.7043
6230.37  -5.2159  6.6519
6261.84  -5.2424  6.5996
6293.62  -5.2694  6.5474
6325.73  -5.2971  6.4953
6358.17  -5.3255  6.4434
6390.95  -5.3546  6.3916
6424.06  -5.3844  6.3399
6457.52  -5.4144  6.2883
6491.33  -5.4457  6.2369
6525.49  -5.4779  6.1856
6560.02  -5.5108  6.1344
6594.91  -5.5446  6.0833
6630.18  -5.5773  6.0324
6665.82  -5.6130  5.9816
6701.86  -5.6496  5.9309
6738.28  -5.6872  5.8804
6775.1  -5.7259  5.8299
6812.33  -5.7657  5.7797
6849.96  -5.8039  5.7295
6888.02  -5.8461  5.6794
6926.5  -5.8895  5.6295
6965.41  -5.9342  5.5798
7004.77  -5.9802  5.5301
7044.57  -6.0277  5.4806
7084.82  -6.0768  5.4313
7125.54  -6.1274  5.3821
7166.73  -6.1797  5.3330
7208.39  -6.2338  5.2841
7250.55  -6.2897  5.2353
7293.2  -6.3477  5.1867
7336.35  -6.4078  5.1382
7380.02  -6.4702  5.0899
7424.21  -6.5351  5.0417
7468.94  -6.6022  4.9936
7514.2  -6.6725  4.9457
7560.02  -6.7458  4.8980
7606.4  -6.8223  4.8504
7653.35  -6.9024  4.8029
7700.89  -6.9863  4.7556
7749.02  -7.0744  4.7085
7797.76  -7.1671  4.6615
7847.11  -7.2648  4.6146
7897.09  -7.3681  4.5679
7947.71  -7.4775  4.5214
7998.99  -7.5939  4.4750
8050.93  -7.7181  4.4287
8103.55  -7.8511  4.3827
8156.86  -7.9941  4.3367
8210.88  -8.1488  4.2910
8265.62  -8.3171  4.2454
8321.1  -8.5014  4.1999
8377.32  -8.7050  4.1546
8434.31  -8.9323  4.1095
8492.08  -9.1885  4.0645
8550.64  -9.4839  4.0197
8610.02  -9.8306  3.9751
8670.23  -10.2503  3.9306
8731.29  -10.7814  3.8863
8793.22  -11.5043  3.8421
8856.02  -12.6373  3.7981
8856.66  -12.6526  3.7977
8857.29  -12.6679  3.7973
8857.92  -12.6833  3.7968
8858.56  -12.6989  3.7964
8859.19  -12.7146  3.7959
8859.82  -12.7303  3.7955
8860.45  -12.7463  3.7951
8861.09  -12.7623  3.7946
8861.72  -12.7785  3.7942
8862.35  -12.7947  3.7937
8862.99  -12.8112  3.7933
8863.62  -12.8277  3.7929
8864.26  -12.8444  3.7924
8864.89  -12.8612  3.7920
8865.52  -12.8782  3.7915
8866.16  -12.8953  3.7911
8866.79  -12.9125  3.7907
8867.43  -12.9299  3.7902
8868.06  -12.9475  3.7898
8868.69  -12.9652  3.7894
8869.33  -12.9830  3.7889
8869.96  -13.0010  3.7885
8870.6  -13.0192  3.7880
8871.23  -13.0375  3.7876
8871.87  -13.0560  3.7872
8872.5  -13.0746  3.7867
8873.14  -13.0934  3.7863
8873.77  -13.1124  3.7858
8874.41  -13.1316  3.7854
8875.04  -13.1510  3.7850
8875.68  -13.1705  3.7845
8876.31  -13.1902  3.7841
8876.95  -13.2101  3.7837
8877.58  -13.2303  3.7832
8878.22  -13.2506  3.7828
8878.86  -13.2711  3.7823
8879.49  -13.2918  3.7819
8880.13  -13.3127  3.7815
8880.76  -13.3338  3.7810
8881.4  -13.3552  3.7806
8882.04  -13.3768  3.7801
8882.67  -13.3986  3.7797
8883.31  -13.4206  3.7793
8883.95  -13.4429  3.7788
8884.58  -13.4654  3.7784
8885.22  -13.4882  3.7780
8885.86  -13.5112  3.7775
8886.49  -13.5345  3.7771
8887.13  -13.5580  3.7766
8887.77  -13.5818  3.7762
8888.4  -13.6059  3.7758
8889.04  -13.6303  3.7753
8889.68  -13.6550  3.7749
8890.32  -13.6799  3.7745
8890.95  -13.7052  3.7740
8891.59  -13.7308  3.7736
8892.23  -13.7567  3.7731
8892.87  -13.7829  3.7727
8893.5  -13.8094  3.7723
8894.14  -13.8363  3.7718
8894.78  -13.8636  3.7714
8895.42  -13.8912  3.7709
8896.06  -13.9192  3.7705
8896.7  -13.9476  3.7701
8897.33  -13.9763  3.7696
8897.97  -14.0055  3.7692
8898.61  -14.0351  3.7688
8899.25  -14.0651  3.7683
8899.89  -14.0955  3.7679
8900.53  -14.1264  3.7674
8901.17  -14.1577  3.7670
8901.81  -14.1896  3.7666
8902.44  -14.2219  3.7661
8903.08  -14.2547  3.7657
8903.72  -14.2881  3.7652
8904.36  -14.3220  3.7648
8905  -14.3564  3.7643
8905.64  -14.3914  3.7639
8906.28  -14.4271  3.7635
8906.92  -14.4633  3.7630
8907.56  -14.5002  3.7626
8908.2  -14.5377  3.7621
8908.84  -14.5760  3.7617
8909.48  -14.6149  3.7612
8910.12  -14.6546  3.7608
8910.76  -14.6950  3.7604
8911.4  -14.7363  3.7599
8912.04  -14.7784  3.7595
8912.68  -14.8213  3.7590
8913.32  -14.8651  3.7586
8913.97  -14.9099  3.7581
8914.61  -14.9556  3.7577
8915.25  -15.0024  3.7573
8915.89  -15.0502  3.7568
8916.53  -15.0992  3.7564
8917.17  -15.1493  3.7559
8917.81  -15.2006  3.7555
8918.45  -15.2532  3.7550
8919.1  -15.3072  3.7546
8919.74  -15.3626  3.7541
8920.38  -15.4194  3.7537
8921.02  -15.4779  3.7533
8921.66  -15.5380  3.7528
8922.3  -15.5999  3.7524
8922.95  -15.6636  3.7519
8923.59  -15.7294  3.7515
8924.23  -15.7972  3.7510
8924.87  -15.8673  3.7506
8925.52  -15.9398  3.7502
8926.16  -16.0148  3.7497
8926.8  -16.0926  3.7493
8927.44  -16.1734  3.7488
8928.09  -16.2574  3.7484
8928.73  -16.3448  3.7480
8929.37  -16.4360  3.7475
8930.02  -16.5313  3.7471
8930.66  -16.6311  3.7466
8931.3  -16.7357  3.7462
8931.95  -16.8458  3.7457
8932.59  -16.9619  3.7453
8933.23  -17.0847  3.7449
8933.88  -17.2150  3.7444
8934.52  -17.3537  3.7440
8935.16  -17.5021  3.7435
8935.81  -17.6616  3.7431
8936.45  -17.8339  3.7426
8937.1  -18.0214  3.7422
8937.74  -18.2268  3.7418
8938.39  -18.4541  3.7413
8939.03  -18.7083  3.7409
8939.67  -18.9968  3.7404
8940.32  -19.3301  3.7400
8940.96  -19.7248  3.7395
8941.61  -20.2085  3.7391
8942.25  -20.8334  3.7387
8942.9  -21.7172  3.7382
8943.54  -23.2400  3.7378
8944.19  -31.3625  10.5529
8944.83  -23.1728  10.5512
8945.48  -21.6918  10.5494
8946.12  -20.8185  10.5477
8946.77  -20.1966  10.5460
8947.42  -19.7132  10.5442
8948.06  -19.3176  10.5425
8948.71  -18.9827  10.5408
8949.35  -18.6923  10.5390
8950  -18.4359  10.5373
8950.65  -18.2064  10.5356
8951.29  -17.9986  10.5338
8951.94  -17.8088  10.5321
8952.58  -17.6340  10.5304
8953.23  -17.4722  10.5286
8953.88  -17.3214  10.5269
8954.52  -17.1803  10.5252
8955.17  -17.0477  10.5234
8955.82  -16.9226  10.5217
8956.46  -16.8042  10.5200
8957.11  -16.6918  10.5182
8957.76  -16.5849  10.5165
8958.41  -16.4829  10.5148
8959.05  -16.3854  10.5130
8959.7  -16.2920  10.5113
8960.35  -16.2025  10.5096
8961  -16.1163  10.5079
8961.64  -16.0335  10.5061
8962.29  -15.9536  10.5044
8962.94  -15.8765  10.5027
8963.59  -15.8019  10.5009
8964.24  -15.7298  10.4992
8964.88  -15.6600  10.4975
8965.53  -15.5923  10.4958
8966.18  -15.5266  10.4940
8966.83  -15.4628  10.4923
8967.48  -15.4008  10.4906
8968.13  -15.3404  10.4889
8968.77  -15.2817  10.4871
8969.42  -15.2244  10.4854
8970.07  -15.1687  10.4837
8970.72  -15.1142  10.4820
8971.37  -15.0611  10.4803
8972.02  -15.0092  10.4785
8972.67  -14.9585  10.4768
8973.32  -14.9089  10.4751
8973.97  -14.8604  10.4734
8974.62  -14.8130  10.4716
8975.27  -14.7665  10.4699
8975.92  -14.7210  10.4682
8976.57  -14.6764  10.4665
8977.22  -14.6326  10.4648
8977.87  -14.5897  10.4630
8978.52  -14.5477  10.4613
8979.17  -14.5064  10.4596
8979.82  -14.4658  10.4579
8980.47  -14.4260  10.4562
8981.12  -14.3869  10.4545
8981.77  -14.3484  10.4527
8982.42  -14.3106  10.4510
8983.07  -14.2735  10.4493
8983.72  -14.2369  10.4476
8984.37  -14.2010  10.4459
8985.02  -14.1656  10.4442
8985.68  -14.1308  10.4425
8986.33  -14.0965  10.4407
8986.98  -14.0627  10.4390
8987.63  -14.0294  10.4373
8988.28  -13.9966  10.4356
8988.93  -13.9643  10.4339
8989.58  -13.9325  10.4322
8990.24  -13.9011  10.4305
8990.89  -13.8701  10.4287
8991.54  -13.8396  10.4270
8992.19  -13.8095  10.4253
8992.84  -13.7798  10.4236
8993.5  -13.7504  10.4219
8994.15  -13.7215  10.4202
8994.8  -13.6929  10.4185
8995.45  -13.6647  10.4168
8996.11  -13.6368  10.4151
8996.76  -13.6093  10.4134
8997.41  -13.5822  10.4117
8998.07  -13.5553  10.4099
8998.72  -13.5288  10.4082
8999.37  -13.5026  10.4065
9000.02  -13.4767  10.4048
9000.68  -13.4511  10.4031
9001.33  -13.4258  10.4014
9001.99  -13.4007  10.3997
9002.64  -13.3760  10.3980
9003.29  -13.3515  10.3963
9003.95  -13.3273  10.3946
9004.6  -13.3034  10.3929
9005.25  -13.2797  10.3912
9005.91  -13.2562  10.3895
9006.56  -13.2330  10.3878
9007.22  -13.2101  10.3861
9007.87  -13.1874  10.3844
9008.53  -13.1649  10.3827
9009.18  -13.1426  10.3810
9009.84  -13.1206  10.3793
9010.49  -13.0988  10.3776
9011.15  -13.0772  10.3759
9011.8  -13.0558  10.3742
9012.46  -13.0346  10.3725
9013.11  -13.0136  10.3708
9013.77  -12.9928  10.3691
9014.42  -12.9722  10.3674
9015.08  -12.9518  10.3657
9015.73  -12.9316  10.3640
9016.39  -12.9115  10.3623
9017.04  -12.8917  10.3606
9017.7  -12.8720  10.3589
9018.35  -12.8525  10.3572
9019.01  -12.8332  10.3555
9019.67  -12.8140  10.3538
9020.32  -12.7950  10.3521
9020.98  -12.7762  10.3504
9021.64  -12.7575  10.3487
9022.29  -12.7390  10.3470
9022.95  -12.7206  10.3453
9023.61  -12.7024  10.3436
9024.26  -12.6843  10.3419
9024.92  -12.6664  10.3402
9025.58  -12.6487  10.3386
9026.23  -12.6310  10.3369
9026.89  -12.6136  10.3352
9027.55  -12.5962  10.3335
9028.21  -12.5790  10.3318
9028.86  -12.5619  10.3301
9029.52  -12.5450  10.3284
9030.18  -12.5282  10.3267
9030.84  -12.5115  10.3250
9031.49  -12.4949  10.3233
9032.15  -12.4785  10.3216
9032.81  -12.4622  10.3200
9033.47  -12.4460  10.3183
9034.13  -12.4300  10.3166
9034.78  -12.4140  10.3149
9035.44  -12.3982  10.3132
9036.1  -12.3825  10.3115
9036.76  -12.3669  10.3098
9049.95  -12.0764  10.2762
9116.5  -11.0294  10.1101
9184.03  -10.3517  9.9474
9252.56  -9.8683  9.7882
9322.13  -9.5113  9.6323
9392.75  -9.3986  9.4831
9464.45  -9.1977  9.3609
9537.26  -9.0711  9.2392
9611.19  -9.0105  9.1179
9686.28  -9.0258  8.9972
9762.55  -9.1431  8.8770
9840.03  -9.4325  8.7574
9864.3  -9.5847  8.7204
9865.08  -9.5903  8.7192
9865.87  -9.5961  8.7180
9866.65  -9.6018  8.7168
9867.44  -9.6077  8.7156
9868.22  -9.6135  8.7144
9869.01  -9.6195  8.7132
9869.79  -9.6255  8.7120
9870.58  -9.6315  8.7109
9871.36  -9.6377  8.7097
9872.15  -9.6438  8.7085
9872.94  -9.6501  8.7073
9873.72  -9.6564  8.7061
9874.51  -9.6627  8.7049
9875.3  -9.6692  8.7037
9876.08  -9.6757  8.7025
9876.87  -9.6822  8.7013
9877.66  -9.6889  8.7001
9878.44  -9.6956  8.6989
9879.23  -9.7023  8.6977
9880.02  -9.7092  8.6966
9880.81  -9.7161  8.6954
9881.59  -9.7230  8.6942
9882.38  -9.7301  8.6930
9883.17  -9.7372  8.6918
9883.96  -9.7444  8.6906
9884.74  -9.7517  8.6894
9885.53  -9.7591  8.6882
9886.32  -9.7665  8.6870
9887.11  -9.7740  8.6858
9887.9  -9.7816  8.6846
9888.69  -9.7893  8.6835
9889.47  -9.7971  8.6823
9890.26  -9.8050  8.6811
9891.05  -9.8129  8.6799
9891.84  -9.8209  8.6787
9892.63  -9.8291  8.6775
9893.42  -9.8373  8.6763
9894.21  -9.8456  8.6751
9895  -9.8540  8.6739
9895.79  -9.8625  8.6727
9896.58  -9.8712  8.6716
9897.37  -9.8799  8.6704
9898.16  -9.8887  8.6692
9898.95  -9.8976  8.6680
9899.74  -9.9067  8.6668
9900.53  -9.9158  8.6656
9901.32  -9.9251  8.6644
9902.11  -9.9345  8.6632
9902.9  -9.9440  8.6620
9903.69  -9.9536  8.6608
9904.49  -9.9633  8.6597
9905.28  -9.9732  8.6585
9906.07  -9.9832  8.6573
9906.86  -9.9933  8.6561
9907.65  -10.0035  8.6549
9908.44  -10.0139  8.6537
9909.23  -10.0245  8.6525
9910.03  -10.0352  8.6513
9910.82  -10.0460  8.6501
9911.61  -10.0570  8.6490
9912.4  -10.0681  8.6478
9913.2  -10.0794  8.6466
9913.99  -10.0908  8.6454
9914.78  -10.1024  8.6442
9915.57  -10.1142  8.6430
9916.37  -10.1261  8.6418
9917.16  -10.1383  8.6406
9917.95  -10.1506  8.6394
9918.75  -10.1631  8.6383
9919.54  -10.1758  8.6371
9920.33  -10.1887  8.6359
9921.13  -10.2017  8.6347
9921.92  -10.2150  8.6335
9922.72  -10.2286  8.6323
9923.51  -10.2423  8.6311
9924.31  -10.2562  8.6299
9925.1  -10.2704  8.6288
9925.89  -10.2849  8.6276
9926.69  -10.2995  8.6264
9927.48  -10.3145  8.6252
9928.28  -10.3297  8.6240
9929.07  -10.3451  8.6228
9929.87  -10.3609  8.6216
9930.66  -10.3769  8.6204
9931.46  -10.3933  8.6192
9932.26  -10.4099  8.6181
9933.05  -10.4269  8.6169
9933.85  -10.4441  8.6157
9934.64  -10.4618  8.6145
9935.44  -10.4798  8.6133
9936.24  -10.4981  8.6121
9937.03  -10.5169  8.6109
9937.83  -10.5360  8.6098
9938.62  -10.5555  8.6086
9939.42  -10.5755  8.6074
9940.22  -10.5959  8.6062
9941.02  -10.6168  8.6050
9941.81  -10.6382  8.6038
9942.61  -10.6601  8.6026
9943.41  -10.6825  8.6014
9944.2  -10.7055  8.6003
9945  -10.7290  8.5991
9945.8  -10.7531  8.5979
9946.6  -10.7779  8.5967
9947.4  -10.8034  8.5955
9948.19  -10.8295  8.5943
9948.99  -10.8564  8.5931
9949.79  -10.8841  8.5919
9950.59  -10.9126  8.5908
9951.39  -10.9419  8.5896
9952.19  -10.9722  8.5884
9952.99  -11.0035  8.5872
9953.78  -11.0358  8.5860
9954.58  -11.0692  8.5848
9955.38  -11.1038  8.5836
9956.18  -11.1396  8.5825
9956.98  -11.1768  8.5813
9957.78  -11.2155  8.5801
9958.58  -11.2557  8.5789
9959.38  -11.2976  8.5777
9960.18  -11.3414  8.5765
9960.98  -11.3872  8.5753
9961.78  -11.4351  8.5742
9962.58  -11.4854  8.5730
9963.38  -11.5384  8.5718
9964.18  -11.5943  8.5706
9964.99  -11.6534  8.5694
9965.79  -11.7162  8.5682
9966.59  -11.7831  8.5670
9967.39  -11.8546  8.5659
9968.19  -11.9314  8.5647
9968.99  -12.0144  8.5635
9969.79  -12.1046  8.5623
9970.59  -12.2034  8.5611
9971.4  -12.3124  8.5599
9972.2  -12.4342  8.5588
9973  -12.5718  8.5576
9973.8  -12.7301  8.5564
9974.61  -12.9162  8.5552
9975.41  -13.1420  8.5540
9976.21  -13.4287  8.5528
9977.01  -13.8215  8.5516
9977.82  -14.4468  8.5505
9978.62  -16.1068  8.5493
9979.42  -15.0725  11.9624
9980.23  -14.1280  11.9605
9981.03  -13.6287  11.9586
9981.83  -13.2866  11.9568
9982.64  -13.0259  11.9549
9983.44  -12.8151  11.9531
9984.24  -12.6380  11.9512
9985.05  -12.4852  11.9493
9985.85  -12.3508  11.9475
9986.66  -12.2308  11.9456
9987.46  -12.1224  11.9438
9988.27  -12.0235  11.9419
9989.07  -11.9326  11.9401
9989.88  -11.8484  11.9382
9990.68  -11.7700  11.9363
9991.49  -11.6967  11.9345
9992.29  -11.6278  11.9326
9993.1  -11.5628  11.9308
9993.9  -11.5012  11.9289
9994.71  -11.4428  11.9271
9995.51  -11.3872  11.9252
9996.32  -11.3342  11.9233
9997.12  -11.2835  11.9215
9997.93  -11.2348  11.9196
9998.74  -11.1882  11.9178
9999.54  -11.1433  11.9159
10000.4  -11.1001  11.9141
10001.2  -11.0584  11.9122
10002  -11.0181  11.9104
10002.8  -10.9792  11.9085
10003.6  -10.9415  11.9067
10004.4  -10.9050  11.9048
10005.2  -10.8696  11.9030
10006  -10.8351  11.9011
10006.8  -10.8017  11.8993
10007.6  -10.7692  11.8974
10008.4  -10.7375  11.8956
10009.2  -10.7066  11.8937
10010  -10.6765  11.8918
10010.8  -10.6472  11.8900
10011.7  -10.6185  11.8881
10012.5  -10.5905  11.8863
10013.3  -10.5632  11.8844
10014.1  -10.5364  11.8826
10014.9  -10.5103  11.8807
10015.7  -10.4846  11.8789
10016.5  -10.4595  11.8771
10017.3  -10.4349  11.8752
10018.1  -10.4108  11.8734
10018.9  -10.3872  11.8715
10019.7  -10.3640  11.8697
10020.6  -10.3412  11.8678
10021.4  -10.3189  11.8660
10022.2  -10.2969  11.8641
10023  -10.2754  11.8623
10023.8  -10.2542  11.8604
10024.6  -10.2333  11.8586
10025.4  -10.2128  11.8567
10026.2  -10.1926  11.8549
10027  -10.1728  11.8530
10027.9  -10.1533  11.8512
10028.7  -10.1340  11.8493
10029.5  -10.1151  11.8475
10030.3  -10.0964  11.8457
10031.1  -10.0781  11.8438
10031.9  -10.0600  11.8420
10032.7  -10.0421  11.8401
10033.5  -10.0245  11.8383
10034.3  -10.0071  11.8364
10035.2  -9.9900  11.8346
10036  -9.9731  11.8328
10036.8  -9.9564  11.8309
10037.6  -9.9400  11.8291
10038.4  -9.9237  11.8272
10039.2  -9.9077  11.8254
10040  -9.8919  11.8235
10040.8  -9.8762  11.8217
10041.7  -9.8608  11.8199
10042.5  -9.8455  11.8180
10043.3  -9.8304  11.8162
10044.1  -9.8155  11.8143
10044.9  -9.8008  11.8125
10045.7  -9.7862  11.8107
10046.5  -9.7718  11.8088
10047.4  -9.7576  11.8070
10048.2  -9.7435  11.8051
10049  -9.7296  11.8033
10049.8  -9.7158  11.8015
10050.6  -9.7022  11.7996
10051.4  -9.6887  11.7978
10052.2  -9.6753  11.7960
10053.1  -9.6621  11.7941
10053.9  -9.6491  11.7923
10054.7  -9.6361  11.7904
10055.5  -9.6233  11.7886
10056.3  -9.6106  11.7868
10057.1  -9.5981  11.7849
10057.9  -9.5856  11.7831
10058.8  -9.5733  11.7813
10059.6  -9.5611  11.7794
10060.4  -9.5490  11.7776
10061.2  -9.5370  11.7758
10062  -9.5252  11.7739
10062.8  -9.5134  11.7721
10063.7  -9.5018  11.7703
10064.5  -9.4902  11.7684
10065.3  -9.4788  11.7666
10066.1  -9.4674  11.7647
10066.9  -9.4562  11.7629
10067.8  -9.4450  11.7611
10068.6  -9.4340  11.7593
10069.4  -9.4230  11.7574
10070.2  -9.4122  11.7556
10071  -9.4014  11.7538
10071.8  -9.3907  11.7519
10072.7  -9.3801  11.7501
10073.5  -9.3696  11.7483
10074.3  -9.3592  11.7464
10075.1  -9.3489  11.7446
10075.9  -9.3386  11.7428
10076.8  -9.3284  11.7409
10077.6  -9.3183  11.7391
10078.4  -9.3083  11.7373
10079.2  -9.2984  11.7354
10080  -9.2885  11.7336
10080.8  -9.2787  11.7318
10081.7  -9.2690  11.7300
10082.5  -9.2594  11.7281
10083.3  -9.2498  11.7263
10084.1  -9.2403  11.7245
10084.9  -9.2309  11.7226
10085.8  -9.2215  11.7208
10086.6  -9.2122  11.7190
10087.4  -9.2030  11.7172
10088.2  -9.1938  11.7153
10162.7  -8.5639  11.5519
10246.6  -8.1386  11.3727
10332  -7.9125  11.1959
10367.5  -7.8860  11.1241
10368.3  -7.8860  11.1223
10369.2  -7.8860  11.1206
10370.1  -7.8861  11.1189
10370.9  -7.8862  11.1171
10371.8  -7.8864  11.1154
10372.7  -7.8865  11.1136
10373.5  -7.8868  11.1119
10374.4  -7.8870  11.1101
10375.3  -7.8873  11.1084
10376.1  -7.8877  11.1066
10377  -7.8880  11.1049
10377.9  -7.8885  11.1032
10378.7  -7.8889  11.1014
10379.6  -7.8894  11.0997
10380.5  -7.8900  11.0979
10381.3  -7.8905  11.0962
10382.2  -7.8912  11.0944
10383.1  -7.8918  11.0927
10383.9  -7.8926  11.0910
10384.8  -7.8933  11.0892
10385.7  -7.8941  11.0875
10386.6  -7.8950  11.0857
10387.4  -7.8959  11.0840
10388.3  -7.8968  11.0822
10389.2  -7.8978  11.0805
10390  -7.8989  11.0788
10390.9  -7.9000  11.0770
10391.8  -7.9011  11.0753
10392.7  -7.9006  11.0735
10393.5  -7.9025  11.0718
10394.4  -7.9038  11.0701
10395.3  -7.9052  11.0683
10396.1  -7.9066  11.0666
10397  -7.9081  11.0648
10397.9  -7.9096  11.0631
10398.8  -7.9112  11.0614
10399.6  -7.9128  11.0596
10400.5  -7.9145  11.0579
10401.4  -7.9163  11.0562
10402.2  -7.9181  11.0544
10403.1  -7.9200  11.0527
10404  -7.9219  11.0509
10404.9  -7.9240  11.0492
10405.7  -7.9260  11.0475
10406.6  -7.9282  11.0457
10407.5  -7.9304  11.0440
10408.4  -7.9327  11.0423
10409.2  -7.9351  11.0405
10410.1  -7.9375  11.0388
10411  -7.9400  11.0371
10411.9  -7.9426  11.0353
10412.7  -7.9453  11.0336
10413.6  -7.9481  11.0319
10414.5  -7.9509  11.0301
10415.4  -7.9538  11.0284
10416.2  -7.9568  11.0267
10417.1  -7.9599  11.0249
10418  -7.9631  11.0232
10418.9  -7.9664  11.0215
10419.7  -7.9698  11.0197
10420.6  -7.9732  11.0180
10421.5  -7.9768  11.0163
10422.4  -7.9805  11.0145
10423.2  -7.9843  11.0128
10424.1  -7.9882  11.0111
10425  -7.9922  11.0093
10425.9  -7.9963  11.0076
10426.7  -8.0005  11.0059
10427.6  -8.0049  11.0041
10428.5  -8.0093  11.0024
10429.4  -8.0139  11.0007
10430.2  -8.0187  10.9989
10431.1  -8.0235  10.9972
10432  -8.0285  10.9955
10432.9  -8.0337  10.9938
10433.8  -8.0390  10.9920
10434.6  -8.0444  10.9903
10435.5  -8.0500  10.9886
10436.4  -8.0558  10.9868
10437.3  -8.0617  10.9851
10438.1  -8.0679  10.9834
10439  -8.0742  10.9817
10439.9  -8.0806  10.9799
10440.8  -8.0873  10.9782
10441.7  -8.0942  10.9765
10442.5  -8.1013  10.9748
10443.4  -8.1086  10.9730
10444.3  -8.1161  10.9713
10445.2  -8.1239  10.9696
10446.1  -8.1319  10.9678
10446.9  -8.1401  10.9661
10447.8  -8.1487  10.9644
10448.7  -8.1575  10.9627
10449.6  -8.1666  10.9609
10450.5  -8.1760  10.9592
10451.3  -8.1857  10.9575
10452.2  -8.1958  10.9558
10453.1  -8.2062  10.9540
10454  -8.2169  10.9523
10454.9  -8.2281  10.9506
10455.8  -8.2397  10.9489
10456.6  -8.2517  10.9472
10457.5  -8.2642  10.9454
10458.4  -8.2772  10.9437
10459.3  -8.2907  10.9420
10460.2  -8.3047  10.9403
10461  -8.3193  10.9385
10461.9  -8.3346  10.9368
10462.8  -8.3505  10.9351
10463.7  -8.3672  10.9334
10464.6  -8.3846  10.9317
10465.5  -8.4029  10.9299
10466.3  -8.4221  10.9282
10467.2  -8.4422  10.9265
10468.1  -8.4635  10.9248
10469  -8.4859  10.9231
10469.9  -8.5096  10.9213
10470.8  -8.6108  10.9198
10471.7  -8.6376  10.9182
10472.5  -8.6661  10.9166
10473.4  -8.6967  10.9151
10474.3  -8.7296  10.9135
10475.2  -8.7651  10.9120
10476.1  -8.8036  10.9104
10477  -8.8457  10.9089
10477.8  -8.8919  10.9073
10478.7  -8.9431  10.9058
10479.6  -9.0005  10.9042
10480.5  -9.0656  10.9026
10481.4  -9.1406  10.9011
10482.3  -9.2290  10.8995
10483.2  -9.3361  10.8980
10484  -9.4719  10.8964
10484.9  -9.6562  10.8949
10485.8  -9.9428  10.8933
10486.7  -10.6067  10.8917
10487.6  -10.4136  12.5937
10488.5  -9.8717  12.5921
10489.4  -9.6036  12.5905
10490.3  -9.4231  12.5888
10491.1  -9.2864  12.5872
10492  -9.1761  12.5856
10492.9  -9.0835  12.5840
10493.8  -9.0035  12.5824
10494.7  -8.9330  12.5807
10495.6  -8.8700  12.5791
10496.5  -8.8128  12.5775
10497.4  -8.7606  12.5759
10498.3  -8.7124  12.5742
10499.1  -8.6676  12.5726
10500  -8.6258  12.5710
10500.9  -8.5865  12.5694
10501.8  -8.5495  12.5678
10502.7  -8.5145  12.5661
10503.6  -8.4812  12.5645
10504.5  -8.4495  12.5629
10505.4  -8.4192  12.5613
10506.3  -8.3902  12.5597
10507.1  -8.3624  12.5580
10508  -8.3356  12.5564
10508.9  -8.3099  12.5548
10509.8  -8.2850  12.5532
10510.7  -8.2609  12.5515
10511.6  -8.2377  12.5499
10512.5  -8.2151  12.5483
10513.4  -8.1932  12.5467
10514.3  -8.1720  12.5451
10515.2  -8.1513  12.5434
10516.1  -8.1311  12.5418
10517  -8.1115  12.5402
10517.8  -8.0924  12.5386
10518.7  -8.0737  12.5370
10519.6  -8.0555  12.5353
10520.5  -8.0376  12.5337
10521.4  -8.0202  12.5321
10522.3  -8.0031  12.5305
10523.2  -7.9864  12.5288
10524.1  -7.9700  12.5272
10525  -7.9539  12.5256
10525.9  -7.9382  12.5240
10526.8  -7.9227  12.5224
10527.7  -7.9075  12.5207
10528.6  -7.8925  12.5191
10529.5  -7.8778  12.5175
10530.4  -7.8634  12.5159
10531.2  -7.8492  12.5143
10532.1  -7.8352  12.5126
10533  -7.8214  12.5110
10533.9  -7.8079  12.5094
10534.8  -7.7945  12.5078
10535.7  -7.7813  12.5062
10536.6  -7.7683  12.5045
10537.5  -7.7555  12.5029
10538.4  -7.7429  12.5013
10539.3  -7.7304  12.4997
10540.2  -7.7181  12.4981
10541.1  -7.7060  12.4964
10542  -7.6940  12.4948
10542.9  -7.6821  12.4932
10543.8  -7.6704  12.4916
10544.7  -7.6588  12.4900
10545.6  -7.6474  12.4883
10546.5  -7.6361  12.4867
10547.4  -7.6249  12.4851
10548.3  -7.6139  12.4835
10549.2  -7.6029  12.4819
10550.1  -7.5921  12.4802
10551  -7.5814  12.4786
10551.9  -7.5708  12.4770
10552.8  -7.5603  12.4754
10553.7  -7.5499  12.4738
10554.6  -7.5396  12.4721
10555.5  -7.5294  12.4705
10556.4  -7.5193  12.4689
10557.3  -7.5093  12.4673
10558.1  -7.4994  12.4657
10559  -7.4895  12.4640
10559.9  -7.4798  12.4624
10560.8  -7.4701  12.4608
10561.7  -7.4606  12.4592
10562.6  -7.4511  12.4576
10563.5  -7.4417  12.4559
10564.4  -7.4323  12.4543
10565.3  -7.4231  12.4527
10566.2  -7.4139  12.4511
10567.1  -7.4048  12.4495
10568  -7.3957  12.4479
10568.9  -7.3868  12.4462
10569.9  -7.3779  12.4446
10570.8  -7.3690  12.4430
10571.7  -7.3602  12.4414
10572.6  -7.3515  12.4398
10573.5  -7.3429  12.4381
10574.4  -7.3343  12.4365
10575.3  -7.3258  12.4349
10576.2  -7.3173  12.4333
10577.1  -7.3089  12.4317
10578  -7.3006  12.4300
10578.9  -7.2923  12.4284
10579.8  -7.2840  12.4268
10580.7  -7.2758  12.4252
10581.6  -7.2677  12.4236
10582.5  -7.2596  12.4220
10583.4  -7.2516  12.4203
10584.3  -7.2436  12.4187
10585.2  -7.2357  12.4171
10586.1  -7.2278  12.4155
10587  -7.2199  12.4139
10587.9  -7.2121  12.4122
10588.8  -7.2044  12.4106
10589.7  -7.1967  12.4090
10590.6  -7.1890  12.4074
10591.5  -7.1814  12.4058
10592.4  -7.1739  12.4042
10593.3  -7.1663  12.4025
10594.2  -7.1588  12.4009
10595.1  -7.1514  12.3993
10596  -7.1440  12.3977
10597  -7.1366  12.3961
10597.9  -7.1293  12.3945
10598.8  -7.1220  12.3928
10599.7  -7.1148  12.3912
10600.6  -7.1075  12.3896
10601.5  -7.1004  12.3880
10602.4  -7.0932  12.3864
10603.3  -7.0861  12.3847
10604.2  -7.0791  12.3831
10605.1  -7.0720  12.3815
10606  -7.0650  12.3799
10606.9  -7.0581  12.3783
10607.8  -7.0511  12.3767
10608.7  -7.0442  12.3750
10609.6  -7.0374  12.3734
10610.6  -7.0305  12.3718
10611.5  -7.0237  12.3702
10612.4  -7.0169  12.3686
10613.3  -7.0102  12.3670
10614.2  -7.0035  12.3653
10615.1  -6.9968  12.3637
10688.3  -6.5337  12.2345
10781.2  -6.0778  12.0733
10875.8  -5.6963  11.9126
10972.1  -5.3629  11.7522
11070  -5.0535  11.5906
11169.8  -4.7825  11.4289
11271.3  -4.5338  11.2678
11374.7  -4.3038  11.1073
11480  -4.0898  10.9475
11587.3  -3.8899  10.7883
11696.6  -3.6995  10.6296
11808  -3.5233  10.4714
11921.6  -3.3573  10.3140
12037.3  -3.2005  10.1573
12155.3  -3.0522  10.0012
12275.7  -2.9117  9.8459
12398.4  -2.7786  9.6913
12523.7  -2.6523  9.5374
12651.5  -2.5324  9.3842
12781.9  -2.4185  9.2318
12915  -2.3103  9.0801
13051  -2.2033  8.9290
13189.8  -2.1057  8.7784
13331.6  -2.0130  8.6286
13476.6  -1.9250  8.4797
13624.7  -1.8414  8.3315
13776  -1.7613  8.1841
13930.8  -1.6861  8.0375
14089.1  -1.6147  7.8918
14251.1  -1.5472  7.7470
14416.8  -1.4832  7.6029
14586.4  -1.4228  7.4598
14760  -1.3658  7.3175
14937.9  -1.3120  7.1762
15120  -1.2613  7.0357
15306.7  -1.2138  6.8961
15498  -1.1692  6.7574
15694.2  -1.1274  6.6197
15895.4  -1.0885  6.4829
16101.9  -1.0523  6.3470
16313.7  -1.0187  6.2121
16531.2  -0.9877  6.0781
16754.6  -0.9593  5.9451
16984.2  -0.9332  5.8131
17220  -0.9096  5.6821
17462.6  -0.8882  5.5521
17712  -0.8692  5.4230
17968.7  -0.8494  5.2950
18233  -0.8349  5.1678
18505.1  -0.8225  5.0417
18785.5  -0.8123  4.9167
19074.5  -0.8040  4.7928
19372.6  -0.7978  4.6700
19680.1  -0.7936  4.5483
19997.5  -0.7889  4.4277
20325.3  -0.7886  4.3081
20664.1  -0.7902  4.1896
21014.3  -0.7923  4.0724
21376.6  -0.7976  3.9563
21751.6  -0.8047  3.8414
22140.1  -0.8135  3.7277
22542.6  -0.8240  3.6153
22960.1  -0.8362  3.5042
23393.3  -0.8500  3.3944
23843.1  -0.8655  3.2859
24310.7  -0.8826  3.1787
24796.9  -0.9014  3.0729
25302.9  -0.9217  2.9684
25830.1  -0.9435  2.8652
26379.6  -0.9669  2.7634
26953.1  -0.9920  2.6628
27552.1  -1.0188  2.5632
28178.3  -1.0472  2.4652
28833.6  -1.0773  2.3687
29520.1  -1.1091  2.2737
30240.1  -1.1426  2.1802
30996.1  -1.1778  2.0884
31790.9  -1.2149  1.9981
32627.5  -1.2539  1.9095
33509.3  -1.2949  1.8224
34440.1  -1.3381  1.7370
35424.1  -1.3836  1.6532
36466  -1.4317  1.5711
37571  -1.4827  1.4907
38745.1  -1.5371  1.4121
39994.9  -1.5930  1.3349
41328.1  -1.6562  1.2595
42753.2  -1.7251  1.1859
44280.1  -1.7994  1.1140
45920.1  -1.8811  1.0438
47686.3  -1.9805  0.9753
49593.7  -2.0985  0.9088
51660.1  -2.2451  0.8443
53906.2  -2.4407  0.7819
56356.5  -2.7351  0.7216
57426.7  -2.9146  0.6975
57453.4  -2.9197  0.6969
57480  -2.9248  0.6963
57506.7  -2.9300  0.6958
57533.3  -2.9352  0.6952
57560  -2.9405  0.6946
57586.8  -2.9458  0.6940
57613.5  -2.9512  0.6934
57640.3  -2.9566  0.6928
57667.1  -2.9620  0.6923
57694  -2.9675  0.6917
57720.8  -2.9730  0.6911
57747.7  -2.9786  0.6905
57774.6  -2.9843  0.6899
57801.6  -2.9900  0.6894
57828.5  -2.9957  0.6888
57855.5  -3.0015  0.6882
57882.5  -3.0073  0.6876
57909.5  -3.0132  0.6870
57936.6  -3.0192  0.6865
57963.7  -3.0252  0.6859
57990.8  -3.0313  0.6853
58017.9  -3.0374  0.6847
58045.1  -3.0436  0.6841
58072.3  -3.0498  0.6836
58099.5  -3.0561  0.6830
58126.7  -3.0625  0.6824
58154  -3.0689  0.6818
58181.3  -3.0754  0.6812
58208.6  -3.0820  0.6807
58236  -3.0886  0.6801
58263.3  -3.0953  0.6795
58290.7  -3.1021  0.6789
58318.1  -3.1089  0.6784
58345.6  -3.1158  0.6778
58373  -3.1228  0.6772
58400.5  -3.1298  0.6766
58428.1  -3.1370  0.6761
58455.6  -3.1442  0.6755
58483.2  -3.1515  0.6749
58510.8  -3.1588  0.6743
58538.4  -3.1663  0.6738
58566.1  -3.1738  0.6732
58593.7  -3.1815  0.6726
58621.4  -3.1892  0.6720
58649.2  -3.1970  0.6715
58676.9  -3.2049  0.6709
58704.7  -3.2129  0.6703
58732.5  -3.2210  0.6697
58760.4  -3.2292  0.6692
58788.2  -3.2375  0.6686
58816.1  -3.2459  0.6680
58844  -3.2544  0.6674
58872  -3.2630  0.6669
58899.9  -3.2717  0.6663
58927.9  -3.2805  0.6657
58955.9  -3.2895  0.6652
58984  -3.2986  0.6646
59012.1  -3.3078  0.6640
59040.2  -3.3171  0.6634
59068.3  -3.3266  0.6629
59096.4  -3.3362  0.6623
59124.6  -3.3459  0.6617
59152.8  -3.3558  0.6612
59181.1  -3.3658  0.6606
59209.3  -3.3760  0.6600
59237.6  -3.3863  0.6594
59265.9  -3.3968  0.6589
59294.3  -3.4074  0.6583
59322.7  -3.4182  0.6577
59351.1  -3.4292  0.6572
59379.5  -3.4404  0.6566
59407.9  -3.4517  0.6560
59436.4  -3.4632  0.6555
59464.9  -3.4750  0.6549
59493.4  -3.4869  0.6543
59522  -3.4990  0.6538
59550.6  -3.5114  0.6532
59579.2  -3.5239  0.6526
59607.9  -3.5367  0.6521
59636.5  -3.5498  0.6515
59665.2  -3.5631  0.6509
59694  -3.5766  0.6504
59722.7  -3.5904  0.6498
59751.5  -3.6045  0.6492
59780.3  -3.6188  0.6487
59809.1  -3.6335  0.6481
59838  -3.6485  0.6475
59866.9  -3.6638  0.6470
59895.8  -3.6794  0.6464
59924.8  -3.6954  0.6458
59953.7  -3.7117  0.6453
59982.7  -3.7284  0.6447
60011.8  -3.7455  0.6441
60040.8  -3.7630  0.6436
60069.9  -3.7810  0.6430
60099.1  -3.7994  0.6424
60128.2  -3.8183  0.6419
60157.4  -3.8377  0.6413
60186.6  -3.8576  0.6408
60215.8  -3.8781  0.6402
60245.1  -3.8992  0.6396
60274.4  -3.9208  0.6391
60303.7  -3.9432  0.6385
60333  -3.9662  0.6379
60362.4  -3.9900  0.6374
60391.8  -4.0145  0.6368
60421.2  -4.0399  0.6363
60450.7  -4.0662  0.6357
60480.2  -4.0934  0.6351
60509.7  -4.1217  0.6346
60539.2  -4.1510  0.6340
60568.8  -4.1815  0.6335
60598.4  -4.2133  0.6329
60628  -4.2465  0.6323
60657.7  -4.2812  0.6318
60687.4  -4.3175  0.6312
60717.1  -4.3557  0.6307
60746.9  -4.3958  0.6301
60776.6  -4.4381  0.6295
60806.4  -4.4828  0.6290
60836.3  -4.5303  0.6284
60866.1  -4.5808  0.6279
60896  -4.6347  0.6273
60926  -4.6926  0.6268
60955.9  -4.7551  0.6262
60985.9  -4.8230  0.6256
61015.9  -4.8971  0.6251
61046  -4.9787  0.6245
61076  -5.0696  0.6240
61106.1  -5.1719  0.6234
61136.3  -5.2890  0.6229
61166.4  -5.4257  0.6223
61196.6  -5.5898  0.6218
61226.8  -5.7948  0.6212
61257.1  -6.0675  0.6206
61287.4  -6.4749  0.6201
61317.7  -7.2956  0.6195
61348  -7.6861  3.2978
61378.4  -6.5952  3.2953
61408.8  -6.1287  3.2928
61439.2  -5.8270  3.2904
61469.7  -5.6032  3.2879
61500.2  -5.4250  3.2854
61530.7  -5.2768  3.2829
61561.2  -5.1498  3.2804
61591.8  -5.0387  3.2779
61622.4  -4.9399  3.2755
61653.1  -4.8509  3.2730
61683.8  -4.7699  3.2705
61714.5  -4.6956  3.2680
61745.2  -4.6269  3.2655
61776  -4.5630  3.2631
61806.8  -4.5032  3.2606
61837.6  -4.4471  3.2581
61868.4  -4.3943  3.2556
61899.3  -4.3443  3.2531
61930.2  -4.2968  3.2507
61961.2  -4.2517  3.2482
61992.2  -4.2087  3.2457
62023.2  -4.1675  3.2432
62054.2  -4.1281  3.2407
62085.3  -4.0902  3.2383
62116.4  -4.0539  3.2358
62147.5  -4.0188  3.2333
62178.7  -3.9851  3.2308
62209.9  -3.9524  3.2283
62241.1  -3.9209  3.2259
62272.4  -3.8904  3.2234
62303.7  -3.8608  3.2209
62335  -3.8321  3.2184
62366.4  -3.8042  3.2159
62397.8  -3.7772  3.2135
62429.2  -3.7508  3.2110
62460.6  -3.7252  3.2085
62492.1  -3.7002  3.2060
62523.6  -3.6759  3.2036
62555.2  -3.6521  3.2011
62586.7  -3.6289  3.1986
62618.4  -3.6063  3.1961
62650  -3.5841  3.1936
62681.7  -3.5625  3.1912
62713.4  -3.5413  3.1887
62745.1  -3.5206  3.1862
62776.9  -3.5003  3.1837
62808.7  -3.4804  3.1813
62840.5  -3.4609  3.1788
62872.4  -3.4418  3.1763
62904.3  -3.4230  3.1738
62936.2  -3.4046  3.1713
62968.2  -3.3865  3.1689
63000.2  -3.3688  3.1664
63032.2  -3.3513  3.1639
63064.3  -3.3342  3.1614
63096.4  -3.3173  3.1590
63128.5  -3.3008  3.1565
63160.6  -3.2845  3.1540
63192.8  -3.2684  3.1515
63225.1  -3.2526  3.1490
63257.3  -3.2371  3.1466
63289.6  -3.2218  3.1441
63321.9  -3.2067  3.1416
63354.3  -3.1919  3.1391
63386.7  -3.1772  3.1367
63419.1  -3.1628  3.1342
63451.6  -3.1486  3.1317
63484  -3.1345  3.1292
63516.6  -3.1207  3.1268
63549.1  -3.1071  3.1243
63581.7  -3.0936  3.1218
63614.3  -3.0803  3.1193
63647  -3.0672  3.1169
63679.7  -3.0542  3.1144
63712.4  -3.0414  3.1119
63745.2  -3.0288  3.1094
63778  -3.0163  3.1070
63810.8  -3.0040  3.1045
63843.6  -2.9918  3.1020
63876.5  -2.9798  3.0995
63909.5  -2.9679  3.0971
63942.4  -2.9561  3.0946
63975.4  -2.9445  3.0921
64008.4  -2.9330  3.0896
64041.5  -2.9217  3.0872
64074.6  -2.9104  3.0847
64107.7  -2.8993  3.0822
64140.9  -2.8883  3.0797
64174.1  -2.8774  3.0773
64207.3  -2.8667  3.0748
64240.6  -2.8560  3.0723
64273.9  -2.8455  3.0699
64307.2  -2.8350  3.0674
64340.6  -2.8247  3.0649
64374  -2.8062  3.0624
64407.5  -2.7961  3.0598
64440.9  -2.7860  3.0572
64474.4  -2.7761  3.0546
64508  -2.7663  3.0521
64541.6  -2.7565  3.0495
64575.2  -2.7469  3.0469
64608.8  -2.7373  3.0443
64642.5  -2.7279  3.0418
64676.2  -2.7185  3.0392
64710  -2.7092  3.0366
64743.8  -2.7000  3.0340
64777.6  -2.6909  3.0315
64811.5  -2.6818  3.0289
64845.4  -2.6728  3.0263
64879.3  -2.6640  3.0238
64913.3  -2.6551  3.0212
64947.3  -2.6464  3.0186
64981.3  -2.6378  3.0160
65015.4  -2.6292  3.0135
65049.5  -2.6207  3.0109
65083.6  -2.6122  3.0083
65117.8  -2.6038  3.0058
65152  -2.5955  3.0032
65186.3  -2.5873  3.0007
65220.6  -2.5791  2.9981
65254.9  -2.5710  2.9955
65289.3  -2.5630  2.9930
65323.7  -2.5550  2.9904
65358.1  -2.5471  2.9879
65392.6  -2.5392  2.9853
65427.1  -2.5314  2.9827
65461.6  -2.5237  2.9802
65496.2  -2.5160  2.9776
65530.8  -2.5084  2.9751
65565.5  -2.5008  2.9725
65600.2  -2.4933  2.9700
65634.9  -2.4859  2.9674
65669.7  -2.4785  2.9649
65704.5  -2.4712  2.9623
65739.3  -2.4639  2.9598
65774.2  -2.4566  2.9572
65809.1  -2.4494  2.9547
65844  -2.4423  2.9521
65879  -2.4352  2.9496
65914.1  -2.4282  2.9470
65949.1  -2.4212  2.9445
68880.2  -1.9799  2.7433
72932  -1.6215  2.4991
77490.2  -1.3765  2.2630
82656.2  -1.1960  2.0334
88560.2  -1.0712  1.8108
95372.6  -0.9846  1.5979
103320  -0.9280  1.3950
112713  -0.8957  1.2025
123984  -0.8703  1.0202
