4290.12 -7.4950 4.3967
4305.01 -7.5468 4.3728
4320.01 -7.6000 4.3490
4335.12 -7.6556 4.3252
4350.33 -7.7120 4.3014
4365.65 -7.7702 4.2777
4381.07 -7.8301 4.2540
4396.61 -7.8920 4.2304
4412.25 -7.9558 4.2068
4428.01 -8.0219 4.1832
4443.88 -8.0902 4.1597
4459.87 -8.1609 4.1362
4475.97 -8.2342 4.1128
4492.19 -8.3103 4.0894
4508.52 -8.3894 4.0660
4524.98 -8.4716 4.0427
4541.55 -8.5572 4.0194
4558.25 -8.6465 3.9962
4575.07 -8.7398 3.9730
4592.01 -8.8374 3.9499
4609.08 -8.9396 3.9268
4626.28 -9.0401 3.9037
4643.61 -9.1533 3.8806
4661.07 -9.2726 3.8575
4678.65 -9.3988 3.8345
4696.38 -9.5327 3.8116
4714.23 -9.6751 3.7886
4732.23 -9.8273 3.7658
4750.36 -9.9906 3.7429
4768.63 -10.1666 3.7202
4787.04 -10.3574 3.6974
4805.59 -10.5656 3.6747
4824.29 -10.7946 3.6521
4843.14 -11.0490 3.6295
4862.13 -11.3348 3.6069
4881.27 -11.6610 3.5844
4900.57 -12.0406 3.5620
4920.01 -12.4947 3.5395
4939.62 -13.0597 3.5172
4959.37 -13.8080 3.4948
4979.29 -14.9193 3.4726
4983.49 -15.2398 3.4679
4983.69 -15.2563 3.4677
4983.89 -15.2728 3.4674
4984.09 -15.2895 3.4672
4984.3 -15.3062 3.4670
4984.5 -15.3231 3.4668
4984.7 -15.3402 3.4666
4984.9 -15.3573 3.4663
4985.1 -15.3746 3.4661
4985.3 -15.3920 3.4659
4985.5 -15.4095 3.4657
4985.7 -15.4272 3.4654
4985.9 -15.4450 3.4652
4986.1 -15.4630 3.4650
4986.3 -15.4810 3.4648
4986.5 -15.4993 3.4646
4986.7 -15.5176 3.4643
4986.9 -15.5362 3.4641
4987.1 -15.5548 3.4639
4987.3 -15.5736 3.4637
4987.5 -15.5926 3.4634
4987.7 -15.6117 3.4632
4987.9 -15.6310 3.4630
4988.11 -15.6505 3.4628
4988.31 -15.6701 3.4626
4988.51 -15.6899 3.4623
4988.71 -15.7098 3.4621
4988.91 -15.7299 3.4619
4989.11 -15.7502 3.4617
4989.31 -15.7707 3.4614
4989.51 -15.7913 3.4612
4989.71 -15.8122 3.4610
4989.91 -15.8332 3.4608
4990.11 -15.8544 3.4606
4990.31 -15.8759 3.4603
4990.51 -15.8975 3.4601
4990.72 -15.9193 3.4599
4990.92 -15.9413 3.4597
4991.12 -15.9636 3.4594
4991.32 -15.9860 3.4592
4991.52 -16.0087 3.4590
4991.72 -16.0316 3.4588
4991.92 -16.0547 3.4586
4992.12 -16.0780 3.4583
4992.32 -16.1016 3.4581
4992.52 -16.1255 3.4579
4992.73 -16.1495 3.4577
4992.93 -16.1739 3.4574
4993.13 -16.1984 3.4572
4993.33 -16.2233 3.4570
4993.53 -16.2484 3.4568
4993.73 -16.2738 3.4566
4993.93 -16.2995 3.4563
4994.13 -16.3254 3.4561
4994.33 -16.3517 3.4559
4994.54 -16.3782 3.4557
4994.74 -16.4051 3.4554
4994.94 -16.4323 3.4552
4995.14 -16.4597 3.4550
4995.34 -16.4876 3.4548
4995.54 -16.5157 3.4546
4995.74 -16.5442 3.4543
4995.94 -16.5731 3.4541
4996.15 -16.6023 3.4539
4996.35 -16.6319 3.4537
4996.55 -16.6618 3.4534
4996.75 -16.6922 3.4532
4996.95 -16.7229 3.4530
4997.15 -16.7541 3.4528
4997.35 -16.7857 3.4526
4997.56 -16.8177 3.4523
4997.76 -16.8502 3.4521
4997.96 -16.8831 3.4519
4998.16 -16.9165 3.4517
4998.36 -16.9504 3.4514
4998.56 -16.9848 3.4512
4998.76 -17.0197 3.4510
4998.97 -17.0551 3.4508
4999.17 -17.0911 3.4506
4999.37 -17.1276 3.4503
4999.57 -17.1648 3.4501
4999.77 -17.2025 3.4499
4999.97 -17.2408 3.4497
5000.18 -17.2798 3.4494
5000.38 -17.3195 3.4492
5000.58 -17.3598 3.4490
5000.78 -17.4008 3.4488
5000.98 -17.4426 3.4486
5001.18 -17.4852 3.4483
5001.39 -17.5285 3.4481
5001.59 -17.5726 3.4479
5001.79 -17.6176 3.4477
5001.99 -17.6635 3.4474
5002.19 -17.7103 3.4472
5002.39 -17.7581 3.4470
5002.6 -17.8068 3.4468
5002.8 -17.8566 3.4466
5003 -17.9075 3.4463
5003.2 -17.9595 3.4461
5003.4 -18.0127 3.4459
5003.61 -18.0671 3.4457
5003.81 -18.1229 3.4454
5004.01 -18.1800 3.4452
5004.21 -18.2385 3.4450
5004.41 -18.2985 3.4448
5004.62 -18.3601 3.4446
5004.82 -18.4234 3.4443
5005.02 -18.4884 3.4441
5005.22 -18.5553 3.4439
5005.42 -18.6242 3.4437
5005.63 -18.6951 3.4434
5005.83 -18.7683 3.4432
5006.03 -18.8438 3.4430
5006.23 -18.9219 3.4428
5006.43 -19.0026 3.4426
5006.64 -19.0862 3.4423
5006.84 -19.1729 3.4421
5007.04 -19.2630 3.4419
5007.24 -19.3566 3.4417
5007.45 -19.4542 3.4415
5007.65 -19.5559 3.4412
5007.85 -19.6623 3.4410
5008.05 -19.7738 3.4408
5008.25 -19.8908 3.4406
5008.46 -20.0140 3.4403
5008.66 -20.1440 3.4401
5008.86 -20.2816 3.4399
5009.06 -20.4278 3.4397
5009.27 -20.5837 3.4395
5009.47 -20.7507 3.4392
5009.67 -20.9305 3.4390
5009.87 -21.1252 3.4388
5010.08 -21.3374 3.4386
5010.28 -21.5708 3.4383
5010.48 -21.8300 3.4381
5010.68 -22.1212 3.4379
5010.89 -22.4538 3.4377
5011.09 -22.8411 3.4375
5011.29 -23.3051 3.4372
5011.49 -23.8834 3.4370
5011.7 -24.6518 3.4368
5011.9 -25.7994 3.4366
5012.1 -28.1260 3.4363
5012.3 -29.0796 10.8713
5012.51 -26.1371 10.8703
5012.71 -24.8642 10.8693
5012.91 -24.0404 10.8683
5013.11 -23.4300 10.8673
5013.32 -22.9449 10.8663
5013.52 -22.5423 10.8653
5013.72 -22.1981 10.8643
5013.93 -21.8974 10.8633
5014.13 -21.6306 10.8623
5014.33 -21.3906 10.8613
5014.53 -21.1727 10.8603
5014.74 -20.9730 10.8593
5014.94 -20.7888 10.8583
5015.14 -20.6178 10.8573
5015.35 -20.4583 10.8563
5015.55 -20.3088 10.8553
5015.75 -20.1681 10.8543
5015.95 -20.0352 10.8533
5016.16 -19.9094 10.8523
5016.36 -19.7898 10.8514
5016.56 -19.6760 10.8504
5016.77 -19.5674 10.8494
5016.97 -19.4634 10.8484
5017.17 -19.3638 10.8474
5017.37 -19.2682 10.8464
5017.58 -19.1763 10.8454
5017.78 -19.0878 10.8444
5017.98 -19.0025 10.8434
5018.19 -18.9201 10.8424
5018.39 -18.8404 10.8414
5018.59 -18.7633 10.8404
5018.8 -18.6886 10.8394
5019 -18.6162 10.8384
5019.2 -18.5459 10.8374
5019.41 -18.4777 10.8364
5019.61 -18.4113 10.8354
5019.81 -18.3467 10.8344
5020.02 -18.2838 10.8334
5020.22 -18.2225 10.8324
5020.42 -18.1628 10.8314
5020.63 -18.1045 10.8304
5020.83 -18.0476 10.8294
5021.03 -17.9920 10.8284
5021.24 -17.9377 10.8274
5021.44 -17.8846 10.8264
5021.64 -17.8327 10.8255
5021.85 -17.7818 10.8245
5022.05 -17.7320 10.8235
5022.25 -17.6833 10.8225
5022.46 -17.6355 10.8215
5022.66 -17.5886 10.8205
5022.86 -17.5427 10.8195
5023.07 -17.4976 10.8185
5023.27 -17.4533 10.8175
5023.47 -17.4099 10.8165
5023.68 -17.3672 10.8155
5023.88 -17.3253 10.8145
5024.08 -17.2841 10.8135
5024.29 -17.2436 10.8125
5024.49 -17.2037 10.8115
5024.69 -17.1646 10.8105
5024.9 -17.1260 10.8096
5025.1 -17.0881 10.8086
5025.31 -17.0508 10.8076
5025.51 -17.0140 10.8066
5025.71 -16.9778 10.8056
5025.92 -16.9422 10.8046
5026.12 -16.9070 10.8036
5026.32 -16.8724 10.8026
5026.53 -16.8383 10.8016
5026.73 -16.8046 10.8006
5026.94 -16.7714 10.7996
5027.14 -16.7387 10.7986
5027.34 -16.7064 10.7976
5027.55 -16.6746 10.7967
5027.75 -16.6432 10.7957
5027.96 -16.6121 10.7947
5028.16 -16.5815 10.7937
5028.36 -16.5513 10.7927
5028.57 -16.5214 10.7917
5028.77 -16.4920 10.7907
5028.97 -16.4628 10.7897
5029.18 -16.4341 10.7887
5029.38 -16.4056 10.7877
5029.59 -16.3776 10.7868
5029.79 -16.3498 10.7858
5029.99 -16.3224 10.7848
5030.2 -16.2952 10.7838
5030.4 -16.2684 10.7828
5030.61 -16.2419 10.7818
5030.81 -16.2157 10.7808
5031.02 -16.1897 10.7798
5031.22 -16.1641 10.7788
5031.42 -16.1387 10.7778
5031.63 -16.1135 10.7769
5031.83 -16.0887 10.7759
5032.04 -16.0641 10.7749
5032.24 -16.0398 10.7739
5032.44 -16.0157 10.7729
5032.65 -15.9918 10.7719
5032.85 -15.9682 10.7709
5033.06 -15.9448 10.7699
5033.26 -15.9216 10.7690
5033.47 -15.8987 10.7680
5033.67 -15.8760 10.7670
5033.88 -15.8535 10.7660
5034.08 -15.8312 10.7650
5034.28 -15.8092 10.7640
5034.49 -15.7873 10.7630
5034.69 -15.7656 10.7620
5034.9 -15.7442 10.7611
5035.1 -15.7229 10.7601
5035.31 -15.7018 10.7591
5035.51 -15.6809 10.7581
5035.72 -15.6602 10.7571
5035.92 -15.6396 10.7561
5036.12 -15.6193 10.7551
5036.33 -15.5991 10.7542
5036.53 -15.5791 10.7532
5036.74 -15.5592 10.7522
5036.94 -15.5396 10.7512
5037.15 -15.5200 10.7502
5037.35 -15.5007 10.7492
5037.56 -15.4815 10.7482
5037.76 -15.4625 10.7473
5037.97 -15.4436 10.7463
5038.17 -15.4248 10.7453
5038.38 -15.4062 10.7443
5038.58 -15.3878 10.7433
5038.79 -15.3695 10.7423
5038.99 -15.3513 10.7413
5039.19 -15.3333 10.7404
5039.4 -15.3155 10.7394
5039.6 -15.2977 10.7384
5039.81 -15.2801 10.7374
5040.01 -15.2626 10.7364
5060.59 -13.9658 10.6387
5081.33 -13.1535 10.5421
5102.24 -12.5759 10.4466
5123.32 -12.1410 10.3524
5144.58 -11.8054 10.2592
5166.01 -11.5459 10.1672
5187.63 -11.3494 10.0764
5209.43 -11.2108 9.9866
5231.41 -11.1288 9.8979
5253.57 -11.1082 9.8104
5275.93 -11.3281 9.7372
5298.48 -11.4873 9.6685
5321.22 -11.8358 9.5999
5326.02 -11.9522 9.5855
5326.25 -11.9583 9.5848
5326.47 -11.9644 9.5841
5326.7 -11.9707 9.5834
5326.93 -11.9769 9.5827
5327.16 -11.9833 9.5820
5327.39 -11.9897 9.5814
5327.62 -11.9961 9.5807
5327.85 -12.0026 9.5800
5328.08 -12.0092 9.5793
5328.31 -12.0159 9.5786
5328.53 -12.0226 9.5779
5328.76 -12.0293 9.5772
5328.99 -12.0362 9.5766
5329.22 -12.0431 9.5759
5329.45 -12.0500 9.5752
5329.68 -12.0571 9.5745
5329.91 -12.0642 9.5738
5330.14 -12.0714 9.5731
5330.37 -12.0786 9.5725
5330.6 -12.0859 9.5718
5330.83 -12.0933 9.5711
5331.05 -12.1008 9.5704
5331.28 -12.1084 9.5697
5331.51 -12.1160 9.5690
5331.74 -12.1237 9.5683
5331.97 -12.1315 9.5677
5332.2 -12.1394 9.5670
5332.43 -12.1473 9.5663
5332.66 -12.1554 9.5656
5332.89 -12.1635 9.5649
5333.12 -12.1717 9.5642
5333.35 -12.1800 9.5635
5333.58 -12.1884 9.5629
5333.81 -12.1969 9.5622
5334.04 -12.2054 9.5615
5334.27 -12.2141 9.5608
5334.5 -12.2229 9.5601
5334.73 -12.2317 9.5594
5334.95 -12.2407 9.5588
5335.18 -12.2498 9.5581
5335.41 -12.2589 9.5574
5335.64 -12.2682 9.5567
5335.87 -12.2776 9.5560
5336.1 -12.2871 9.5553
5336.33 -12.2967 9.5547
5336.56 -12.3064 9.5540
5336.79 -12.3163 9.5533
5337.02 -12.3263 9.5526
5337.25 -12.3363 9.5519
5337.48 -12.3465 9.5512
5337.71 -12.3569 9.5505
5337.94 -12.3673 9.5499
5338.17 -12.3779 9.5492
5338.4 -12.3887 9.5485
5338.63 -12.3995 9.5478
5338.86 -12.4105 9.5471
5339.09 -12.4217 9.5464
5339.32 -12.4330 9.5458
5339.55 -12.4445 9.5451
5339.78 -12.4561 9.5444
5340.01 -12.4678 9.5437
5340.24 -12.4798 9.5430
5340.47 -12.4918 9.5423
5340.7 -12.5041 9.5417
5340.93 -12.5165 9.5410
5341.16 -12.5291 9.5403
5341.39 -12.5419 9.5396
5341.62 -12.5549 9.5389
5341.85 -12.5681 9.5382
5342.08 -12.5815 9.5375
5342.31 -12.5950 9.5369
5342.54 -12.6088 9.5362
5342.77 -12.6228 9.5355
5343 -12.6370 9.5348
5343.23 -12.6514 9.5341
5343.46 -12.6661 9.5334
5343.69 -12.6810 9.5328
5343.92 -12.6961 9.5321
5344.15 -12.7115 9.5314
5344.38 -12.7272 9.5307
5344.61 -12.7431 9.5300
5344.84 -12.7593 9.5293
5345.07 -12.7757 9.5287
5345.3 -12.7925 9.5280
5345.54 -12.8096 9.5273
5345.77 -12.8269 9.5266
5346 -12.8446 9.5259
5346.23 -12.8627 9.5252
5346.46 -12.8810 9.5246
5346.69 -12.8998 9.5239
5346.92 -12.9189 9.5232
5347.15 -12.9383 9.5225
5347.38 -12.9582 9.5218
5347.61 -12.9785 9.5211
5347.84 -12.9992 9.5204
5348.07 -13.0204 9.5198
5348.3 -13.0420 9.5191
5348.53 -13.0641 9.5184
5348.76 -13.0867 9.5177
5348.99 -13.1098 9.5170
5349.23 -13.1335 9.5163
5349.46 -13.1577 9.5157
5349.69 -13.1825 9.5150
5349.92 -13.2080 9.5143
5350.15 -13.2341 9.5136
5350.38 -13.2609 9.5129
5350.61 -13.2884 9.5122
5350.84 -13.3166 9.5116
5351.07 -13.3457 9.5109
5351.3 -13.3756 9.5102
5351.53 -13.4063 9.5095
5351.77 -13.4380 9.5088
5352 -13.4707 9.5081
5352.23 -13.5044 9.5075
5352.46 -13.5393 9.5068
5352.69 -13.5753 9.5061
5352.92 -13.6126 9.5054
5353.15 -13.6513 9.5047
5353.38 -13.6914 9.5040
5353.61 -13.7330 9.5034
5353.85 -13.7763 9.5027
5354.08 -13.8215 9.5020
5354.31 -13.8686 9.5013
5354.54 -13.9178 9.5006
5354.77 -13.9694 9.4999
5355 -14.0235 9.4993
5355.23 -14.0804 9.4986
5355.46 -14.1404 9.4979
5355.7 -14.2038 9.4972
5355.93 -14.2711 9.4965
5356.16 -14.3427 9.4958
5356.39 -14.4193 9.4952
5356.62 -14.5014 9.4945
5356.85 -14.5900 9.4938
5357.08 -14.6862 9.4931
5357.32 -14.7913 9.4924
5357.55 -14.9072 9.4917
5357.78 -15.0361 9.4911
5358.01 -15.1816 9.4904
5358.24 -15.3481 9.4897
5358.47 -15.5429 9.4890
5358.7 -15.7775 9.4883
5358.94 -16.0719 9.4876
5359.17 -16.4672 9.4870
5359.4 -17.0698 9.4863
5359.63 -18.3809 9.4856
5359.86 -18.3394 13.1898
5360.09 -17.0625 13.1888
5360.33 -16.4620 13.1877
5360.56 -16.0648 13.1866
5360.79 -15.7672 13.1855
5361.02 -15.5290 13.1844
5361.25 -15.3303 13.1833
5361.49 -15.1597 13.1822
5361.72 -15.0102 13.1811
5361.95 -14.8771 13.1800
5362.18 -14.7572 13.1790
5362.41 -14.6479 13.1779
5362.64 -14.5476 13.1768
5362.88 -14.4549 13.1757
5363.11 -14.3687 13.1746
5363.34 -14.2880 13.1735
5363.57 -14.2123 13.1724
5363.8 -14.1410 13.1713
5364.04 -14.0735 13.1703
5364.27 -14.0095 13.1692
5364.5 -13.9485 13.1681
5364.73 -13.8904 13.1670
5364.97 -13.8349 13.1659
5365.2 -13.7816 13.1648
5365.43 -13.7306 13.1637
5365.66 -13.6814 13.1626
5365.89 -13.6342 13.1616
5366.13 -13.5886 13.1605
5366.36 -13.5445 13.1594
5366.59 -13.5019 13.1583
5366.82 -13.4607 13.1572
5367.06 -13.4208 13.1561
5367.29 -13.3820 13.1550
5367.52 -13.3444 13.1540
5367.75 -13.3078 13.1529
5367.98 -13.2722 13.1518
5368.22 -13.2376 13.1507
5368.45 -13.2038 13.1496
5368.68 -13.1709 13.1485
5368.91 -13.1388 13.1474
5369.15 -13.1075 13.1464
5369.38 -13.0768 13.1453
5369.61 -13.0469 13.1442
5369.84 -13.0176 13.1431
5370.08 -12.9890 13.1420
5370.31 -12.9609 13.1409
5370.54 -12.9334 13.1398
5370.78 -12.9065 13.1388
5371.01 -12.8801 13.1377
5371.24 -12.8542 13.1366
5371.47 -12.8288 13.1355
5371.71 -12.8038 13.1344
5371.94 -12.7793 13.1333
5372.17 -12.7553 13.1322
5372.4 -12.7316 13.1312
5372.64 -12.7084 13.1301
5372.87 -12.6855 13.1290
5373.1 -12.6630 13.1279
5373.34 -12.6409 13.1268
5373.57 -12.6191 13.1257
5373.8 -12.5977 13.1246
5374.03 -12.5765 13.1236
5374.27 -12.5557 13.1225
5374.5 -12.5352 13.1214
5374.73 -12.5150 13.1203
5374.97 -12.4951 13.1192
5375.2 -12.4755 13.1181
5375.43 -12.4561 13.1171
5375.67 -12.4370 13.1160
5375.9 -12.4181 13.1149
5376.13 -12.3995 13.1138
5376.36 -12.3812 13.1127
5376.6 -12.3630 13.1116
5376.83 -12.3451 13.1106
5377.06 -12.3274 13.1095
5377.3 -12.3100 13.1084
5377.53 -12.2927 13.1073
5377.76 -12.2757 13.1062
5378 -12.2588 13.1051
5378.23 -12.2421 13.1041
5378.46 -12.2257 13.1030
5378.7 -12.2094 13.1019
5378.93 -12.1933 13.1008
5379.16 -12.1774 13.0997
5379.4 -12.1616 13.0987
5379.63 -12.1460 13.0976
5379.86 -12.1306 13.0965
5380.1 -12.1153 13.0954
5380.33 -12.1002 13.0943
5380.56 -12.0853 13.0932
5380.8 -12.0704 13.0922
5381.03 -12.0558 13.0911
5381.26 -12.0413 13.0900
5381.5 -12.0269 13.0889
5381.73 -12.0127 13.0878
5381.97 -11.9986 13.0868
5382.2 -11.9846 13.0857
5382.43 -11.9707 13.0846
5382.67 -11.9570 13.0835
5382.9 -11.9434 13.0824
5383.13 -11.9300 13.0813
5383.37 -11.9166 13.0803
5383.6 -11.9034 13.0792
5383.84 -11.8903 13.0781
5384.07 -11.8773 13.0770
5384.3 -11.8644 13.0759
5384.54 -11.8516 13.0749
5384.77 -11.8389 13.0738
5385 -11.8263 13.0727
5385.24 -11.8139 13.0716
5385.47 -11.8015 13.0705
5385.71 -11.7892 13.0695
5385.94 -11.7770 13.0684
5386.17 -11.7650 13.0673
5386.41 -11.7530 13.0662
5386.64 -11.7411 13.0651
5386.88 -11.7293 13.0641
5387.11 -11.7176 13.0630
5387.34 -11.7059 13.0619
5387.58 -11.6944 13.0608
5387.81 -11.6829 13.0597
5388.05 -11.6716 13.0587
5388.28 -11.6603 13.0576
5388.52 -11.6491 13.0565
5388.75 -11.6380 13.0554
5388.98 -11.6269 13.0543
5389.22 -11.6159 13.0533
5389.45 -11.6050 13.0522
5389.69 -11.5942 13.0511
5389.92 -11.5835 13.0500
5390.15 -11.5728 13.0490
5390.39 -11.5622 13.0479
5390.62 -11.5516 13.0468
5414.16 -10.7388 12.9393
5437.91 -10.1850 12.8327
5461.87 -9.7591 12.7268
5486.03 -9.4134 12.6217
5510.42 -9.1255 12.5174
5535.02 -8.8841 12.4138
5559.84 -8.6833 12.3110
5584.88 -8.5218 12.2089
5610.15 -8.4026 12.1076
5635.65 -8.4242 12.0117
5661.39 -8.4356 11.9215
5685.01 -8.5863 11.8395
5685.27 -8.5893 11.8386
5685.53 -8.5925 11.8377
5685.79 -8.5956 11.8368
5686.05 -8.5988 11.8359
5686.31 -8.6021 11.8350
5686.57 -8.6054 11.8341
5686.83 -8.6088 11.8332
5687.09 -8.6122 11.8323
5687.36 -8.6157 11.8314
5687.62 -8.6192 11.8305
5687.88 -8.6228 11.8296
5688.14 -8.6264 11.8287
5688.4 -8.6301 11.8278
5688.66 -8.6339 11.8269
5688.92 -8.6377 11.8260
5689.18 -8.6415 11.8251
5689.44 -8.6455 11.8242
5689.7 -8.6495 11.8233
5689.97 -8.6535 11.8224
5690.23 -8.6577 11.8215
5690.49 -8.6619 11.8206
5690.75 -8.6661 11.8197
5691.01 -8.6704 11.8188
5691.27 -8.6748 11.8179
5691.53 -8.6793 11.8170
5691.79 -8.6839 11.8161
5692.06 -8.6885 11.8152
5692.32 -8.6932 11.8143
5692.58 -8.6980 11.8134
5692.84 -8.7029 11.8125
5693.1 -8.7078 11.8116
5693.36 -8.7128 11.8107
5693.62 -8.7180 11.8098
5693.88 -8.7232 11.8089
5694.15 -8.7285 11.8080
5694.41 -8.7339 11.8071
5694.67 -8.7394 11.8062
5694.93 -8.7450 11.8053
5695.19 -8.7507 11.8044
5695.45 -8.7565 11.8035
5695.72 -8.7624 11.8026
5695.98 -8.7685 11.8017
5696.24 -8.7746 11.8008
5696.5 -8.7809 11.7999
5696.76 -8.7872 11.7990
5697.02 -8.7937 11.7981
5697.29 -8.8004 11.7972
5697.55 -8.8071 11.7963
5697.81 -8.8140 11.7954
5698.07 -8.8211 11.7945
5698.33 -8.8283 11.7936
5698.6 -8.8356 11.7927
5698.86 -8.8431 11.7918
5699.12 -8.8507 11.7909
5699.38 -8.8586 11.7900
5699.64 -8.8665 11.7891
5699.91 -8.8747 11.7882
5700.17 -8.8831 11.7873
5700.43 -8.8916 11.7864
5700.69 -8.9003 11.7855
5700.95 -8.9093 11.7846
5701.22 -8.9184 11.7837
5701.48 -8.9278 11.7828
5701.74 -8.9374 11.7819
5702 -8.9472 11.7810
5702.26 -8.9573 11.7801
5702.53 -8.9676 11.7792
5702.79 -8.9782 11.7783
5703.05 -8.9891 11.7774
5703.31 -9.0003 11.7765
5703.58 -9.0118 11.7756
5703.84 -9.0236 11.7747
5704.1 -9.0358 11.7738
5704.36 -9.0483 11.7729
5704.63 -9.0612 11.7720
5704.89 -9.0745 11.7711
5705.15 -9.0882 11.7702
5705.41 -9.1024 11.7693
5705.68 -9.1170 11.7684
5705.94 -9.1321 11.7675
5706.2 -9.1477 11.7666
5706.46 -9.1639 11.7657
5706.73 -9.1807 11.7648
5706.99 -9.1981 11.7639
5707.25 -9.2162 11.7630
5707.51 -9.2350 11.7621
5707.78 -9.2546 11.7612
5708.04 -9.2750 11.7603
5708.3 -9.2963 11.7594
5708.57 -9.3187 11.7585
5708.83 -9.3421 11.7576
5709.09 -9.3666 11.7567
5709.35 -9.3925 11.7559
5709.62 -9.4197 11.7550
5709.88 -9.4486 11.7541
5710.14 -9.4791 11.7532
5710.41 -9.5117 11.7523
5710.67 -9.5464 11.7514
5710.93 -9.5836 11.7505
5711.2 -9.6237 11.7496
5711.46 -9.6671 11.7487
5711.72 -9.7144 11.7478
5711.98 -9.7663 11.7469
5712.25 -9.8238 11.7460
5712.51 -9.8882 11.7451
5712.77 -9.9612 11.7442
5713.04 -10.0454 11.7433
5713.3 -10.1450 11.7424
5713.56 -10.2663 11.7415
5713.83 -10.4214 11.7406
5714.09 -10.6363 11.7397
5714.35 -10.9863 11.7388
5714.62 -12.0520 11.7379
5714.88 -11.2035 13.5482
5715.14 -10.7397 13.5473
5715.41 -10.4846 13.5463
5715.67 -10.3074 13.5454
5715.93 -10.1711 13.5444
5716.2 -10.0604 13.5435
5716.46 -9.9669 13.5425
5716.73 -9.8860 13.5416
5716.99 -9.8146 13.5406
5717.25 -9.7507 13.5397
5717.52 -9.6928 13.5387
5717.78 -9.6399 13.5378
5718.04 -9.5911 13.5368
5718.31 -9.5458 13.5359
5718.57 -9.5036 13.5349
5718.84 -9.4640 13.5340
5719.1 -9.4267 13.5330
5719.36 -9.3914 13.5321
5719.63 -9.3580 13.5311
5719.89 -9.3262 13.5302
5720.15 -9.2959 13.5292
5720.42 -9.2669 13.5283
5720.68 -9.2391 13.5273
5720.95 -9.2125 13.5264
5721.21 -9.1868 13.5254
5721.47 -9.1621 13.5245
5721.74 -9.1383 13.5235
5722 -9.1153 13.5226
5722.27 -9.0930 13.5216
5722.53 -9.0714 13.5207
5722.79 -9.0505 13.5197
5723.06 -9.0301 13.5188
5723.32 -9.0104 13.5178
5723.59 -8.9912 13.5169
5723.85 -8.9724 13.5160
5724.12 -8.9542 13.5150
5724.38 -8.9364 13.5141
5724.64 -8.9191 13.5131
5724.91 -8.9021 13.5122
5725.17 -8.8855 13.5112
5725.44 -8.8693 13.5103
5725.7 -8.8535 13.5093
5725.97 -8.8379 13.5084
5726.23 -8.8227 13.5074
5726.5 -8.8078 13.5065
5726.76 -8.7932 13.5055
5727.02 -8.7788 13.5046
5727.29 -8.7648 13.5036
5727.55 -8.7509 13.5027
5727.82 -8.7374 13.5017
5728.08 -8.7240 13.5008
5728.35 -8.7109 13.4998
5728.61 -8.6980 13.4989
5728.88 -8.6853 13.4979
5729.14 -8.6728 13.4970
5729.41 -8.6605 13.4960
5729.67 -8.6483 13.4951
5729.94 -8.6364 13.4941
5730.2 -8.6246 13.4932
5730.47 -8.6130 13.4922
5730.73 -8.6016 13.4913
5730.99 -8.5903 13.4903
5731.26 -8.5792 13.4894
5731.52 -8.5682 13.4885
5731.79 -8.5573 13.4875
5732.05 -8.5466 13.4866
5732.32 -8.5361 13.4856
5732.58 -8.5256 13.4847
5732.85 -8.5153 13.4837
5733.11 -8.5051 13.4828
5733.38 -8.4951 13.4818
5733.65 -8.4851 13.4809
5733.91 -8.4753 13.4799
5734.18 -8.4655 13.4790
5734.44 -8.4559 13.4780
5734.71 -8.4464 13.4771
5734.97 -8.4370 13.4761
5735.24 -8.4277 13.4752
5735.5 -8.4184 13.4742
5735.77 -8.4093 13.4733
5736.03 -8.4003 13.4723
5736.3 -8.3913 13.4714
5736.56 -8.3825 13.4704
5736.83 -8.3737 13.4695
5737.09 -8.3650 13.4685
5737.36 -8.3564 13.4676
5737.63 -8.3479 13.4667
5737.89 -8.3394 13.4657
5738.16 -8.3310 13.4648
5738.42 -8.3227 13.4638
5738.69 -8.3145 13.4629
5738.95 -8.3063 13.4619
5739.22 -8.2982 13.4610
5739.48 -8.2902 13.4600
5739.75 -8.2822 13.4591
5740.02 -8.2744 13.4581
5740.28 -8.2665 13.4572
5740.55 -8.2588 13.4562
5740.81 -8.2511 13.4553
5741.08 -8.2434 13.4543
5741.34 -8.2358 13.4534
5741.61 -8.2283 13.4524
5741.88 -8.2208 13.4515
5742.14 -8.2134 13.4505
5742.41 -8.2060 13.4496
5742.67 -8.1987 13.4486
5742.94 -8.1915 13.4477
5743.21 -8.1843 13.4467
5743.47 -8.1771 13.4458
5743.74 -8.1700 13.4449
5744 -8.1630 13.4439
5744.27 -8.1560 13.4430
5744.54 -8.1490 13.4420
5744.8 -8.1421 13.4411
5745.07 -8.1352 13.4401
5745.34 -8.1284 13.4392
5745.6 -8.1216 13.4382
5745.87 -8.1149 13.4373
5746.13 -8.1082 13.4363
5746.4 -8.1015 13.4354
5746.67 -8.0949 13.4344
5746.93 -8.0884 13.4335
5747.2 -8.0818 13.4325
5747.47 -8.0753 13.4316
5747.73 -8.0689 13.4306
5748 -8.0625 13.4297
5748.27 -8.0561 13.4287
5748.53 -8.0497 13.4278
5748.8 -8.0434 13.4269
5749.07 -8.0372 13.4259
5749.33 -8.0309 13.4250
5749.6 -8.0247 13.4240
5749.87 -8.0186 13.4231
5750.13 -8.0124 13.4221
5750.4 -8.0063 13.4212
5750.67 -8.0003 13.4202
5750.93 -7.9942 13.4193
5751.2 -7.9882 13.4183
5751.47 -7.9823 13.4174
5751.73 -7.9763 13.4164
5752 -7.9704 13.4155
5752.27 -7.9645 13.4145
5752.53 -7.9587 13.4136
5752.8 -7.9529 13.4126
5753.07 -7.9471 13.4117
5753.33 -7.9413 13.4108
5753.6 -7.9356 13.4098
5753.87 -7.9299 13.4089
5754.13 -7.9242 13.4079
5754.4 -7.9185 13.4070
5754.67 -7.9129 13.4060
5754.94 -7.9073 13.4051
5755.2 -7.9017 13.4041
5755.47 -7.8962 13.4032
5755.74 -7.8907 13.4022
5756 -7.8852 13.4013
5756.27 -7.8797 13.4003
5756.54 -7.8742 13.3994
5756.81 -7.8688 13.3984
5757.07 -7.8634 13.3975
5757.34 -7.8580 13.3966
5757.61 -7.8527 13.3956
5757.88 -7.8473 13.3947
5758.14 -7.8420 13.3937
5758.41 -7.8367 13.3928
5758.68 -7.8315 13.3918
5766.71 -7.6827 13.3634
5793.66 -7.2736 13.2689
5820.86 -6.9420 13.1745
5848.32 -6.6552 13.0802
5876.04 -6.3985 12.9860
5904.02 -6.1641 12.8920
5932.27 -5.9470 12.7982
5960.79 -5.7438 12.7045
5989.58 -5.5528 12.6109
6018.66 -5.3702 12.5174
6048.02 -5.1983 12.4239
6077.66 -5.0344 12.3306
6107.6 -4.8776 12.2375
6137.84 -4.7273 12.1445
6168.38 -4.5829 12.0517
6199.22 -4.4440 11.9590
6230.37 -4.3102 11.8666
6261.84 -4.1810 11.7742
6293.62 -4.0563 11.6821
6325.73 -3.9357 11.5901
6358.17 -3.8190 11.4983
6390.95 -3.7059 11.4067
6424.06 -3.5963 11.3153
6457.52 -3.4901 11.2240
6491.33 -3.3870 11.1329
6525.49 -3.2828 11.0419
6560.02 -3.1857 10.9510
6594.91 -3.0913 10.8602
6630.18 -2.9996 10.7697
6665.82 -2.9104 10.6793
6701.86 -2.8237 10.5891
6738.28 -2.7393 10.4992
6775.1 -2.6572 10.4094
6812.33 -2.5773 10.3198
6849.96 -2.4995 10.2305
6888.02 -2.4237 10.1413
6926.5 -2.3500 10.0524
6965.41 -2.2782 9.9636
7004.77 -2.2049 9.8749
7044.57 -2.1369 9.7864
7084.82 -2.0706 9.6981
7125.54 -2.0061 9.6100
7166.73 -1.9433 9.5222
7208.39 -1.8820 9.4346
7250.55 -1.8224 9.3472
7293.2 -1.7643 9.2601
7336.35 -1.7078 9.1731
7380.02 -1.6527 9.0865
7424.21 -1.5991 9.0000
7468.94 -1.5458 8.9137
7514.2 -1.4950 8.8277
7560.02 -1.4455 8.7419
7606.4 -1.3974 8.6564
7653.35 -1.3506 8.5711
7700.89 -1.3050 8.4860
7749.02 -1.2607 8.4012
7797.76 -1.2176 8.3167
7847.11 -1.1757 8.2324
7897.09 -1.1350 8.1484
7947.71 -1.0954 8.0646
7998.99 -1.0569 7.9811
8050.93 -1.0196 7.8978
8103.55 -0.9833 7.8148
8156.86 -0.9481 7.7321
8210.88 -0.9140 7.6496
8265.62 -0.8809 7.5674
8321.1 -0.8488 7.4855
8377.32 -0.8177 7.4038
8434.31 -0.7876 7.3225
8492.08 -0.7585 7.2414
8550.64 -0.7303 7.1605
8610.02 -0.7031 7.0800
8670.23 -0.6768 6.9997
8731.29 -0.6514 6.9197
8793.22 -0.6269 6.8400
8856.02 -0.6033 6.7606
8919.74 -0.5806 6.6814
8984.37 -0.5589 6.6021
9049.95 -0.5380 6.5232
9116.5 -0.5180 6.4446
9184.03 -0.4988 6.3663
9252.56 -0.4805 6.2883
9322.13 -0.4629 6.2107
9392.75 -0.4462 6.1334
9464.45 -0.4303 6.0564
9537.26 -0.4151 5.9798
9611.19 -0.4008 5.9035
9686.28 -0.3872 5.8275
9762.55 -0.3743 5.7519
9840.03 -0.3622 5.6766
9918.75 -0.3508 5.6016
9998.74 -0.3401 5.5270
10080 -0.3244 5.4525
10162.7 -0.3153 5.3784
10246.6 -0.3069 5.3046
10332 -0.2994 5.2311
10418.9 -0.2923 5.1580
10507.1 -0.2860 5.0853
10597 -0.2803 5.0130
10688.3 -0.2753 4.9410
10781.2 -0.2664 4.8693
10875.8 -0.2628 4.7978
10972.1 -0.2598 4.7268
11070 -0.2575 4.6561
11169.8 -0.2558 4.5859
11271.3 -0.2547 4.5160
11374.7 -0.2542 4.4465
11480 -0.2510 4.3774
11587.3 -0.2518 4.3085
11696.6 -0.2532 4.2401
11808 -0.2552 4.1721
11921.6 -0.2578 4.1044
12037.3 -0.2610 4.0372
12155.3 -0.2647 3.9705
12275.7 -0.2691 3.9041
12398.4 -0.2739 3.8382
12523.7 -0.2794 3.7726
12651.5 -0.2854 3.7075
12781.9 -0.2919 3.6429
12915 -0.2990 3.5786
13051 -0.3066 3.5148
13189.8 -0.3148 3.4515
13331.6 -0.3235 3.3885
13476.6 -0.3327 3.3260
13624.7 -0.3415 3.2640
13776 -0.3523 3.2024
13930.8 -0.3628 3.1412
14089.1 -0.3741 3.0805
14251.1 -0.3859 3.0203
14416.8 -0.3983 2.9605
14586.4 -0.4112 2.9011
14760 -0.4245 2.8423
14937.9 -0.4384 2.7838
15120 -0.4528 2.7259
15306.7 -0.4677 2.6684
15498 -0.4831 2.6114
15694.2 -0.4990 2.5549
15895.4 -0.5154 2.4989
16101.9 -0.5323 2.4433
16313.7 -0.5498 2.3883
16531.2 -0.5677 2.3337
16754.6 -0.5862 2.2796
16984.2 -0.6053 2.2260
17220 -0.6249 2.1729
17462.6 -0.6450 2.1203
17712 -0.6657 2.0682
17968.7 -0.6870 2.0167
18233 -0.7089 1.9656
18505.1 -0.7314 1.9151
18785.5 -0.7537 1.8650
19074.5 -0.7776 1.8155
19372.6 -0.8021 1.7665
19680.1 -0.8273 1.7181
19997.5 -0.8533 1.6701
20325.3 -0.8801 1.6228
20664.1 -0.9077 1.5759
21014.3 -0.9362 1.5297
21376.6 -0.9656 1.4839
21751.6 -0.9954 1.4387
22140.1 -1.0271 1.3941
22542.6 -1.0600 1.3500
22960.1 -1.0940 1.3065
23393.3 -1.1293 1.2636
23843.1 -1.1668 1.2213
24310.7 -1.2062 1.1795
24796.9 -1.2474 1.1384
25302.9 -1.2914 1.0978
25830.1 -1.3382 1.0579
26379.6 -1.3884 1.0186
26953.1 -1.4417 0.9796
27552.1 -1.4994 0.9409
28178.3 -1.5634 0.9030
28833.6 -1.6350 0.8657
29520.1 -1.7163 0.8291
30240.1 -1.8102 0.7933
30996.1 -1.9214 0.7581
31790.9 -2.0574 0.7237
32627.5 -2.2320 0.6900
33509.3 -2.4733 0.6570
34440.1 -2.8548 0.6248
34545.7 -2.9130 0.6213
34555.3 -2.9186 0.6210
34564.9 -2.9241 0.6207
34574.6 -2.9298 0.6203
34584.2 -2.9354 0.6200
34593.8 -2.9411 0.6197
34603.5 -2.9469 0.6194
34613.2 -2.9527 0.6191
34622.8 -2.9585 0.6187
34632.5 -2.9644 0.6184
34642.2 -2.9704 0.6181
34651.9 -2.9763 0.6178
34661.5 -2.9824 0.6175
34671.2 -2.9885 0.6172
34680.9 -2.9946 0.6168
34690.6 -3.0008 0.6165
34700.3 -3.0070 0.6162
34710.1 -3.0133 0.6159
34719.8 -3.0197 0.6156
34729.5 -3.0261 0.6153
34739.2 -3.0326 0.6149
34749 -3.0391 0.6146
34758.7 -3.0457 0.6143
34768.5 -3.0523 0.6140
34778.2 -3.0590 0.6137
34788 -3.0658 0.6134
34797.7 -3.0726 0.6130
34807.5 -3.0795 0.6127
34817.3 -3.0864 0.6124
34827.1 -3.0935 0.6121
34836.8 -3.1005 0.6118
34846.6 -3.1077 0.6115
34856.4 -3.1149 0.6111
34866.2 -3.1222 0.6108
34876 -3.1296 0.6105
34885.9 -3.1370 0.6102
34895.7 -3.1445 0.6099
34905.5 -3.1521 0.6096
34915.3 -3.1598 0.6093
34925.2 -3.1675 0.6089
34935 -3.1753 0.6086
34944.9 -3.1833 0.6083
34954.7 -3.1912 0.6080
34964.6 -3.1993 0.6077
34974.4 -3.2075 0.6074
34984.3 -3.2157 0.6070
34994.2 -3.2241 0.6067
35004 -3.2325 0.6064
35013.9 -3.2411 0.6061
35023.8 -3.2497 0.6058
35033.7 -3.2584 0.6055
35043.6 -3.2672 0.6052
35053.5 -3.2762 0.6048
35063.4 -3.2852 0.6045
35073.4 -3.2944 0.6042
35083.3 -3.3036 0.6039
35093.2 -3.3130 0.6036
35103.2 -3.3225 0.6033
35113.1 -3.3321 0.6030
35123 -3.3418 0.6026
35133 -3.3517 0.6023
35143 -3.3616 0.6020
35152.9 -3.3718 0.6017
35162.9 -3.3820 0.6014
35172.9 -3.3924 0.6011
35182.8 -3.4029 0.6008
35192.8 -3.4136 0.6005
35202.8 -3.4244 0.6001
35212.8 -3.4353 0.5998
35222.8 -3.4465 0.5995
35232.8 -3.4577 0.5992
35242.8 -3.4692 0.5989
35252.9 -3.4808 0.5986
35262.9 -3.4926 0.5983
35272.9 -3.5046 0.5980
35283 -3.5167 0.5976
35293 -3.5291 0.5973
35303.1 -3.5416 0.5970
35313.1 -3.5544 0.5967
35323.2 -3.5673 0.5964
35333.2 -3.5805 0.5961
35343.3 -3.5939 0.5958
35353.4 -3.6075 0.5955
35363.5 -3.6213 0.5951
35373.6 -3.6354 0.5948
35383.7 -3.6498 0.5945
35393.8 -3.6644 0.5942
35403.9 -3.6793 0.5939
35414 -3.6944 0.5936
35424.1 -3.7099 0.5933
35434.2 -3.7257 0.5930
35444.4 -3.7417 0.5926
35454.5 -3.7581 0.5923
35464.6 -3.7749 0.5920
35474.8 -3.7920 0.5917
35484.9 -3.8094 0.5914
35495.1 -3.8272 0.5911
35505.3 -3.8455 0.5908
35515.4 -3.8641 0.5905
35525.6 -3.8832 0.5902
35535.8 -3.9028 0.5898
35546 -3.9228 0.5895
35556.2 -3.9433 0.5892
35566.4 -3.9643 0.5889
35576.6 -3.9859 0.5886
35586.8 -4.0081 0.5883
35597 -4.0308 0.5880
35607.2 -4.0542 0.5877
35617.5 -4.0783 0.5874
35627.7 -4.1031 0.5871
35637.9 -4.1287 0.5867
35648.2 -4.1550 0.5864
35658.4 -4.1822 0.5861
35668.7 -4.2104 0.5858
35678.9 -4.2394 0.5855
35689.2 -4.2696 0.5852
35699.5 -4.3008 0.5849
35709.8 -4.3332 0.5846
35720.1 -4.3669 0.5843
35730.4 -4.4020 0.5840
35740.7 -4.4386 0.5836
35751 -4.4768 0.5833
35761.3 -4.5168 0.5830
35771.6 -4.5587 0.5827
35781.9 -4.6028 0.5824
35792.2 -4.6493 0.5821
35802.6 -4.6983 0.5818
35812.9 -4.7503 0.5815
35823.3 -4.8056 0.5812
35833.6 -4.8646 0.5809
35844 -4.9278 0.5806
35854.4 -4.9959 0.5802
35864.7 -5.0698 0.5799
35875.1 -5.1503 0.5796
35885.5 -5.2389 0.5793
35895.9 -5.3372 0.5790
35906.3 -5.4477 0.5787
35916.7 -5.5738 0.5784
35927.1 -5.7204 0.5781
35937.5 -5.8955 0.5778
35947.9 -6.1127 0.5775
35958.3 -6.3986 0.5772
35968.8 -6.8168 0.5769
35979.2 -7.6072 0.5765
35989.6 -8.5708 3.4895
36000.1 -7.1113 3.4879
36010.6 -6.5676 3.4863
36021 -6.2256 3.4847
36031.5 -5.9753 3.4831
36042 -5.7775 3.4815
36052.4 -5.6140 3.4799
36062.9 -5.4744 3.4783
36073.4 -5.3527 3.4767
36083.9 -5.2447 3.4751
36094.4 -5.1476 3.4735
36104.9 -5.0594 3.4719
36115.5 -4.9786 3.4703
36126 -4.9040 3.4687
36136.5 -4.8347 3.4671
36147 -4.7701 3.4655
36157.6 -4.7094 3.4639
36168.1 -4.6523 3.4623
36178.7 -4.5983 3.4607
36189.2 -4.5471 3.4591
36199.8 -4.4985 3.4575
36210.4 -4.4521 3.4559
36221 -4.4078 3.4543
36231.5 -4.3655 3.4527
36242.1 -4.3248 3.4511
36252.7 -4.2857 3.4495
36263.3 -4.2481 3.4479
36273.9 -4.2119 3.4464
36284.6 -4.1769 3.4448
36295.2 -4.1431 3.4432
36305.8 -4.1104 3.4416
36316.4 -4.0788 3.4400
36327.1 -4.0480 3.4384
36337.7 -4.0182 3.4368
36348.4 -3.9893 3.4352
36359 -3.9611 3.4336
36369.7 -3.9338 3.4320
36380.4 -3.9071 3.4304
36391.1 -3.8811 3.4288
36401.7 -3.8557 3.4272
36412.4 -3.8310 3.4256
36423.1 -3.8068 3.4240
36433.8 -3.7832 3.4224
36444.5 -3.7602 3.4208
36455.3 -3.7376 3.4192
36466 -3.7155 3.4176
36476.7 -3.6939 3.4160
36487.4 -3.6727 3.4144
36498.2 -3.6520 3.4129
36508.9 -3.6316 3.4113
36519.7 -3.6117 3.4097
36530.4 -3.5921 3.4081
36541.2 -3.5729 3.4065
36552 -3.5540 3.4049
36562.8 -3.5355 3.4033
36573.6 -3.5173 3.4017
36584.3 -3.4994 3.4001
36595.1 -3.4818 3.3985
36605.9 -3.4645 3.3969
36616.8 -3.4474 3.3953
36627.6 -3.4307 3.3937
36638.4 -3.4142 3.3922
36649.2 -3.3979 3.3906
36660.1 -3.3820 3.3890
36670.9 -3.3662 3.3874
36681.8 -3.3507 3.3858
36692.6 -3.3354 3.3842
36703.5 -3.3203 3.3826
36714.3 -3.3054 3.3810
36725.2 -3.2908 3.3794
36736.1 -3.2763 3.3778
36747 -3.2620 3.3762
36757.9 -3.2479 3.3747
36768.8 -3.2340 3.3731
36779.7 -3.2203 3.3715
36790.6 -3.2068 3.3699
36801.5 -3.1934 3.3683
36812.5 -3.1802 3.3667
36823.4 -3.1671 3.3651
36834.3 -3.1542 3.3635
36845.3 -3.1415 3.3619
36856.2 -3.1289 3.3603
36867.2 -3.1164 3.3588
36878.2 -3.1041 3.3572
36889.1 -3.0920 3.3556
36900.1 -3.0799 3.3540
36911.1 -3.0680 3.3524
36922.1 -3.0563 3.3508
36933.1 -3.0446 3.3492
36944.1 -3.0331 3.3476
36955.1 -3.0217 3.3461
36966.1 -3.0104 3.3445
36977.1 -2.9993 3.3429
36988.2 -2.9882 3.3413
36999.2 -2.9773 3.3397
37010.3 -2.9665 3.3381
37021.3 -2.9558 3.3365
37032.4 -2.9451 3.3350
37043.4 -2.9346 3.3334
37054.5 -2.9242 3.3318
37065.6 -2.9139 3.3302
37076.7 -2.9037 3.3286
37087.7 -2.8936 3.3270
37098.8 -2.8835 3.3254
37110 -2.8736 3.3239
37121.1 -2.8638 3.3223
37132.2 -2.8540 3.3207
37143.3 -2.8443 3.3191
37154.4 -2.8347 3.3175
37165.6 -2.8252 3.3159
37176.7 -2.8158 3.3143
37187.9 -2.8065 3.3128
37199 -2.7972 3.3112
37210.2 -2.7880 3.3096
37221.4 -2.7789 3.3080
37232.5 -2.7698 3.3064
37243.7 -2.7609 3.3048
37254.9 -2.7520 3.3033
37266.1 -2.7432 3.3017
37277.3 -2.7344 3.3001
37288.5 -2.7257 3.2985
37299.7 -2.7171 3.2969
37311 -2.7086 3.2953
37322.2 -2.7001 3.2938
37333.4 -2.6917 3.2922
37344.7 -2.6833 3.2906
37355.9 -2.6750 3.2890
37367.2 -2.6668 3.2874
37378.5 -2.6586 3.2859
37389.7 -2.6505 3.2843
37401 -2.6425 3.2827
37412.3 -2.6345 3.2811
37423.6 -2.6266 3.2795
37434.9 -2.6187 3.2780
37446.2 -2.6109 3.2764
37457.5 -2.6031 3.2748
37571 -2.5283 3.2590
38745.1 -1.9680 3.1004
39994.9 -1.5996 2.9439
41328.1 -1.3273 2.7898
42753.2 -1.1148 2.6383
44280.1 -0.9440 2.4895
45920.1 -0.8045 2.3434
47686.3 -0.6889 2.2000
49593.7 -0.5940 2.0595
51660.1 -0.5159 1.9221
53906.2 -0.4521 1.7879
56356.5 -0.4009 1.6570
59040.2 -0.3608 1.5295
61992.2 -0.3304 1.4055
65254.9 -0.3090 1.2853
68880.2 -0.2955 1.1689
72932 -0.2887 1.0565
77490.2 -0.2897 0.9483
82656.2 -0.2952 0.8434
88560.2 -0.3071 0.7426
95372.6 -0.3254 0.6478
103320 -0.3483 0.5589
112713 -0.3750 0.4760
123984 -0.4047 0.3993
