4290.12  -5.6647  5.9433
4305.01  -5.6855  5.9114
4320.01  -5.7066  5.8796
4335.12  -5.7282  5.8478
4350.33  -5.7501  5.8161
4365.65  -5.7724  5.7844
4381.07  -5.7951  5.7527
4396.61  -5.8183  5.7212
4412.25  -5.8419  5.6896
4428.01  -5.8659  5.6582
4443.88  -5.8890  5.6267
4459.87  -5.9139  5.5953
4475.97  -5.9393  5.5640
4492.19  -5.9652  5.5327
4508.52  -5.9916  5.5015
4524.98  -6.0185  5.4703
4541.55  -6.0460  5.4392
4558.25  -6.0740  5.4082
4575.07  -6.1025  5.3772
4592.01  -6.1317  5.3462
4609.08  -6.1614  5.3153
4626.28  -6.1918  5.2844
4643.61  -6.2228  5.2536
4661.07  -6.2545  5.2229
4678.65  -6.2868  5.1922
4696.38  -6.3199  5.1616
4714.23  -6.3537  5.1310
4732.23  -6.3883  5.1005
4750.36  -6.4237  5.0700
4768.63  -6.4599  5.0396
4787.04  -6.4969  5.0093
4805.59  -6.5348  4.9790
4824.29  -6.5737  4.9487
4843.14  -6.6135  4.9185
4862.13  -6.6543  4.8884
4881.27  -6.6962  4.8583
4900.57  -6.7392  4.8283
4920.01  -6.7832  4.7983
4939.62  -6.8285  4.7684
4959.37  -6.8751  4.7386
4979.29  -6.9229  4.7088
4999.37  -6.9721  4.6791
5019.61  -7.0228  4.6494
5040.01  -7.0750  4.6198
5060.59  -7.1287  4.5902
5081.33  -7.1842  4.5607
5102.24  -7.2414  4.5313
5123.32  -7.3005  4.5019
5144.58  -7.3616  4.4726
5166.01  -7.4249  4.4433
5187.63  -7.4903  4.4141
5209.43  -7.5582  4.3850
5231.41  -7.6286  4.3559
5253.57  -7.7017  4.3268
5275.93  -7.7778  4.2979
5298.48  -7.8570  4.2690
5321.22  -7.9396  4.2401
5344.15  -8.0258  4.2113
5367.29  -8.1160  4.1826
5390.62  -8.2026  4.1539
5414.16  -8.3019  4.1252
5437.91  -8.4064  4.0966
5461.87  -8.5165  4.0680
5486.03  -8.6329  4.0395
5510.42  -8.7562  4.0110
5535.02  -8.8873  3.9826
5559.84  -9.0272  3.9543
5584.88  -9.1770  3.9261
5610.15  -9.3382  3.8979
5635.65  -9.5125  3.8697
5661.39  -9.7022  3.8417
5687.36  -9.9101  3.8137
5713.56  -10.1400  3.7858
5740.02  -10.3973  3.7579
5766.71  -10.6883  3.7301
5793.66  -11.0236  3.7024
5820.86  -11.4142  3.6747
5848.32  -11.8961  3.6470
5876.04  -12.5128  3.6195
5904.02  -13.3701  3.5919
5924.05  -14.2749  3.5724
5924.33  -14.2907  3.5722
5924.61  -14.3066  3.5719
5924.89  -14.3226  3.5716
5925.18  -14.3387  3.5713
5925.46  -14.3550  3.5711
5925.74  -14.3713  3.5708
5926.03  -14.3878  3.5705
5926.31  -14.4044  3.5702
5926.59  -14.4212  3.5700
5926.88  -14.4380  3.5697
5927.16  -14.4550  3.5694
5927.44  -14.4721  3.5692
5927.73  -14.4894  3.5689
5928.01  -14.5068  3.5686
5928.29  -14.5243  3.5683
5928.58  -14.5419  3.5681
5928.86  -14.5597  3.5678
5929.14  -14.5777  3.5675
5929.43  -14.5958  3.5672
5929.71  -14.6140  3.5670
5930  -14.6324  3.5667
5930.28  -14.6509  3.5664
5930.56  -14.6696  3.5661
5930.85  -14.6885  3.5659
5931.13  -14.7075  3.5656
5931.41  -14.7267  3.5653
5931.7  -14.7460  3.5650
5931.98  -14.7656  3.5648
5932.27  -14.7852  3.5645
5932.55  -14.8051  3.5642
5932.83  -14.8251  3.5639
5933.12  -14.8454  3.5637
5933.4  -14.8658  3.5634
5933.68  -14.8864  3.5631
5933.97  -14.9072  3.5628
5934.25  -14.9282  3.5626
5934.54  -14.9493  3.5623
5934.82  -14.9707  3.5620
5935.11  -14.9923  3.5618
5935.39  -15.0141  3.5615
5935.67  -15.0362  3.5612
5935.96  -15.0584  3.5609
5936.24  -15.0809  3.5607
5936.53  -15.1035  3.5604
5936.81  -15.1265  3.5601
5937.09  -15.1496  3.5598
5937.38  -15.1730  3.5596
5937.66  -15.1967  3.5593
5937.95  -15.2206  3.5590
5938.23  -15.2448  3.5587
5938.52  -15.2692  3.5585
5938.8  -15.2939  3.5582
5939.09  -15.3189  3.5579
5939.37  -15.3441  3.5576
5939.65  -15.3697  3.5574
5939.94  -15.3955  3.5571
5940.22  -15.4217  3.5568
5940.51  -15.4481  3.5565
5940.79  -15.4749  3.5563
5941.08  -15.5020  3.5560
5941.36  -15.5294  3.5557
5941.65  -15.5572  3.5554
5941.93  -15.5853  3.5552
5942.22  -15.6138  3.5549
5942.5  -15.6426  3.5546
5942.79  -15.6719  3.5544
5943.07  -15.7015  3.5541
5943.36  -15.7315  3.5538
5943.64  -15.7619  3.5535
5943.93  -15.7927  3.5533
5944.21  -15.8240  3.5530
5944.5  -15.8557  3.5527
5944.78  -15.8879  3.5524
5945.07  -15.9205  3.5522
5945.35  -15.9536  3.5519
5945.64  -15.9872  3.5516
5945.92  -16.0213  3.5513
5946.21  -16.0560  3.5511
5946.49  -16.0912  3.5508
5946.78  -16.1269  3.5505
5947.06  -16.1632  3.5502
5947.35  -16.2002  3.5500
5947.63  -16.2377  3.5497
5947.92  -16.2759  3.5494
5948.2  -16.3148  3.5492
5948.49  -16.3543  3.5489
5948.77  -16.3945  3.5486
5949.06  -16.4355  3.5483
5949.34  -16.4773  3.5481
5949.63  -16.5198  3.5478
5949.92  -16.5631  3.5475
5950.2  -16.6074  3.5472
5950.49  -16.6524  3.5470
5950.77  -16.6985  3.5467
5951.06  -16.7454  3.5464
5951.34  -16.7934  3.5461
5951.63  -16.8425  3.5459
5951.92  -16.8926  3.5456
5952.2  -16.9439  3.5453
5952.49  -16.9963  3.5450
5952.77  -17.0500  3.5448
5953.06  -17.1051  3.5445
5953.34  -17.1615  3.5442
5953.63  -17.2193  3.5440
5953.92  -17.2787  3.5437
5954.2  -17.3397  3.5434
5954.49  -17.4024  3.5431
5954.77  -17.4669  3.5429
5955.06  -17.5333  3.5426
5955.35  -17.6017  3.5423
5955.63  -17.6723  3.5420
5955.92  -17.7451  3.5418
5956.2  -17.8203  3.5415
5956.49  -17.8982  3.5412
5956.78  -17.9788  3.5409
5957.06  -18.0625  3.5407
5957.35  -18.1493  3.5404
5957.64  -18.2397  3.5401
5957.92  -18.3337  3.5399
5958.21  -18.4319  3.5396
5958.49  -18.5346  3.5393
5958.78  -18.6421  3.5390
5959.07  -18.7550  3.5388
5959.35  -18.8739  3.5385
5959.64  -18.9993  3.5382
5959.93  -19.1321  3.5379
5960.21  -19.2732  3.5377
5960.5  -19.4237  3.5374
5960.79  -19.5840  3.5371
5961.07  -19.7584  3.5368
5961.36  -19.9463  3.5366
5961.65  -20.1513  3.5363
5961.93  -20.3767  3.5360
5962.22  -20.6269  3.5357
5962.51  -20.9082  3.5355
5962.79  -21.2294  3.5352
5963.08  -21.6037  3.5349
5963.37  -22.0520  3.5347
5963.65  -22.6111  3.5344
5963.94  -23.3542  3.5341
5964.23  -24.4653  3.5338
5964.51  -26.7251  3.5336
5964.8  -27.5916  10.7126
5965.09  -24.7719  10.7114
5965.37  -23.5463  10.7103
5965.66  -22.7521  10.7091
5965.95  -22.1634  10.7080
5966.24  -21.6953  10.7068
5966.52  -21.3067  10.7057
5966.81  -20.9744  10.7045
5967.1  -20.6842  10.7034
5967.38  -20.4265  10.7022
5967.67  -20.1948  10.7011
5967.96  -19.9843  10.6999
5968.25  -19.7914  10.6988
5968.53  -19.6135  10.6976
5968.82  -19.4483  10.6965
5969.11  -19.2942  10.6953
5969.4  -19.1497  10.6942
5969.68  -19.0137  10.6930
5969.97  -18.8853  10.6919
5970.26  -18.7637  10.6907
5970.55  -18.6482  10.6896
5970.83  -18.5382  10.6885
5971.12  -18.4332  10.6873
5971.41  -18.3327  10.6862
5971.7  -18.2364  10.6850
5971.98  -18.1440  10.6839
5972.27  -18.0552  10.6827
5972.56  -17.9696  10.6816
5972.85  -17.8871  10.6804
5973.13  -17.8074  10.6793
5973.42  -17.7304  10.6781
5973.71  -17.6559  10.6770
5974  -17.5837  10.6758
5974.29  -17.5136  10.6747
5974.57  -17.4457  10.6736
5974.86  -17.3796  10.6724
5975.15  -17.3154  10.6713
5975.44  -17.2530  10.6701
5975.73  -17.1922  10.6690
5976.01  -17.1329  10.6678
5976.3  -17.0751  10.6667
5976.59  -17.0187  10.6655
5976.88  -16.9637  10.6644
5977.17  -16.9099  10.6633
5977.45  -16.8574  10.6621
5977.74  -16.8060  10.6610
5978.03  -16.7558  10.6598
5978.32  -16.7066  10.6587
5978.61  -16.6584  10.6575
5978.89  -16.6113  10.6564
5979.18  -16.5650  10.6552
5979.47  -16.5197  10.6541
5979.76  -16.4752  10.6530
5980.05  -16.4316  10.6518
5980.34  -16.3888  10.6507
5980.63  -16.3467  10.6495
5980.91  -16.3055  10.6484
5981.2  -16.2649  10.6473
5981.49  -16.2250  10.6461
5981.78  -16.1858  10.6450
5982.07  -16.1473  10.6438
5982.36  -16.1094  10.6427
5982.65  -16.0721  10.6415
5982.93  -16.0354  10.6404
5983.22  -15.9993  10.6393
5983.51  -15.9637  10.6381
5983.8  -15.9287  10.6370
5984.09  -15.8941  10.6358
5984.38  -15.8601  10.6347
5984.67  -15.8266  10.6336
5984.96  -15.7936  10.6324
5985.24  -15.7610  10.6313
5985.53  -15.7289  10.6301
5985.82  -15.6973  10.6290
5986.11  -15.6660  10.6279
5986.4  -15.6352  10.6267
5986.69  -15.6048  10.6256
5986.98  -15.5747  10.6245
5987.27  -15.5451  10.6233
5987.56  -15.5158  10.6222
5987.85  -15.4869  10.6210
5988.14  -15.4584  10.6199
5988.42  -15.4302  10.6188
5988.71  -15.4024  10.6176
5989  -15.3749  10.6165
5989.29  -15.3477  10.6153
5989.58  -15.3208  10.6142
5989.87  -15.2942  10.6131
5990.16  -15.2680  10.6119
5990.45  -15.2420  10.6108
5990.74  -15.2163  10.6097
5991.03  -15.1909  10.6085
5991.32  -15.1658  10.6074
5991.61  -15.1410  10.6063
5991.9  -15.1164  10.6051
5992.19  -15.0921  10.6040
5992.48  -15.0680  10.6028
5992.77  -15.0442  10.6017
5993.06  -15.0206  10.6006
5993.35  -14.9973  10.5994
5993.64  -14.9742  10.5983
5993.93  -14.9514  10.5972
5994.22  -14.9287  10.5960
5994.5  -14.9063  10.5949
5994.79  -14.8841  10.5938
5995.08  -14.8621  10.5926
5995.37  -14.8403  10.5915
5995.66  -14.8188  10.5904
5995.95  -14.7974  10.5892
5996.24  -14.7762  10.5881
5996.53  -14.7553  10.5870
5996.82  -14.7345  10.5858
5997.11  -14.7139  10.5847
5997.4  -14.6934  10.5836
5997.69  -14.6732  10.5824
5997.98  -14.6532  10.5813
5998.27  -14.6333  10.5802
5998.57  -14.6136  10.5790
5998.86  -14.5940  10.5779
5999.15  -14.5746  10.5768
5999.44  -14.5554  10.5756
5999.73  -14.5364  10.5745
6000.02  -14.5175  10.5734
6000.31  -14.4987  10.5722
6000.6  -14.4802  10.5711
6000.89  -14.4617  10.5700
6001.18  -14.4434  10.5689
6001.47  -14.4253  10.5677
6001.76  -14.4073  10.5666
6002.05  -14.3894  10.5655
6002.34  -14.3717  10.5643
6002.63  -14.3541  10.5632
6002.92  -14.3367  10.5621
6003.21  -14.3194  10.5609
6003.5  -14.3022  10.5598
6003.79  -14.2852  10.5587
6004.08  -14.2682  10.5575
6018.66  -13.5525  10.5013
6048.02  -12.5832  10.3899
6077.66  -11.9294  10.2800
6107.6  -11.4510  10.1715
6137.84  -11.0882  10.0646
6168.38  -10.8109  9.9591
6199.22  -10.6032  9.8550
6230.37  -10.4570  9.7524
6261.84  -10.5204  9.6533
6293.62  -10.4963  9.5718
6325.73  -10.5490  9.4906
6358.17  -10.7136  9.4095
6390.95  -11.0857  9.3287
6391.28  -11.0912  9.3278
6391.6  -11.0968  9.3270
6391.93  -11.1025  9.3262
6392.26  -11.1082  9.3254
6392.59  -11.1139  9.3246
6392.92  -11.1197  9.3238
6393.25  -11.1255  9.3230
6393.58  -11.1314  9.3222
6393.91  -11.1374  9.3214
6394.24  -11.1434  9.3206
6394.57  -11.1495  9.3198
6394.9  -11.1556  9.3190
6395.23  -11.1618  9.3182
6395.56  -11.1681  9.3173
6395.89  -11.1744  9.3165
6396.22  -11.1808  9.3157
6396.55  -11.1872  9.3149
6396.88  -11.1937  9.3141
6397.21  -11.2003  9.3133
6397.54  -11.2069  9.3125
6397.87  -11.2136  9.3117
6398.2  -11.2204  9.3109
6398.53  -11.2272  9.3101
6398.86  -11.2341  9.3093
6399.19  -11.2411  9.3085
6399.52  -11.2481  9.3077
6399.85  -11.2553  9.3069
6400.18  -11.2624  9.3060
6400.51  -11.2697  9.3052
6400.84  -11.2771  9.3044
6401.17  -11.2845  9.3036
6401.5  -11.2920  9.3028
6401.84  -11.2996  9.3020
6402.17  -11.3072  9.3012
6402.5  -11.3150  9.3004
6402.83  -11.3228  9.2996
6403.16  -11.3307  9.2988
6403.49  -11.3387  9.2980
6403.82  -11.3468  9.2972
6404.15  -11.3550  9.2964
6404.48  -11.3633  9.2956
6404.81  -11.3717  9.2947
6405.14  -11.3801  9.2939
6405.47  -11.3887  9.2931
6405.8  -11.3974  9.2923
6406.14  -11.4061  9.2915
6406.47  -11.4150  9.2907
6406.8  -11.4240  9.2899
6407.13  -11.4331  9.2891
6407.46  -11.4423  9.2883
6407.79  -11.4516  9.2875
6408.12  -11.4610  9.2867
6408.45  -11.4705  9.2859
6408.78  -11.4802  9.2851
6409.12  -11.4899  9.2843
6409.45  -11.4998  9.2835
6409.78  -11.5099  9.2826
6410.11  -11.5200  9.2818
6410.44  -11.5303  9.2810
6410.77  -11.5407  9.2802
6411.1  -11.5512  9.2794
6411.44  -11.5619  9.2786
6411.77  -11.5728  9.2778
6412.1  -11.5838  9.2770
6412.43  -11.5949  9.2762
6412.76  -11.6062  9.2754
6413.09  -11.6176  9.2746
6413.43  -11.6292  9.2738
6413.76  -11.6410  9.2730
6414.09  -11.6529  9.2722
6414.42  -11.6650  9.2714
6414.75  -11.6773  9.2706
6415.08  -11.6898  9.2697
6415.42  -11.7025  9.2689
6415.75  -11.7153  9.2681
6416.08  -11.7284  9.2673
6416.41  -11.7416  9.2665
6416.74  -11.7551  9.2657
6417.08  -11.7688  9.2649
6417.41  -11.7826  9.2641
6417.74  -11.7968  9.2633
6418.07  -11.8111  9.2625
6418.41  -11.8257  9.2617
6418.74  -11.8405  9.2609
6419.07  -11.8556  9.2601
6419.4  -11.8710  9.2593
6419.74  -11.8866  9.2585
6420.07  -11.9025  9.2577
6420.4  -11.9187  9.2569
6420.73  -11.9352  9.2560
6421.07  -11.9520  9.2552
6421.4  -11.9691  9.2544
6421.73  -11.9865  9.2536
6422.06  -12.0043  9.2528
6422.4  -12.0224  9.2520
6422.73  -12.0409  9.2512
6423.06  -12.0598  9.2504
6423.39  -12.0790  9.2496
6423.73  -12.0987  9.2488
6424.06  -12.1188  9.2480
6424.39  -12.1393  9.2472
6424.73  -12.1603  9.2464
6425.06  -12.1818  9.2456
6425.39  -12.2038  9.2448
6425.72  -12.2263  9.2440
6426.06  -12.2493  9.2432
6426.39  -12.2729  9.2423
6426.72  -12.2971  9.2415
6427.06  -12.3219  9.2407
6427.39  -12.3474  9.2399
6427.72  -12.3736  9.2391
6428.06  -12.4005  9.2383
6428.39  -12.4281  9.2375
6428.72  -12.4566  9.2367
6429.06  -12.4859  9.2359
6429.39  -12.5161  9.2351
6429.72  -12.5472  9.2343
6430.06  -12.5794  9.2335
6430.39  -12.6126  9.2327
6430.72  -12.6469  9.2319
6431.06  -12.6825  9.2311
6431.39  -12.7194  9.2303
6431.72  -12.7577  9.2295
6432.06  -12.7975  9.2287
6432.39  -12.8389  9.2279
6432.73  -12.8820  9.2270
6433.06  -12.9270  9.2262
6433.39  -12.9742  9.2254
6433.73  -13.0235  9.2246
6434.06  -13.0753  9.2238
6434.39  -13.1299  9.2230
6434.73  -13.1875  9.2222
6435.06  -13.2484  9.2214
6435.4  -13.3131  9.2206
6435.73  -13.3820  9.2198
6436.06  -13.4557  9.2190
6436.4  -13.5350  9.2182
6436.73  -13.6206  9.2174
6437.07  -13.7137  9.2166
6437.4  -13.8157  9.2158
6437.74  -13.9284  9.2150
6438.07  -14.0543  9.2142
6438.4  -14.1968  9.2134
6438.74  -14.3609  9.2126
6439.07  -14.5543  9.2118
6439.41  -14.7894  9.2109
6439.74  -15.0893  9.2101
6440.08  -15.5031  9.2093
6440.41  -16.1731  9.2085
6440.75  -18.1481  9.2077
6441.08  -16.6431  12.7055
6441.41  -15.7356  12.7043
6441.75  -15.2408  12.7032
6442.08  -14.8984  12.7021
6442.42  -14.6360  12.7009
6442.75  -14.4231  12.6998
6443.09  -14.2439  12.6986
6443.42  -14.0891  12.6975
6443.76  -13.9527  12.6963
6444.09  -13.8309  12.6952
6444.43  -13.7207  12.6941
6444.76  -13.6202  12.6929
6445.1  -13.5276  12.6918
6445.43  -13.4420  12.6906
6445.77  -13.3621  12.6895
6446.1  -13.2874  12.6884
6446.44  -13.2172  12.6872
6446.77  -13.1509  12.6861
6447.11  -13.0882  12.6849
6447.44  -13.0286  12.6838
6447.78  -12.9719  12.6826
6448.11  -12.9178  12.6815
6448.45  -12.8660  12.6804
6448.79  -12.8164  12.6792
6449.12  -12.7687  12.6781
6449.46  -12.7229  12.6769
6449.79  -12.6787  12.6758
6450.13  -12.6361  12.6747
6450.46  -12.5950  12.6735
6450.8  -12.5552  12.6724
6451.13  -12.5166  12.6712
6451.47  -12.4793  12.6701
6451.81  -12.4430  12.6690
6452.14  -12.4078  12.6678
6452.48  -12.3736  12.6667
6452.81  -12.3403  12.6655
6453.15  -12.3078  12.6644
6453.48  -12.2762  12.6632
6453.82  -12.2454  12.6621
6454.16  -12.2153  12.6610
6454.49  -12.1859  12.6598
6454.83  -12.1572  12.6587
6455.16  -12.1292  12.6575
6455.5  -12.1017  12.6564
6455.84  -12.0749  12.6553
6456.17  -12.0486  12.6541
6456.51  -12.0228  12.6530
6456.85  -11.9976  12.6518
6457.18  -11.9728  12.6507
6457.52  -11.9485  12.6496
6457.85  -11.9247  12.6484
6458.19  -11.9013  12.6473
6458.53  -11.8783  12.6461
6458.86  -11.8557  12.6450
6459.2  -11.8335  12.6439
6459.54  -11.8117  12.6427
6459.87  -11.7902  12.6416
6460.21  -11.7691  12.6404
6460.55  -11.7484  12.6393
6460.88  -11.7279  12.6382
6461.22  -11.7078  12.6370
6461.56  -11.6880  12.6359
6461.89  -11.6684  12.6348
6462.23  -11.6492  12.6336
6462.57  -11.6302  12.6325
6462.9  -11.6115  12.6313
6463.24  -11.5931  12.6302
6463.58  -11.5749  12.6291
6463.91  -11.5570  12.6279
6464.25  -11.5393  12.6268
6464.59  -11.5218  12.6256
6464.93  -11.5046  12.6245
6465.26  -11.4875  12.6234
6465.6  -11.4707  12.6222
6465.94  -11.4541  12.6211
6466.27  -11.4377  12.6199
6466.61  -11.4215  12.6188
6466.95  -11.4055  12.6177
6467.29  -11.3897  12.6165
6467.62  -11.3740  12.6154
6467.96  -11.3585  12.6143
6468.3  -11.3433  12.6131
6468.64  -11.3281  12.6120
6468.97  -11.3132  12.6108
6469.31  -11.2984  12.6097
6469.65  -11.2837  12.6086
6469.99  -11.2692  12.6074
6470.32  -11.2549  12.6063
6470.66  -11.2407  12.6051
6471  -11.2267  12.6040
6471.34  -11.2128  12.6029
6471.67  -11.1990  12.6017
6472.01  -11.1854  12.6006
6472.35  -11.1719  12.5995
6472.69  -11.1585  12.5983
6473.03  -11.1453  12.5972
6473.36  -11.1321  12.5960
6473.7  -11.1192  12.5949
6474.04  -11.1063  12.5938
6474.38  -11.0935  12.5926
6474.72  -11.0809  12.5915
6475.05  -11.0683  12.5904
6475.39  -11.0559  12.5892
6475.73  -11.0436  12.5881
6476.07  -11.0314  12.5869
6476.41  -11.0193  12.5858
6476.75  -11.0073  12.5847
6477.08  -10.9954  12.5835
6477.42  -10.9836  12.5824
6477.76  -10.9718  12.5813
6478.1  -10.9602  12.5801
6478.44  -10.9487  12.5790
6478.78  -10.9373  12.5778
6479.11  -10.9259  12.5767
6479.45  -10.9147  12.5756
6479.79  -10.9035  12.5744
6480.13  -10.8924  12.5733
6480.47  -10.8815  12.5722
6480.81  -10.8705  12.5710
6481.15  -10.8597  12.5699
6481.49  -10.8490  12.5688
6481.82  -10.8383  12.5676
6482.16  -10.8277  12.5665
6482.5  -10.8172  12.5653
6482.84  -10.8067  12.5642
6483.18  -10.7964  12.5631
6483.52  -10.7861  12.5619
6483.86  -10.7758  12.5608
6484.2  -10.7657  12.5597
6484.54  -10.7556  12.5585
6491.33  -10.5671  12.5358
6525.49  -9.8659  12.4226
6560.02  -9.3788  12.3098
6594.91  -9.0077  12.1975
6630.18  -8.7153  12.0856
6665.82  -8.4866  11.9743
6701.86  -8.3190  11.8635
6738.28  -8.2228  11.7531
6775.1  -8.2642  11.6449
6782.88  -8.2911  11.6226
6783.26  -8.2927  11.6216
6783.63  -8.2943  11.6205
6784  -8.2960  11.6195
6784.37  -8.2976  11.6184
6784.74  -8.2994  11.6173
6785.11  -8.3011  11.6163
6785.48  -8.3029  11.6152
6785.85  -8.3047  11.6142
6786.23  -8.3065  11.6131
6786.6  -8.3084  11.6120
6786.97  -8.3103  11.6110
6787.34  -8.3123  11.6099
6787.71  -8.3143  11.6089
6788.08  -8.3163  11.6078
6788.46  -8.3184  11.6067
6788.83  -8.3205  11.6057
6789.2  -8.3226  11.6046
6789.57  -8.3248  11.6036
6789.94  -8.3270  11.6025
6790.31  -8.3293  11.6014
6790.69  -8.3315  11.6004
6791.06  -8.3339  11.5993
6791.43  -8.3363  11.5983
6791.8  -8.3387  11.5972
6792.17  -8.3412  11.5961
6792.55  -8.3437  11.5951
6792.92  -8.3462  11.5940
6793.29  -8.3488  11.5930
6793.66  -8.3515  11.5919
6794.03  -8.3542  11.5909
6794.41  -8.3569  11.5898
6794.78  -8.3597  11.5887
6795.15  -8.3625  11.5877
6795.52  -8.3654  11.5866
6795.9  -8.3684  11.5856
6796.27  -8.3714  11.5845
6796.64  -8.3744  11.5834
6797.01  -8.3775  11.5824
6797.39  -8.3807  11.5813
6797.76  -8.3839  11.5803
6798.13  -8.3872  11.5792
6798.51  -8.3905  11.5781
6798.88  -8.3939  11.5771
6799.25  -8.3974  11.5760
6799.62  -8.4009  11.5750
6800  -8.4045  11.5739
6800.37  -8.4081  11.5729
6800.74  -8.4119  11.5718
6801.12  -8.4156  11.5707
6801.49  -8.4195  11.5697
6801.86  -8.4234  11.5686
6802.24  -8.4274  11.5676
6802.61  -8.4315  11.5665
6802.98  -8.4356  11.5654
6803.36  -8.4399  11.5644
6803.73  -8.4442  11.5633
6804.1  -8.4485  11.5623
6804.48  -8.4530  11.5612
6804.85  -8.4576  11.5601
6805.22  -8.4622  11.5591
6805.6  -8.4669  11.5580
6805.97  -8.4718  11.5570
6806.34  -8.4767  11.5559
6806.72  -8.4817  11.5549
6807.09  -8.4868  11.5538
6807.46  -8.4920  11.5527
6807.84  -8.4973  11.5517
6808.21  -8.5028  11.5506
6808.59  -8.5083  11.5496
6808.96  -8.5140  11.5485
6809.33  -8.5197  11.5474
6809.71  -8.5256  11.5464
6810.08  -8.5316  11.5453
6810.46  -8.5378  11.5443
6810.83  -8.5440  11.5432
6811.2  -8.5504  11.5422
6811.58  -8.5570  11.5411
6811.95  -8.5637  11.5400
6812.33  -8.5705  11.5390
6812.7  -8.5775  11.5379
6813.08  -8.5846  11.5369
6813.45  -8.5919  11.5358
6813.82  -8.5994  11.5348
6814.2  -8.6071  11.5337
6814.57  -8.6149  11.5326
6814.95  -8.6229  11.5316
6815.32  -8.6311  11.5305
6815.7  -8.6395  11.5295
6816.07  -8.6482  11.5284
6816.45  -8.6570  11.5274
6816.82  -8.6661  11.5263
6817.2  -8.6754  11.5252
6817.57  -8.6850  11.5242
6817.95  -8.6948  11.5231
6818.32  -8.7049  11.5221
6818.7  -8.7152  11.5210
6819.07  -8.7259  11.5199
6819.45  -8.7368  11.5189
6819.82  -8.7481  11.5178
6820.2  -8.7597  11.5168
6820.57  -8.7717  11.5157
6820.95  -8.7841  11.5147
6821.32  -8.7968  11.5136
6821.7  -8.8099  11.5125
6822.07  -8.8235  11.5115
6822.45  -8.8376  11.5104
6822.82  -8.8521  11.5094
6823.2  -8.8672  11.5083
6823.57  -8.8828  11.5073
6823.95  -8.8990  11.5062
6824.33  -8.9158  11.5051
6824.7  -8.9333  11.5041
6825.08  -8.9516  11.5030
6825.45  -8.9706  11.5020
6825.83  -8.9904  11.5009
6826.2  -9.0112  11.4999
6826.58  -9.0329  11.4988
6826.96  -9.0557  11.4977
6827.33  -9.0796  11.4967
6827.71  -9.1049  11.4956
6828.08  -9.1315  11.4946
6828.46  -9.1598  11.4935
6828.84  -9.1897  11.4925
6829.21  -9.2217  11.4914
6829.59  -9.2558  11.4903
6829.96  -9.2925  11.4893
6830.34  -9.3320  11.4882
6830.72  -9.3749  11.4872
6831.09  -9.4218  11.4861
6831.47  -9.4733  11.4851
6831.85  -9.5305  11.4840
6832.22  -9.5947  11.4830
6832.6  -9.6678  11.4819
6832.98  -9.7525  11.4808
6833.35  -9.8531  11.4798
6833.73  -9.9767  11.4787
6834.11  -10.1367  11.4777
6834.48  -10.3629  11.4766
6834.86  -10.7506  11.4756
6835.24  -13.5841  11.4745
6835.61  -10.7578  13.2523
6835.99  -10.3611  13.2512
6836.37  -10.1286  13.2501
6836.74  -9.9631  13.2490
6837.12  -9.8342  13.2479
6837.5  -9.7286  13.2468
6837.87  -9.6389  13.2456
6838.25  -9.5609  13.2445
6838.63  -9.4919  13.2434
6839.01  -9.4299  13.2423
6839.38  -9.3736  13.2412
6839.76  -9.3221  13.2401
6840.14  -9.2744  13.2390
6840.52  -9.2302  13.2379
6840.89  -9.1888  13.2368
6841.27  -9.1500  13.2357
6841.65  -9.1134  13.2346
6842.03  -9.0787  13.2335
6842.4  -9.0459  13.2324
6842.78  -9.0145  13.2313
6843.16  -8.9847  13.2302
6843.54  -8.9561  13.2290
6843.91  -8.9286  13.2279
6844.29  -8.9023  13.2268
6844.67  -8.8769  13.2257
6845.05  -8.8524  13.2246
6845.43  -8.8288  13.2235
6845.8  -8.8060  13.2224
6846.18  -8.7839  13.2213
6846.56  -8.7624  13.2202
6846.94  -8.7416  13.2191
6847.32  -8.7214  13.2180
6847.69  -8.7017  13.2169
6848.07  -8.6826  13.2158
6848.45  -8.6640  13.2147
6848.83  -8.6458  13.2135
6849.21  -8.6280  13.2124
6849.59  -8.6107  13.2113
6849.96  -8.5938  13.2102
6850.34  -8.5772  13.2091
6850.72  -8.5610  13.2080
6851.1  -8.5452  13.2069
6851.48  -8.5296  13.2058
6851.86  -8.5144  13.2047
6852.24  -8.4994  13.2036
6852.61  -8.4848  13.2025
6852.99  -8.4704  13.2014
6853.37  -8.4563  13.2003
6853.75  -8.4424  13.1992
6854.13  -8.4287  13.1981
6854.51  -8.4153  13.1970
6854.89  -8.4021  13.1958
6855.27  -8.3891  13.1947
6855.65  -8.3764  13.1936
6856.02  -8.3638  13.1925
6856.4  -8.3514  13.1914
6856.78  -8.3392  13.1903
6857.16  -8.3271  13.1892
6857.54  -8.3152  13.1881
6857.92  -8.3035  13.1870
6858.3  -8.2920  13.1859
6858.68  -8.2806  13.1848
6859.06  -8.2694  13.1837
6859.44  -8.2583  13.1826
6859.82  -8.2473  13.1815
6860.2  -8.2365  13.1804
6860.58  -8.2258  13.1793
6860.96  -8.2152  13.1781
6861.34  -8.2048  13.1770
6861.72  -8.1944  13.1759
6862.1  -8.1842  13.1748
6862.48  -8.1742  13.1737
6862.86  -8.1642  13.1726
6863.24  -8.1543  13.1715
6863.62  -8.1445  13.1704
6864  -8.1349  13.1693
6864.38  -8.1253  13.1682
6864.76  -8.1158  13.1671
6865.14  -8.1065  13.1660
6865.52  -8.0972  13.1649
6865.9  -8.0880  13.1638
6866.28  -8.0789  13.1627
6866.66  -8.0699  13.1616
6867.04  -8.0609  13.1605
6867.42  -8.0521  13.1593
6867.8  -8.0433  13.1582
6868.18  -8.0346  13.1571
6868.56  -8.0260  13.1560
6868.94  -8.0174  13.1549
6869.32  -8.0090  13.1538
6869.7  -8.0006  13.1527
6870.08  -7.9922  13.1516
6870.46  -7.9840  13.1505
6870.84  -7.9758  13.1494
6871.22  -7.9677  13.1483
6871.6  -7.9596  13.1472
6871.98  -7.9516  13.1461
6872.37  -7.9437  13.1450
6872.75  -7.9358  13.1439
6873.13  -7.9279  13.1428
6873.51  -7.9202  13.1417
6873.89  -7.9125  13.1405
6874.27  -7.9048  13.1394
6874.65  -7.8972  13.1383
6875.03  -7.8897  13.1372
6875.41  -7.8822  13.1361
6875.8  -7.8748  13.1350
6876.18  -7.8674  13.1339
6876.56  -7.8600  13.1328
6876.94  -7.8527  13.1317
6877.32  -7.8455  13.1306
6877.7  -7.8383  13.1295
6878.08  -7.8312  13.1284
6878.47  -7.8241  13.1273
6878.85  -7.8170  13.1262
6879.23  -7.8100  13.1251
6879.61  -7.8030  13.1240
6879.99  -7.7961  13.1229
6880.37  -7.7892  13.1218
6880.76  -7.7824  13.1206
6881.14  -7.7756  13.1195
6881.52  -7.7688  13.1184
6881.9  -7.7621  13.1173
6882.28  -7.7554  13.1162
6882.67  -7.7488  13.1151
6883.05  -7.7422  13.1140
6883.43  -7.7356  13.1129
6883.81  -7.7291  13.1118
6884.19  -7.7226  13.1107
6884.58  -7.7161  13.1096
6884.96  -7.7097  13.1085
6885.34  -7.7033  13.1074
6885.72  -7.6969  13.1063
6886.11  -7.6906  13.1052
6886.49  -7.6843  13.1041
6886.87  -7.6780  13.1030
6887.25  -7.6718  13.1019
6887.64  -7.6656  13.1008
6888.02  -7.6594  13.0997
6926.5  -7.1507  12.9892
6965.41  -6.7618  12.8790
7004.77  -6.4341  12.7689
7044.57  -6.1452  12.6590
7084.82  -5.8841  12.5492
7125.54  -5.6442  12.4396
7166.73  -5.4213  12.3302
7208.39  -5.2060  12.2201
7250.55  -5.0098  12.1101
7293.2  -4.8242  12.0003
7336.35  -4.6481  11.8907
7380.02  -4.4805  11.7814
7424.21  -4.3205  11.6724
7468.94  -4.1675  11.5635
7514.2  -4.0209  11.4550
7560.02  -3.8803  11.3466
7606.4  -3.7452  11.2385
7653.35  -3.6153  11.1307
7700.89  -3.4901  11.0231
7749.02  -3.3696  10.9157
7797.76  -3.2509  10.8085
7847.11  -3.1388  10.7015
7897.09  -3.0306  10.5948
7947.71  -2.9260  10.4884
7998.99  -2.8249  10.3823
8050.93  -2.7272  10.2764
8103.55  -2.6327  10.1709
8156.86  -2.5412  10.0656
8210.88  -2.4527  9.9606
8265.62  -2.3670  9.8559
8321.1  -2.2840  9.7515
8377.32  -2.2026  9.6475
8434.31  -2.1250  9.5436
8492.08  -2.0497  9.4401
8550.64  -1.9769  9.3369
8610.02  -1.9063  9.2340
8670.23  -1.8380  9.1314
8731.29  -1.7719  9.0292
8793.22  -1.7078  8.9273
8856.02  -1.6458  8.8257
8919.74  -1.5850  8.7243
8984.37  -1.5263  8.6227
9049.95  -1.4699  8.5215
9116.5  -1.4154  8.4206
9184.03  -1.3627  8.3202
9252.56  -1.3119  8.2201
9322.13  -1.2628  8.1204
9392.75  -1.2154  8.0211
9464.45  -1.1697  7.9223
9537.26  -1.1256  7.8238
9611.19  -1.0830  7.7257
9686.28  -1.0420  7.6280
9762.55  -1.0026  7.5308
9840.03  -0.9645  7.4339
9918.75  -0.9280  7.3375
9998.74  -0.8928  7.2415
10080  -0.8591  7.1459
10162.7  -0.8258  7.0507
10246.6  -0.7948  6.9559
10332  -0.7650  6.8616
10418.9  -0.7365  6.7677
10507.1  -0.7093  6.6742
10597  -0.6833  6.5812
10688.3  -0.6585  6.4886
10781.2  -0.6350  6.3964
10875.8  -0.6125  6.3047
10972.1  -0.5913  6.2134
11070  -0.5711  6.1226
11169.8  -0.5521  6.0322
11271.3  -0.5342  5.9423
11374.7  -0.5173  5.8529
11480  -0.5015  5.7639
11587.3  -0.4868  5.6754
11696.6  -0.4731  5.5873
11808  -0.4603  5.4997
11921.6  -0.4486  5.4126
12037.3  -0.4322  5.3257
12155.3  -0.4226  5.2393
12275.7  -0.4140  5.1534
12398.4  -0.4063  5.0680
12523.7  -0.3996  4.9831
12651.5  -0.3937  4.8987
12781.9  -0.3888  4.8148
12915  -0.3801  4.7314
13051  -0.3771  4.6483
13189.8  -0.3750  4.5657
13331.6  -0.3737  4.4837
13476.6  -0.3733  4.4022
13624.7  -0.3738  4.3213
13776  -0.3718  4.2408
13930.8  -0.3740  4.1608
14089.1  -0.3770  4.0814
14251.1  -0.3808  4.0025
14416.8  -0.3855  3.9242
14586.4  -0.3909  3.8465
14760  -0.3971  3.7694
14937.9  -0.4040  3.6929
15120  -0.4118  3.6170
15306.7  -0.4203  3.5417
15498  -0.4295  3.4669
15694.2  -0.4395  3.3928
15895.4  -0.4502  3.3193
16101.9  -0.4617  3.2464
16313.7  -0.4738  3.1741
16531.2  -0.4867  3.1024
16754.6  -0.5004  3.0314
16984.2  -0.5147  2.9610
17220  -0.5299  2.8912
17462.6  -0.5457  2.8221
17712  -0.5619  2.7536
17968.7  -0.5790  2.6857
18233  -0.5969  2.6185
18505.1  -0.6155  2.5520
18785.5  -0.6348  2.4861
19074.5  -0.6548  2.4209
19372.6  -0.6756  2.3564
19680.1  -0.6971  2.2925
19997.5  -0.7194  2.2294
20325.3  -0.7424  2.1669
20664.1  -0.7662  2.1051
21014.3  -0.7908  2.0440
21376.6  -0.8162  1.9837
21751.6  -0.8425  1.9240
22140.1  -0.8696  1.8650
22542.6  -0.8977  1.8068
22960.1  -0.9267  1.7493
23393.3  -0.9568  1.6926
23843.1  -0.9879  1.6365
24310.7  -1.0203  1.5813
24796.9  -1.0538  1.5268
25302.9  -1.0887  1.4730
25830.1  -1.1252  1.4200
26379.6  -1.1632  1.3678
26953.1  -1.2026  1.3163
27552.1  -1.2441  1.2654
28178.3  -1.2854  1.2153
28833.6  -1.3328  1.1660
29520.1  -1.3835  1.1175
30240.1  -1.4338  1.0697
30996.1  -1.4932  1.0228
31790.9  -1.5582  0.9768
32627.5  -1.6302  0.9317
33509.3  -1.7113  0.8876
34440.1  -1.8045  0.8444
35424.1  -1.9143  0.8022
36466  -2.0484  0.7609
37571  -2.2206  0.7206
38745.1  -2.4597  0.6813
39994.9  -2.8432  0.6429
40137.4  -2.9025  0.6387
40150.4  -2.9081  0.6384
40163.4  -2.9138  0.6380
40176.4  -2.9196  0.6376
40189.4  -2.9254  0.6372
40202.4  -2.9312  0.6368
40215.5  -2.9371  0.6365
40228.5  -2.9430  0.6361
40241.6  -2.9490  0.6357
40254.7  -2.9551  0.6353
40267.7  -2.9612  0.6350
40280.8  -2.9673  0.6346
40293.9  -2.9735  0.6342
40307  -2.9798  0.6338
40320.1  -2.9861  0.6335
40333.2  -2.9924  0.6331
40346.4  -2.9989  0.6327
40359.5  -3.0053  0.6323
40372.6  -3.0119  0.6319
40385.8  -3.0185  0.6316
40398.9  -3.0252  0.6312
40412.1  -3.0319  0.6308
40425.3  -3.0387  0.6304
40438.5  -3.0455  0.6301
40451.7  -3.0525  0.6297
40464.9  -3.0595  0.6293
40478.1  -3.0665  0.6289
40491.3  -3.0736  0.6286
40504.5  -3.0808  0.6282
40517.8  -3.0881  0.6278
40531  -3.0955  0.6274
40544.3  -3.1029  0.6271
40557.5  -3.1104  0.6267
40570.8  -3.1180  0.6263
40584.1  -3.1256  0.6259
40597.4  -3.1334  0.6256
40610.7  -3.1412  0.6252
40624  -3.1491  0.6248
40637.3  -3.1571  0.6244
40650.6  -3.1652  0.6241
40663.9  -3.1734  0.6237
40677.3  -3.1816  0.6233
40690.6  -3.1900  0.6230
40704  -3.1985  0.6226
40717.4  -3.2070  0.6222
40730.7  -3.2157  0.6218
40744.1  -3.2245  0.6215
40757.5  -3.2333  0.6211
40770.9  -3.2423  0.6207
40784.3  -3.2514  0.6203
40797.7  -3.2606  0.6200
40811.2  -3.2699  0.6196
40824.6  -3.2793  0.6192
40838.1  -3.2889  0.6188
40851.5  -3.2986  0.6185
40865  -3.3084  0.6181
40878.5  -3.3183  0.6177
40891.9  -3.3284  0.6174
40905.4  -3.3386  0.6170
40918.9  -3.3490  0.6166
40932.4  -3.3595  0.6162
40946  -3.3701  0.6159
40959.5  -3.3809  0.6155
40973  -3.3919  0.6151
40986.6  -3.4030  0.6148
41000.1  -3.4143  0.6144
41013.7  -3.4257  0.6140
41027.2  -3.4374  0.6136
41040.8  -3.4492  0.6133
41054.4  -3.4612  0.6129
41068  -3.4734  0.6125
41081.6  -3.4857  0.6122
41095.2  -3.4983  0.6118
41108.9  -3.5111  0.6114
41122.5  -3.5242  0.6110
41136.1  -3.5374  0.6107
41149.8  -3.5509  0.6103
41163.5  -3.5646  0.6099
41177.1  -3.5786  0.6096
41190.8  -3.5928  0.6092
41204.5  -3.6073  0.6088
41218.2  -3.6220  0.6085
41231.9  -3.6371  0.6081
41245.6  -3.6524  0.6077
41259.3  -3.6681  0.6073
41273.1  -3.6840  0.6070
41286.8  -3.7003  0.6066
41300.6  -3.7170  0.6062
41314.3  -3.7340  0.6059
41328.1  -3.7514  0.6055
41341.9  -3.7692  0.6051
41355.7  -3.7874  0.6048
41369.5  -3.8060  0.6044
41383.3  -3.8250  0.6040
41397.1  -3.8446  0.6037
41410.9  -3.8646  0.6033
41424.8  -3.8851  0.6029
41438.6  -3.9062  0.6026
41452.5  -3.9279  0.6022
41466.3  -3.9501  0.6018
41480.2  -3.9730  0.6014
41494.1  -3.9965  0.6011
41508  -4.0208  0.6007
41521.9  -4.0458  0.6003
41535.8  -4.0715  0.6000
41549.7  -4.0982  0.5996
41563.6  -4.1257  0.5992
41577.6  -4.1542  0.5989
41591.5  -4.1837  0.5985
41605.5  -4.2143  0.5981
41619.5  -4.2461  0.5978
41633.4  -4.2792  0.5974
41647.4  -4.3136  0.5970
41661.4  -4.3496  0.5967
41675.4  -4.3871  0.5963
41689.4  -4.4264  0.5959
41703.4  -4.4677  0.5956
41717.5  -4.5111  0.5952
41731.5  -4.5568  0.5948
41745.6  -4.6052  0.5945
41759.6  -4.6565  0.5941
41773.7  -4.7111  0.5937
41787.8  -4.7694  0.5934
41801.9  -4.8320  0.5930
41816  -4.8995  0.5926
41830.1  -4.9728  0.5923
41844.2  -5.0530  0.5919
41858.3  -5.1413  0.5916
41872.5  -5.2395  0.5912
41886.6  -5.3503  0.5908
41900.8  -5.4772  0.5905
41914.9  -5.6256  0.5901
41929.1  -5.8041  0.5897
41943.3  -6.0279  0.5894
41957.5  -6.3277  0.5890
41971.7  -6.7823  0.5886
41985.9  -7.7493  0.5883
42000.1  -7.8288  3.4361
42014.3  -6.8040  3.4343
42028.6  -6.3328  3.4325
42042.8  -6.0229  3.4306
42057.1  -5.7912  3.4288
42071.4  -5.6059  3.4270
42085.7  -5.4515  3.4252
42099.9  -5.3190  3.4234
42114.2  -5.2030  3.4216
42128.6  -5.0997  3.4197
42142.9  -5.0065  3.4179
42157.2  -4.9218  3.4161
42171.5  -4.8439  3.4143
42185.9  -4.7720  3.4125
42200.3  -4.7051  3.4106
42214.6  -4.6425  3.4088
42229  -4.5838  3.4070
42243.4  -4.5285  3.4052
42257.8  -4.4761  3.4034
42272.2  -4.4264  3.4015
42286.6  -4.3792  3.3997
42301  -4.3341  3.3979
42315.5  -4.2911  3.3961
42329.9  -4.2498  3.3943
42344.4  -4.2102  3.3925
42358.8  -4.1722  3.3906
42373.3  -4.1356  3.3888
42387.8  -4.1002  3.3870
42402.3  -4.0661  3.3852
42416.8  -4.0332  3.3834
42431.3  -4.0013  3.3816
42445.9  -3.9703  3.3797
42460.4  -3.9404  3.3779
42474.9  -3.9112  3.3761
42489.5  -3.8830  3.3743
42504.1  -3.8554  3.3725
42518.6  -3.8287  3.3707
42533.2  -3.8026  3.3689
42547.8  -3.7772  3.3670
42562.4  -3.7524  3.3652
42577  -3.7282  3.3634
42591.7  -3.7045  3.3616
42606.3  -3.6814  3.3598
42621  -3.6588  3.3580
42635.6  -3.6368  3.3562
42650.3  -3.6151  3.3543
42664.9  -3.5939  3.3525
42679.6  -3.5732  3.3507
42694.3  -3.5529  3.3489
42709  -3.5329  3.3471
42723.8  -3.5134  3.3453
42738.5  -3.4942  3.3435
42753.2  -3.4753  3.3416
42768  -3.4568  3.3398
42782.7  -3.4387  3.3380
42797.5  -3.4208  3.3362
42812.3  -3.4032  3.3344
42827.1  -3.3860  3.3326
42841.9  -3.3690  3.3308
42856.7  -3.3523  3.3290
42871.5  -3.3358  3.3272
42886.3  -3.3196  3.3253
42901.2  -3.3037  3.3235
42916  -3.2880  3.3217
42930.9  -3.2725  3.3199
42945.7  -3.2573  3.3181
42960.6  -3.2423  3.3163
42975.5  -3.2275  3.3145
42990.4  -3.2129  3.3127
43005.3  -3.1984  3.3109
43020.2  -3.1842  3.3090
43035.2  -3.1702  3.3072
43050.1  -3.1564  3.3054
43065.1  -3.1427  3.3036
43080  -3.1292  3.3018
43095  -3.1159  3.3000
43110  -3.1028  3.2982
43125  -3.0898  3.2964
43140  -3.0770  3.2946
43155  -3.0643  3.2928
43170  -3.0518  3.2910
43185.1  -3.0394  3.2892
43200.1  -3.0272  3.2873
43215.2  -3.0151  3.2855
43230.2  -3.0031  3.2837
43245.3  -2.9913  3.2819
43260.4  -2.9796  3.2801
43275.5  -2.9680  3.2783
43290.6  -2.9566  3.2765
43305.7  -2.9452  3.2747
43320.9  -2.9340  3.2729
43336  -2.9229  3.2711
43351.2  -2.9120  3.2693
43366.3  -2.9011  3.2675
43381.5  -2.8903  3.2657
43396.7  -2.8797  3.2639
43411.9  -2.8691  3.2620
43427.1  -2.8587  3.2602
43442.3  -2.8484  3.2584
43457.5  -2.8381  3.2566
43472.8  -2.8280  3.2548
43488  -2.8179  3.2530
43503.3  -2.8080  3.2512
43518.5  -2.7981  3.2494
43533.8  -2.7883  3.2476
43549.1  -2.7786  3.2458
43564.4  -2.7690  3.2440
43579.7  -2.7595  3.2422
43595.1  -2.7501  3.2404
43610.4  -2.7407  3.2386
43625.7  -2.7314  3.2368
43641.1  -2.7222  3.2350
43656.5  -2.7131  3.2332
43671.8  -2.7041  3.2314
43687.2  -2.6951  3.2296
43702.6  -2.6862  3.2278
43718  -2.6774  3.2260
43733.5  -2.6686  3.2242
43748.9  -2.6600  3.2224
43764.3  -2.6514  3.2206
43779.8  -2.6428  3.2188
43795.2  -2.6343  3.2170
43810.7  -2.6259  3.2152
43826.2  -2.6176  3.2134
43841.7  -2.6093  3.2116
43857.2  -2.6011  3.2098
43872.7  -2.5929  3.2080
43888.3  -2.5848  3.2062
43903.8  -2.5768  3.2044
43919.4  -2.5688  3.2026
43934.9  -2.5609  3.2008
43950.5  -2.5530  3.1990
43966.1  -2.5452  3.1972
43981.7  -2.5374  3.1954
43997.3  -2.5298  3.1936
44012.9  -2.5221  3.1918
44028.5  -2.5145  3.1900
44044.2  -2.5070  3.1882
44059.8  -2.4995  3.1864
44075.5  -2.4881  3.1845
44091.2  -2.4807  3.1827
44106.8  -2.4734  3.1809
44122.5  -2.4661  3.1790
44280.1  -2.3958  3.1607
45920.1  -1.8677  2.9794
47686.3  -1.5173  2.8013
49593.7  -1.2601  2.6266
51660.1  -1.0619  2.4554
53906.2  -0.9055  2.2879
56356.5  -0.7804  2.1241
59040.2  -0.6807  1.9642
61992.2  -0.6017  1.8085
65254.9  -0.5402  1.6572
68880.2  -0.4937  1.5104
72932  -0.4603  1.3683
77490.2  -0.4385  1.2311
82656.2  -0.4274  1.0991
88560.2  -0.4156  0.9699
95372.6  -0.4251  0.8471
103320  -0.4420  0.7319
112713  -0.4651  0.6244
123984  -0.4935  0.5248
