4113.75 -16.5879 3.3119
4113.89 -16.6059 3.3117
4114.02 -16.6240 3.3116
4114.16 -16.6423 3.3114
4114.3 -16.6608 3.3112
4114.43 -16.6793 3.3110
4114.57 -16.6980 3.3109
4114.71 -16.7169 3.3107
4114.84 -16.7359 3.3105
4114.98 -16.7550 3.3103
4115.12 -16.7743 3.3102
4115.25 -16.7938 3.3100
4115.39 -16.8134 3.3098
4115.53 -16.8332 3.3096
4115.66 -16.8531 3.3095
4115.8 -16.8732 3.3093
4115.94 -16.8935 3.3091
4116.07 -16.9139 3.3089
4116.21 -16.9345 3.3088
4116.35 -16.9553 3.3086
4116.48 -16.9763 3.3084
4116.62 -16.9974 3.3082
4116.76 -17.0187 3.3081
4116.89 -17.0402 3.3079
4117.03 -17.0619 3.3077
4117.17 -17.0838 3.3075
4117.3 -17.1059 3.3074
4117.44 -17.1282 3.3072
4117.58 -17.1507 3.3070
4117.71 -17.1734 3.3068
4117.85 -17.1963 3.3067
4117.99 -17.2195 3.3065
4118.12 -17.2428 3.3063
4118.26 -17.2664 3.3062
4118.4 -17.2902 3.3060
4118.53 -17.3143 3.3058
4118.67 -17.3386 3.3056
4118.81 -17.3631 3.3055
4118.94 -17.3879 3.3053
4119.08 -17.4129 3.3051
4119.22 -17.4382 3.3049
4119.35 -17.4638 3.3048
4119.49 -17.4896 3.3046
4119.63 -17.5157 3.3044
4119.77 -17.5421 3.3042
4119.9 -17.5688 3.3041
4120.04 -17.5957 3.3039
4120.18 -17.6230 3.3037
4120.31 -17.6506 3.3035
4120.45 -17.6784 3.3034
4120.59 -17.7066 3.3032
4120.72 -17.7352 3.3030
4120.86 -17.7641 3.3028
4121 -17.7933 3.3027
4121.13 -17.8229 3.3025
4121.27 -17.8528 3.3023
4121.41 -17.8831 3.3021
4121.55 -17.9138 3.3020
4121.68 -17.9448 3.3018
4121.82 -17.9763 3.3016
4121.96 -18.0082 3.3015
4122.09 -18.0405 3.3013
4122.23 -18.0732 3.3011
4122.37 -18.1064 3.3009
4122.51 -18.1401 3.3008
4122.64 -18.1742 3.3006
4122.78 -18.2088 3.3004
4122.92 -18.2438 3.3002
4123.05 -18.2794 3.3001
4123.19 -18.3155 3.2999
4123.33 -18.3522 3.2997
4123.46 -18.3894 3.2995
4123.6 -18.4272 3.2994
4123.74 -18.4656 3.2992
4123.88 -18.5046 3.2990
4124.01 -18.5442 3.2988
4124.15 -18.5845 3.2987
4124.29 -18.6254 3.2985
4124.43 -18.6671 3.2983
4124.56 -18.7094 3.2981
4124.7 -18.7525 3.2980
4124.84 -18.7964 3.2978
4124.97 -18.8411 3.2976
4125.11 -18.8866 3.2974
4125.25 -18.9330 3.2973
4125.39 -18.9803 3.2971
4125.52 -19.0285 3.2969
4125.66 -19.0776 3.2968
4125.8 -19.1278 3.2966
4125.93 -19.1790 3.2964
4126.07 -19.2313 3.2962
4126.21 -19.2848 3.2961
4126.35 -19.3394 3.2959
4126.48 -19.3953 3.2957
4126.62 -19.4525 3.2955
4126.76 -19.5110 3.2954
4126.9 -19.5710 3.2952
4127.03 -19.6325 3.2950
4127.17 -19.6956 3.2948
4127.31 -19.7603 3.2947
4127.45 -19.8268 3.2945
4127.58 -19.8952 3.2943
4127.72 -19.9655 3.2941
4127.86 -20.0378 3.2940
4128 -20.1124 3.2938
4128.13 -20.1893 3.2936
4128.27 -20.2687 3.2934
4128.41 -20.3508 3.2933
4128.55 -20.4357 3.2931
4128.68 -20.5236 3.2929
4128.82 -20.6148 3.2928
4128.96 -20.7095 3.2926
4129.1 -20.8080 3.2924
4129.23 -20.9107 3.2922
4129.37 -21.0178 3.2921
4129.51 -21.1297 3.2919
4129.65 -21.2471 3.2917
4129.78 -21.3703 3.2915
4129.92 -21.5000 3.2914
4130.06 -21.6369 3.2912
4130.2 -21.7820 3.2910
4130.33 -21.9361 3.2908
4130.47 -22.1005 3.2907
4130.61 -22.2767 3.2905
4130.75 -22.4665 3.2903
4130.88 -22.6722 3.2901
4131.02 -22.8967 3.2900
4131.16 -23.1436 3.2898
4131.3 -23.4182 3.2896
4131.43 -23.7273 3.2894
4131.57 -24.0807 3.2893
4131.71 -24.4936 3.2891
4131.85 -24.9898 3.2889
4131.99 -25.6119 3.2888
4132.12 -26.4458 3.2886
4132.26 -27.7156 3.2884
4132.4 -30.4751 3.2882
4132.54 -30.3879 11.0685
4132.67 -27.7132 11.0676
4132.81 -26.4566 11.0667
4132.95 -25.6264 11.0659
4133.09 -25.0054 11.0650
4133.22 -24.5090 11.0641
4133.36 -24.0954 11.0632
4133.5 -23.7410 11.0624
4133.64 -23.4308 11.0615
4133.78 -23.1551 11.0606
4133.91 -22.9069 11.0597
4134.05 -22.6812 11.0589
4134.19 -22.4743 11.0580
4134.33 -22.2832 11.0571
4134.47 -22.1058 11.0562
4134.6 -21.9402 11.0554
4134.74 -21.7849 11.0545
4134.88 -21.6388 11.0536
4135.02 -21.5007 11.0527
4135.15 -21.3699 11.0519
4135.29 -21.2456 11.0510
4135.43 -21.1272 11.0501
4135.57 -21.0141 11.0493
4135.71 -20.9060 11.0484
4135.84 -20.8024 11.0475
4135.98 -20.7029 11.0466
4136.12 -20.6072 11.0458
4136.26 -20.5150 11.0449
4136.4 -20.4262 11.0440
4136.53 -20.3403 11.0431
4136.67 -20.2574 11.0423
4136.81 -20.1771 11.0414
4136.95 -20.0993 11.0405
4137.09 -20.0239 11.0397
4137.22 -19.9506 11.0388
4137.36 -19.8795 11.0379
4137.5 -19.8103 11.0370
4137.64 -19.7430 11.0362
4137.78 -19.6775 11.0353
4137.91 -19.6137 11.0344
4138.05 -19.5514 11.0336
4138.19 -19.4906 11.0327
4138.33 -19.4313 11.0318
4138.47 -19.3734 11.0310
4138.61 -19.3168 11.0301
4138.74 -19.2614 11.0292
4138.88 -19.2073 11.0283
4139.02 -19.1543 11.0275
4139.16 -19.1024 11.0266
4139.3 -19.0515 11.0257
4139.43 -19.0017 11.0249
4139.57 -18.9528 11.0240
4139.71 -18.9049 11.0231
4139.85 -18.8579 11.0223
4139.99 -18.8118 11.0214
4140.13 -18.7665 11.0205
4140.26 -18.7220 11.0196
4140.4 -18.6782 11.0188
4140.54 -18.6353 11.0179
4140.68 -18.5930 11.0170
4140.82 -18.5515 11.0162
4140.96 -18.5107 11.0153
4141.09 -18.4705 11.0144
4141.23 -18.4309 11.0136
4141.37 -18.3920 11.0127
4141.51 -18.3536 11.0118
4141.65 -18.3159 11.0110
4141.79 -18.2787 11.0101
4141.92 -18.2420 11.0092
4142.06 -18.2059 11.0084
4142.2 -18.1703 11.0075
4142.34 -18.1352 11.0066
4142.48 -18.1006 11.0057
4142.62 -18.0665 11.0049
4142.75 -18.0328 11.0040
4142.89 -17.9996 11.0031
4143.03 -17.9668 11.0023
4143.17 -17.9344 11.0014
4143.31 -17.9025 11.0005
4143.45 -17.8710 10.9997
4143.58 -17.8398 10.9988
4143.72 -17.8091 10.9979
4143.86 -17.7787 10.9971
4144 -17.7487 10.9962
4144.14 -17.7190 10.9953
4144.28 -17.6897 10.9945
4144.42 -17.6608 10.9936
4144.55 -17.6321 10.9927
4144.69 -17.6038 10.9919
4144.83 -17.5758 10.9910
4144.97 -17.5482 10.9901
4145.11 -17.5208 10.9893
4145.25 -17.4937 10.9884
4145.39 -17.4670 10.9875
4145.52 -17.4405 10.9867
4145.66 -17.4143 10.9858
4145.8 -17.3883 10.9850
4145.94 -17.3627 10.9841
4146.08 -17.3373 10.9832
4146.22 -17.3121 10.9824
4146.36 -17.2872 10.9815
4146.49 -17.2626 10.9806
4146.63 -17.2382 10.9798
4146.77 -17.2140 10.9789
4146.91 -17.1901 10.9780
4147.05 -17.1664 10.9772
4147.19 -17.1429 10.9763
4147.33 -17.1197 10.9754
4147.47 -17.0967 10.9746
4147.6 -17.0738 10.9737
4147.74 -17.0512 10.9728
4147.88 -17.0288 10.9720
4148.02 -17.0066 10.9711
4148.16 -16.9846 10.9703
4148.3 -16.9628 10.9694
4148.44 -16.9412 10.9685
4148.58 -16.9197 10.9677
4148.71 -16.8985 10.9668
4148.85 -16.8774 10.9659
4148.99 -16.8565 10.9651
4149.13 -16.8358 10.9642
4149.27 -16.8153 10.9633
4149.41 -16.7949 10.9625
4149.55 -16.7747 10.9616
4149.69 -16.7547 10.9608
4149.83 -16.7348 10.9599
4149.96 -16.7151 10.9590
4150.1 -16.6955 10.9582
4150.24 -16.6761 10.9573
4150.38 -16.6569 10.9564
4150.52 -16.6378 10.9556
4150.66 -16.6188 10.9547
4150.8 -16.6000 10.9539
4150.94 -16.5814 10.9530
4151.08 -16.5628 10.9521
4151.22 -16.5445 10.9513
4151.35 -16.5262 10.9504
4151.49 -16.5081 10.9496
4151.63 -16.4901 10.9487
4151.77 -16.4723 10.9478
4151.91 -16.4546 10.9470
4152.05 -16.4370 10.9461
4152.19 -16.4195 10.9452
4290.12 -12.0598 10.1620
4305.01 -12.0373 10.0852
4320.01 -12.0837 10.0092
4335.12 -12.2255 9.9341
4350.33 -12.7268 9.8765
4361.19 -13.1345 9.8362
4361.35 -13.1423 9.8357
4361.5 -13.1502 9.8351
4361.65 -13.1581 9.8345
4361.81 -13.1662 9.8340
4361.96 -13.1743 9.8334
4362.11 -13.1825 9.8328
4362.27 -13.1908 9.8323
4362.42 -13.1992 9.8317
4362.57 -13.2076 9.8311
4362.73 -13.2162 9.8306
4362.88 -13.2248 9.8300
4363.03 -13.2336 9.8294
4363.19 -13.2424 9.8289
4363.34 -13.2513 9.8283
4363.49 -13.2603 9.8277
4363.65 -13.2695 9.8272
4363.8 -13.2787 9.8266
4363.96 -13.2880 9.8260
4364.11 -13.2974 9.8255
4364.26 -13.3070 9.8249
4364.42 -13.3166 9.8243
4364.57 -13.3264 9.8238
4364.72 -13.3362 9.8232
4364.88 -13.3462 9.8226
4365.03 -13.3563 9.8221
4365.18 -13.3665 9.8215
4365.34 -13.3769 9.8209
4365.49 -13.3874 9.8204
4365.65 -13.3979 9.8198
4365.8 -13.4087 9.8192
4365.95 -13.4195 9.8187
4366.11 -13.4305 9.8181
4366.26 -13.4416 9.8175
4366.41 -13.4529 9.8170
4366.57 -13.4643 9.8164
4366.72 -13.4759 9.8159
4366.88 -13.4876 9.8153
4367.03 -13.4994 9.8147
4367.18 -13.5114 9.8142
4367.34 -13.5236 9.8136
4367.49 -13.5359 9.8130
4367.65 -13.5485 9.8125
4367.8 -13.5611 9.8119
4367.95 -13.5740 9.8113
4368.11 -13.5870 9.8108
4368.26 -13.6002 9.8102
4368.41 -13.6136 9.8096
4368.57 -13.6272 9.8091
4368.72 -13.6410 9.8085
4368.88 -13.6551 9.8079
4369.03 -13.6693 9.8074
4369.18 -13.6837 9.8068
4369.34 -13.6983 9.8062
4369.49 -13.7132 9.8057
4369.65 -13.7283 9.8051
4369.8 -13.7437 9.8045
4369.95 -13.7593 9.8040
4370.11 -13.7751 9.8034
4370.26 -13.7912 9.8028
4370.42 -13.8076 9.8023
4370.57 -13.8243 9.8017
4370.72 -13.8412 9.8011
4370.88 -13.8585 9.8006
4371.03 -13.8760 9.8000
4371.19 -13.8939 9.7994
4371.34 -13.9120 9.7989
4371.5 -13.9305 9.7983
4371.65 -13.9494 9.7977
4371.8 -13.9686 9.7972
4371.96 -13.9882 9.7966
4372.11 -14.0082 9.7960
4372.27 -14.0285 9.7955
4372.42 -14.0493 9.7949
4372.57 -14.0705 9.7943
4372.73 -14.0922 9.7938
4372.88 -14.1143 9.7932
4373.04 -14.1369 9.7926
4373.19 -14.1600 9.7921
4373.35 -14.1836 9.7915
4373.5 -14.2077 9.7909
4373.65 -14.2325 9.7904
4373.81 -14.2578 9.7898
4373.96 -14.2837 9.7892
4374.12 -14.3103 9.7887
4374.27 -14.3375 9.7881
4374.43 -14.3655 9.7875
4374.58 -14.3942 9.7870
4374.73 -14.4237 9.7864
4374.89 -14.4540 9.7858
4375.04 -14.4852 9.7853
4375.2 -14.5173 9.7847
4375.35 -14.5504 9.7841
4375.51 -14.5845 9.7836
4375.66 -14.6197 9.7830
4375.82 -14.6561 9.7824
4375.97 -14.6937 9.7819
4376.12 -14.7326 9.7813
4376.28 -14.7729 9.7808
4376.43 -14.8148 9.7802
4376.59 -14.8582 9.7796
4376.74 -14.9034 9.7791
4376.9 -14.9505 9.7785
4377.05 -14.9996 9.7779
4377.21 -15.0509 9.7774
4377.36 -15.1047 9.7768
4377.51 -15.1611 9.7762
4377.67 -15.2205 9.7757
4377.82 -15.2830 9.7751
4377.98 -15.3492 9.7745
4378.13 -15.4193 9.7740
4378.29 -15.4940 9.7734
4378.44 -15.5738 9.7728
4378.6 -15.6594 9.7723
4378.75 -15.7518 9.7717
4378.91 -15.8520 9.7711
4379.06 -15.9616 9.7706
4379.22 -16.0824 9.7700
4379.37 -16.2169 9.7694
4379.52 -16.3685 9.7689
4379.68 -16.5422 9.7683
4379.83 -16.7454 9.7677
4379.99 -16.9901 9.7672
4380.14 -17.2976 9.7666
4380.3 -17.7108 9.7660
4380.45 -18.3424 9.7655
4380.61 -19.7299 9.7649
4380.76 -19.6204 13.6181
4380.92 -18.3138 13.6172
4381.07 -17.6938 13.6163
4381.23 -17.2826 13.6154
4381.38 -16.9743 13.6144
4381.54 -16.7274 13.6135
4381.69 -16.5212 13.6126
4381.85 -16.3443 13.6117
4382 -16.1892 13.6108
4382.16 -16.0511 13.6099
4382.31 -15.9266 13.6090
4382.47 -15.8132 13.6080
4382.62 -15.7091 13.6071
4382.78 -15.6129 13.6062
4382.93 -15.5234 13.6053
4383.09 -15.4397 13.6044
4383.24 -15.3612 13.6035
4383.4 -15.2871 13.6026
4383.55 -15.2171 13.6016
4383.71 -15.1506 13.6007
4383.86 -15.0874 13.5998
4384.02 -15.0271 13.5989
4384.17 -14.9694 13.5980
4384.33 -14.9142 13.5971
4384.48 -14.8612 13.5962
4384.64 -14.8102 13.5952
4384.79 -14.7612 13.5943
4384.95 -14.7138 13.5934
4385.1 -14.6681 13.5925
4385.26 -14.6240 13.5916
4385.41 -14.5812 13.5907
4385.57 -14.5398 13.5898
4385.72 -14.4995 13.5889
4385.88 -14.4605 13.5879
4386.03 -14.4226 13.5870
4386.19 -14.3856 13.5861
4386.34 -14.3497 13.5852
4386.5 -14.3147 13.5843
4386.65 -14.2806 13.5834
4386.81 -14.2473 13.5825
4386.96 -14.2147 13.5815
4387.12 -14.1830 13.5806
4387.27 -14.1519 13.5797
4387.43 -14.1216 13.5788
4387.58 -14.0918 13.5779
4387.74 -14.0627 13.5770
4387.89 -14.0342 13.5761
4388.05 -14.0063 13.5752
4388.21 -13.9789 13.5742
4388.36 -13.9521 13.5733
4388.52 -13.9257 13.5724
4388.67 -13.8998 13.5715
4388.83 -13.8744 13.5706
4388.98 -13.8495 13.5697
4389.14 -13.8250 13.5688
4389.29 -13.8009 13.5679
4389.45 -13.7771 13.5669
4389.6 -13.7538 13.5660
4389.76 -13.7309 13.5651
4389.91 -13.7083 13.5642
4390.07 -13.6860 13.5633
4390.22 -13.6641 13.5624
4390.38 -13.6426 13.5615
4390.54 -13.6213 13.5606
4390.69 -13.6004 13.5597
4390.85 -13.5797 13.5587
4391 -13.5594 13.5578
4391.16 -13.5393 13.5569
4391.31 -13.5195 13.5560
4391.47 -13.4999 13.5551
4391.62 -13.4806 13.5542
4391.78 -13.4616 13.5533
4391.94 -13.4428 13.5524
4392.09 -13.4242 13.5515
4392.25 -13.4059 13.5505
4392.4 -13.3878 13.5496
4392.56 -13.3699 13.5487
4392.71 -13.3522 13.5478
4392.87 -13.3347 13.5469
4393.02 -13.3175 13.5460
4393.18 -13.3004 13.5451
4393.34 -13.2835 13.5442
4393.49 -13.2668 13.5433
4393.65 -13.2503 13.5423
4393.8 -13.2339 13.5414
4393.96 -13.2178 13.5405
4394.11 -13.2018 13.5396
4394.27 -13.1860 13.5387
4394.43 -13.1703 13.5378
4394.58 -13.1548 13.5369
4394.74 -13.1394 13.5360
4394.89 -13.1242 13.5351
4395.05 -13.1092 13.5342
4395.21 -13.0943 13.5332
4395.36 -13.0795 13.5323
4395.52 -13.0649 13.5314
4395.67 -13.0504 13.5305
4395.83 -13.0361 13.5296
4395.98 -13.0218 13.5287
4396.14 -13.0078 13.5278
4396.3 -12.9938 13.5269
4396.45 -12.9799 13.5260
4396.61 -12.9662 13.5251
4396.76 -12.9526 13.5241
4396.92 -12.9391 13.5232
4397.08 -12.9258 13.5223
4397.23 -12.9125 13.5214
4397.39 -12.8994 13.5205
4397.54 -12.8863 13.5196
4397.7 -12.8734 13.5187
4397.86 -12.8606 13.5178
4398.01 -12.8478 13.5169
4398.17 -12.8352 13.5160
4398.32 -12.8227 13.5151
4398.48 -12.8102 13.5141
4398.64 -12.7979 13.5132
4398.79 -12.7857 13.5123
4398.95 -12.7735 13.5114
4399.1 -12.7615 13.5105
4399.26 -12.7495 13.5096
4399.42 -12.7376 13.5087
4399.57 -12.7258 13.5078
4399.73 -12.7141 13.5069
4399.88 -12.7025 13.5060
4400.04 -12.6909 13.5051
4400.2 -12.6795 13.5042
4400.35 -12.6681 13.5032
4400.51 -12.6568 13.5023
4400.67 -12.6456 13.5014
4400.82 -12.6344 13.5005
4400.98 -12.6233 13.4996
4401.13 -12.6123 13.4987
4401.29 -12.6014 13.4978
4401.45 -12.5905 13.4969
4401.6 -12.5797 13.4960
4401.76 -12.5690 13.4951
4401.92 -12.5584 13.4942
4402.07 -12.5478 13.4933
4402.23 -12.5373 13.4924
4402.38 -12.5268 13.4914
4402.54 -12.5165 13.4905
4402.7 -12.5061 13.4896
4402.85 -12.4959 13.4887
4403.01 -12.4857 13.4878
4403.17 -12.4755 13.4869
4403.32 -12.4655 13.4860
4403.48 -12.4555 13.4851
4403.64 -12.4455 13.4842
4403.79 -12.4356 13.4833
4403.95 -12.4258 13.4824
4404.1 -12.4160 13.4815
4404.26 -12.4063 13.4806
4404.42 -12.3966 13.4797
4412.25 -11.9708 13.4344
4428.01 -11.3336 13.3443
4443.88 -10.8514 13.2548
4459.87 -10.4589 13.1658
4475.97 -10.1269 13.0773
4492.19 -9.8398 12.9894
4508.52 -9.5882 12.9020
4524.98 -9.3665 12.8152
4541.55 -9.1710 12.7289
4558.25 -8.9998 12.6431
4575.07 -8.8522 12.5579
4592.01 -8.7290 12.4731
4609.08 -8.7283 12.3955
4626.28 -8.6634 12.3203
4643.61 -8.6421 12.2452
4661.07 -8.6912 12.1702
4673.54 -8.8076 12.1170
4673.72 -8.8101 12.1163
4673.89 -8.8126 12.1155
4674.07 -8.8151 12.1148
4674.24 -8.8176 12.1140
4674.42 -8.8202 12.1133
4674.6 -8.8228 12.1125
4674.77 -8.8255 12.1118
4674.95 -8.8282 12.1110
4675.13 -8.8309 12.1103
4675.3 -8.8336 12.1095
4675.48 -8.8364 12.1088
4675.66 -8.8392 12.1080
4675.83 -8.8421 12.1073
4676.01 -8.8450 12.1065
4676.18 -8.8479 12.1058
4676.36 -8.8508 12.1050
4676.54 -8.8538 12.1043
4676.71 -8.8569 12.1035
4676.89 -8.8600 12.1028
4677.07 -8.8631 12.1020
4677.24 -8.8662 12.1013
4677.42 -8.8694 12.1005
4677.6 -8.8727 12.0998
4677.77 -8.8759 12.0991
4677.95 -8.8793 12.0983
4678.12 -8.8826 12.0976
4678.3 -8.8860 12.0968
4678.48 -8.8895 12.0961
4678.65 -8.8930 12.0953
4678.83 -8.8965 12.0946
4679.01 -8.9001 12.0938
4679.18 -8.9038 12.0931
4679.36 -8.9075 12.0923
4679.54 -8.9112 12.0916
4679.71 -8.9150 12.0908
4679.89 -8.9189 12.0901
4680.07 -8.9228 12.0893
4680.24 -8.9267 12.0886
4680.42 -8.9307 12.0878
4680.6 -8.9348 12.0871
4680.77 -8.9389 12.0863
4680.95 -8.9431 12.0856
4681.13 -8.9473 12.0848
4681.3 -8.9517 12.0841
4681.48 -8.9560 12.0833
4681.66 -8.9604 12.0826
4681.83 -8.9649 12.0818
4682.01 -8.9695 12.0811
4682.19 -8.9741 12.0803
4682.37 -8.9788 12.0796
4682.54 -8.9836 12.0788
4682.72 -8.9884 12.0781
4682.9 -8.9933 12.0774
4683.07 -8.9983 12.0766
4683.25 -9.0034 12.0759
4683.43 -9.0085 12.0751
4683.6 -9.0137 12.0744
4683.78 -9.0190 12.0736
4683.96 -9.0244 12.0729
4684.13 -9.0299 12.0721
4684.31 -9.0355 12.0714
4684.49 -9.0411 12.0706
4684.67 -9.0469 12.0699
4684.84 -9.0527 12.0691
4685.02 -9.0586 12.0684
4685.2 -9.0647 12.0676
4685.37 -9.0708 12.0669
4685.55 -9.0771 12.0661
4685.73 -9.0834 12.0654
4685.9 -9.0899 12.0646
4686.08 -9.0965 12.0639
4686.26 -9.1032 12.0631
4686.44 -9.1100 12.0624
4686.61 -9.1170 12.0616
4686.79 -9.1240 12.0609
4686.97 -9.1312 12.0601
4687.14 -9.1386 12.0594
4687.32 -9.1461 12.0587
4687.5 -9.1537 12.0579
4687.68 -9.1615 12.0572
4687.85 -9.1694 12.0564
4688.03 -9.1775 12.0557
4688.21 -9.1858 12.0549
4688.39 -9.1942 12.0542
4688.56 -9.2029 12.0534
4688.74 -9.2117 12.0527
4688.92 -9.2206 12.0519
4689.09 -9.2298 12.0512
4689.27 -9.2392 12.0504
4689.45 -9.2488 12.0497
4689.63 -9.2587 12.0489
4689.8 -9.2687 12.0482
4689.98 -9.2790 12.0474
4690.16 -9.2895 12.0467
4690.34 -9.3003 12.0459
4690.51 -9.3114 12.0452
4690.69 -9.3228 12.0444
4690.87 -9.3344 12.0437
4691.05 -9.3464 12.0430
4691.22 -9.3587 12.0422
4691.4 -9.3713 12.0415
4691.58 -9.3843 12.0407
4691.76 -9.3976 12.0400
4691.93 -9.4114 12.0392
4692.11 -9.4256 12.0385
4692.29 -9.4402 12.0377
4692.47 -9.4552 12.0370
4692.64 -9.4708 12.0362
4692.82 -9.4869 12.0355
4693 -9.5035 12.0347
4693.18 -9.5208 12.0340
4693.35 -9.5386 12.0332
4693.53 -9.5572 12.0325
4693.71 -9.5764 12.0317
4693.89 -9.5965 12.0310
4694.07 -9.6173 12.0302
4694.24 -9.6391 12.0295
4694.42 -9.6618 12.0287
4694.6 -9.6857 12.0280
4694.78 -9.7106 12.0273
4694.95 -9.7368 12.0265
4695.13 -9.7645 12.0258
4695.31 -9.7936 12.0250
4695.49 -9.8245 12.0243
4695.67 -9.8573 12.0235
4695.84 -9.8922 12.0228
4696.02 -9.9296 12.0220
4696.2 -9.9698 12.0213
4696.38 -10.0132 12.0205
4696.55 -10.0604 12.0198
4696.73 -10.1120 12.0190
4696.91 -10.1689 12.0183
4697.09 -10.2324 12.0175
4697.27 -10.3040 12.0168
4697.44 -10.3861 12.0160
4697.62 -10.4822 12.0153
4697.8 -10.5981 12.0146
4697.98 -10.7435 12.0138
4698.16 -10.9389 12.0131
4698.33 -11.2364 12.0123
4698.51 -11.8784 12.0116
4698.69 -11.8815 13.8533
4698.87 -11.2360 13.8525
4699.05 -10.9348 13.8517
4699.22 -10.7359 13.8509
4699.4 -10.5868 13.8501
4699.58 -10.4675 13.8493
4699.76 -10.3679 13.8485
4699.94 -10.2823 13.8477
4700.12 -10.2073 13.8469
4700.29 -10.1404 13.8461
4700.47 -10.0801 13.8453
4700.65 -10.0251 13.8445
4700.83 -9.9745 13.8437
4701.01 -9.9278 13.8429
4701.18 -9.8842 13.8421
4701.36 -9.8435 13.8413
4701.54 -9.8052 13.8406
4701.72 -9.7690 13.8398
4701.9 -9.7348 13.8390
4702.08 -9.7023 13.8382
4702.25 -9.6714 13.8374
4702.43 -9.6418 13.8366
4702.61 -9.6135 13.8358
4702.79 -9.5864 13.8350
4702.97 -9.5603 13.8342
4703.15 -9.5352 13.8334
4703.32 -9.5111 13.8326
4703.5 -9.4877 13.8318
4703.68 -9.4652 13.8310
4703.86 -9.4433 13.8302
4704.04 -9.4222 13.8294
4704.22 -9.4016 13.8286
4704.4 -9.3817 13.8278
4704.57 -9.3623 13.8270
4704.75 -9.3434 13.8262
4704.93 -9.3251 13.8254
4705.11 -9.3072 13.8246
4705.29 -9.2897 13.8238
4705.47 -9.2727 13.8230
4705.65 -9.2560 13.8222
4705.82 -9.2398 13.8214
4706 -9.2239 13.8206
4706.18 -9.2083 13.8198
4706.36 -9.1931 13.8190
4706.54 -9.1781 13.8182
4706.72 -9.1635 13.8174
4706.9 -9.1491 13.8166
4707.07 -9.1351 13.8158
4707.25 -9.1213 13.8151
4707.43 -9.1077 13.8143
4707.61 -9.0944 13.8135
4707.79 -9.0813 13.8127
4707.97 -9.0684 13.8119
4708.15 -9.0557 13.8111
4708.33 -9.0433 13.8103
4708.5 -9.0310 13.8095
4708.68 -9.0190 13.8087
4708.86 -9.0071 13.8079
4709.04 -8.9954 13.8071
4709.22 -8.9839 13.8063
4709.4 -8.9725 13.8055
4709.58 -8.9613 13.8047
4709.76 -8.9503 13.8039
4709.94 -8.9394 13.8031
4710.11 -8.9286 13.8023
4710.29 -8.9180 13.8015
4710.47 -8.9076 13.8007
4710.65 -8.8972 13.7999
4710.83 -8.8870 13.7991
4711.01 -8.8769 13.7983
4711.19 -8.8670 13.7975
4711.37 -8.8572 13.7967
4711.55 -8.8474 13.7959
4711.73 -8.8378 13.7951
4711.9 -8.8283 13.7943
4712.08 -8.8189 13.7935
4712.26 -8.8096 13.7927
4712.44 -8.8005 13.7919
4712.62 -8.7914 13.7912
4712.8 -8.7824 13.7904
4712.98 -8.7735 13.7896
4713.16 -8.7647 13.7888
4713.34 -8.7559 13.7880
4713.52 -8.7473 13.7872
4713.7 -8.7388 13.7864
4713.88 -8.7303 13.7856
4714.05 -8.7219 13.7848
4714.23 -8.7136 13.7840
4714.41 -8.7054 13.7832
4714.59 -8.6972 13.7824
4714.77 -8.6891 13.7816
4714.95 -8.6811 13.7808
4715.13 -8.6732 13.7800
4715.31 -8.6653 13.7792
4715.49 -8.6575 13.7784
4715.67 -8.6498 13.7776
4715.85 -8.6421 13.7768
4716.03 -8.6345 13.7760
4716.21 -8.6270 13.7752
4716.39 -8.6195 13.7744
4716.57 -8.6121 13.7736
4716.74 -8.6047 13.7728
4716.92 -8.5974 13.7720
4717.1 -8.5902 13.7712
4717.28 -8.5830 13.7704
4717.46 -8.5758 13.7697
4717.64 -8.5688 13.7689
4717.82 -8.5617 13.7681
4718 -8.5547 13.7673
4718.18 -8.5478 13.7665
4718.36 -8.5409 13.7657
4718.54 -8.5341 13.7649
4718.72 -8.5273 13.7641
4718.9 -8.5206 13.7633
4719.08 -8.5139 13.7625
4719.26 -8.5072 13.7617
4719.44 -8.5006 13.7609
4719.62 -8.4941 13.7601
4719.8 -8.4876 13.7593
4719.98 -8.4811 13.7585
4720.16 -8.4747 13.7577
4720.34 -8.4683 13.7569
4720.52 -8.4619 13.7561
4720.7 -8.4556 13.7553
4720.88 -8.4494 13.7545
4721.05 -8.4431 13.7537
4721.23 -8.4369 13.7529
4721.41 -8.4308 13.7521
4721.59 -8.4247 13.7513
4721.77 -8.4186 13.7505
4721.95 -8.4125 13.7498
4722.13 -8.4065 13.7490
4722.31 -8.4006 13.7482
4722.49 -8.3946 13.7474
4722.67 -8.3887 13.7466
4722.85 -8.3828 13.7458
4723.03 -8.3770 13.7450
4723.21 -8.3712 13.7442
4732.23 -8.1136 13.7044
4750.36 -7.7158 13.6249
4768.63 -7.3990 13.5456
4787.04 -7.1275 13.4663
4805.59 -6.8857 13.3872
4824.29 -6.6653 13.3082
4843.14 -6.4615 13.2293
4862.13 -6.2709 13.1505
4881.27 -6.0913 13.0718
4900.57 -5.9210 12.9933
4920.01 -5.7590 12.9148
4939.62 -5.6095 12.8368
4959.37 -5.4609 12.7591
4979.29 -5.3182 12.6815
4999.37 -5.1806 12.6041
5019.61 -5.0479 12.5267
5040.01 -4.9196 12.4494
5060.59 -4.7955 12.3723
5081.33 -4.6752 12.2952
5102.24 -4.5585 12.2182
5123.32 -4.4452 12.1414
5144.58 -4.3351 12.0646
5166.01 -4.2281 11.9880
5187.63 -4.1239 11.9114
5209.43 -4.0225 11.8350
5231.41 -3.9237 11.7587
5253.57 -3.8274 11.6824
5275.93 -3.7335 11.6063
5298.48 -3.6418 11.5303
5321.22 -3.5524 11.4545
5344.15 -3.4651 11.3787
5367.29 -3.3798 11.3030
5390.62 -3.2892 11.2272
5414.16 -3.2079 11.1515
5437.91 -3.1285 11.0759
5461.87 -3.0508 11.0004
5486.03 -2.9748 10.9250
5510.42 -2.9006 10.8498
5535.02 -2.8279 10.7747
5559.84 -2.7569 10.6997
5584.88 -2.6873 10.6249
5610.15 -2.6193 10.5502
5635.65 -2.5527 10.4756
5661.39 -2.4875 10.4011
5687.36 -2.4237 10.3268
5713.56 -2.3561 10.2525
5740.02 -2.2951 10.1782
5766.71 -2.2353 10.1041
5793.66 -2.1768 10.0301
5820.86 -2.1195 9.9562
5848.32 -2.0634 9.8826
5876.04 -2.0084 9.8090
5904.02 -1.9546 9.7356
5932.27 -1.9020 9.6624
5960.79 -1.8504 9.5893
5989.58 -1.7999 9.5163
6018.66 -1.7505 9.4435
6048.02 -1.7021 9.3709
6077.66 -1.6548 9.2984
6107.6 -1.6084 9.2260
6137.84 -1.5600 9.1537
6168.38 -1.5156 9.0816
6199.22 -1.4722 9.0095
6230.37 -1.4297 8.9377
6261.84 -1.3881 8.8660
6293.62 -1.3474 8.7945
6325.73 -1.3075 8.7232
6358.17 -1.2686 8.6520
6390.95 -1.2305 8.5810
6424.06 -1.1933 8.5101
6457.52 -1.1568 8.4394
6491.33 -1.1212 8.3689
6525.49 -1.0864 8.2986
6560.02 -1.0524 8.2284
6594.91 -1.0192 8.1584
6630.18 -0.9867 8.0886
6665.82 -0.9550 8.0190
6701.86 -0.9241 7.9495
6738.28 -0.8939 7.8802
6775.1 -0.8644 7.8111
6812.33 -0.8356 7.7422
6849.96 -0.8075 7.6734
6888.02 -0.7802 7.6048
6926.5 -0.7535 7.5365
6965.41 -0.7275 7.4683
7004.77 -0.7021 7.4002
7044.57 -0.6775 7.3324
7084.82 -0.6535 7.2648
7125.54 -0.6301 7.1973
7166.73 -0.6074 7.1300
7208.39 -0.5853 7.0630
7250.55 -0.5638 6.9961
7293.2 -0.5430 6.9294
7336.35 -0.5227 6.8629
7380.02 -0.5031 6.7966
7424.21 -0.4840 6.7305
7468.94 -0.4656 6.6646
7514.2 -0.4477 6.5989
7560.02 -0.4304 6.5334
7606.4 -0.4137 6.4681
7653.35 -0.3975 6.4030
7700.89 -0.3819 6.3381
7749.02 -0.3669 6.2734
7797.76 -0.3524 6.2089
7847.11 -0.3384 6.1446
7897.09 -0.3250 6.0806
7947.71 -0.3121 6.0167
7998.99 -0.2998 5.9531
8050.93 -0.2880 5.8896
8103.55 -0.2766 5.8264
8156.86 -0.2658 5.7634
8210.88 -0.2555 5.7006
8265.62 -0.2450 5.6381
8321.1 -0.2358 5.5757
8377.32 -0.2271 5.5136
8434.31 -0.2188 5.4516
8492.08 -0.2111 5.3900
8550.64 -0.2038 5.3285
8610.02 -0.1970 5.2673
8670.23 -0.1906 5.2063
8731.29 -0.1848 5.1455
8793.22 -0.1793 5.0850
8856.02 -0.1744 5.0247
8919.74 -0.1694 4.9646
8984.37 -0.1642 4.9043
9049.95 -0.1601 4.8443
9116.5 -0.1566 4.7846
9184.03 -0.1538 4.7251
9252.56 -0.1515 4.6659
9322.13 -0.1498 4.6070
9392.75 -0.1485 4.5484
9464.45 -0.1446 4.4899
9537.26 -0.1443 4.4317
9611.19 -0.1445 4.3738
9686.28 -0.1451 4.3162
9762.55 -0.1461 4.2588
9840.03 -0.1476 4.2018
9918.75 -0.1487 4.1450
9998.74 -0.1511 4.0885
10080 -0.1538 4.0323
10162.7 -0.1562 3.9764
10246.6 -0.1598 3.9207
10332 -0.1638 3.8654
10418.9 -0.1681 3.8104
10507.1 -0.1729 3.7556
10597 -0.1781 3.7012
10688.3 -0.1836 3.6471
10781.2 -0.1895 3.5932
10875.8 -0.1958 3.5397
10972.1 -0.2025 3.4865
11070 -0.2095 3.4336
11169.8 -0.2170 3.3810
11271.3 -0.2247 3.3287
11374.7 -0.2329 3.2767
11480 -0.2414 3.2250
11587.3 -0.2503 3.1736
11696.6 -0.2595 3.1226
11808 -0.2691 3.0719
11921.6 -0.2791 3.0215
12037.3 -0.2894 2.9714
12155.3 -0.3001 2.9216
12275.7 -0.3111 2.8722
12398.4 -0.3225 2.8230
12523.7 -0.3342 2.7743
12651.5 -0.3463 2.7258
12781.9 -0.3587 2.6777
12915 -0.3715 2.6299
13051 -0.3846 2.5824
13189.8 -0.3981 2.5353
13331.6 -0.4120 2.4885
13476.6 -0.4262 2.4420
13624.7 -0.4408 2.3959
13776 -0.4557 2.3501
13930.8 -0.4710 2.3047
14089.1 -0.4867 2.2596
14251.1 -0.5028 2.2149
14416.8 -0.5175 2.1705
14586.4 -0.5344 2.1265
14760 -0.5517 2.0828
14937.9 -0.5693 2.0394
15120 -0.5874 1.9964
15306.7 -0.6047 1.9538
15498 -0.6236 1.9115
15694.2 -0.6430 1.8696
15895.4 -0.6629 1.8281
16101.9 -0.6832 1.7869
16313.7 -0.7040 1.7461
16531.2 -0.7253 1.7057
16754.6 -0.7472 1.6657
16984.2 -0.7695 1.6261
17220 -0.7925 1.5868
17462.6 -0.8160 1.5479
17712 -0.8402 1.5094
17968.7 -0.8636 1.4713
18233 -0.8892 1.4335
18505.1 -0.9157 1.3961
18785.5 -0.9429 1.3592
19074.5 -0.9698 1.3226
19372.6 -0.9990 1.2864
19680.1 -1.0292 1.2506
19997.5 -1.0606 1.2153
20325.3 -1.0933 1.1803
20664.1 -1.1262 1.1458
21014.3 -1.1619 1.1117
21376.6 -1.1995 1.0780
21751.6 -1.2390 1.0447
22140.1 -1.2808 1.0119
22542.6 -1.3253 0.9796
22960.1 -1.3729 0.9477
23393.3 -1.4242 0.9162
23843.1 -1.4798 0.8852
24310.7 -1.5407 0.8546
24796.9 -1.6081 0.8245
25302.9 -1.6836 0.7949
25830.1 -1.7698 0.7657
26379.6 -1.8699 0.7370
26953.1 -1.9893 0.7085
27552.1 -2.1368 0.6802
28178.3 -2.3290 0.6524
28833.6 -2.6006 0.6251
29457 -2.9950 0.6007
29464 -3.0008 0.6005
29471 -3.0066 0.6002
29478 -3.0125 0.5999
29485 -3.0184 0.5997
29492 -3.0243 0.5994
29499 -3.0303 0.5992
29506 -3.0364 0.5989
29513.1 -3.0424 0.5986
29520.1 -3.0486 0.5984
29527.1 -3.0548 0.5981
29534.1 -3.0610 0.5978
29541.2 -3.0673 0.5976
29548.2 -3.0737 0.5973
29555.3 -3.0801 0.5970
29562.3 -3.0865 0.5968
29569.4 -3.0930 0.5965
29576.4 -3.0996 0.5962
29583.5 -3.1062 0.5960
29590.5 -3.1129 0.5957
29597.6 -3.1196 0.5955
29604.7 -3.1264 0.5952
29611.7 -3.1333 0.5949
29618.8 -3.1402 0.5947
29625.9 -3.1472 0.5944
29633 -3.1542 0.5941
29640.1 -3.1613 0.5939
29647.1 -3.1685 0.5936
29654.2 -3.1758 0.5933
29661.3 -3.1831 0.5931
29668.4 -3.1905 0.5928
29675.5 -3.1979 0.5926
29682.6 -3.2055 0.5923
29689.7 -3.2131 0.5920
29696.8 -3.2207 0.5918
29704 -3.2285 0.5915
29711.1 -3.2363 0.5912
29718.2 -3.2442 0.5910
29725.3 -3.2522 0.5907
29732.5 -3.2603 0.5904
29739.6 -3.2685 0.5902
29746.7 -3.2767 0.5899
29753.9 -3.2850 0.5897
29761 -3.2935 0.5894
29768.1 -3.3020 0.5891
29775.3 -3.3106 0.5889
29782.5 -3.3193 0.5886
29789.6 -3.3281 0.5883
29796.8 -3.3370 0.5881
29803.9 -3.3460 0.5878
29811.1 -3.3551 0.5876
29818.3 -3.3643 0.5873
29825.4 -3.3736 0.5870
29832.6 -3.3830 0.5868
29839.8 -3.3926 0.5865
29847 -3.4022 0.5862
29854.2 -3.4120 0.5860
29861.4 -3.4219 0.5857
29868.5 -3.4319 0.5855
29875.7 -3.4421 0.5852
29882.9 -3.4524 0.5849
29890.2 -3.4628 0.5847
29897.4 -3.4733 0.5844
29904.6 -3.4840 0.5841
29911.8 -3.4949 0.5839
29919 -3.5058 0.5836
29926.2 -3.5170 0.5834
29933.4 -3.5283 0.5831
29940.7 -3.5397 0.5828
29947.9 -3.5513 0.5826
29955.1 -3.5631 0.5823
29962.4 -3.5750 0.5821
29969.6 -3.5872 0.5818
29976.9 -3.5995 0.5815
29984.1 -3.6120 0.5813
29991.4 -3.6247 0.5810
29998.6 -3.6376 0.5807
30005.9 -3.6507 0.5805
30013.2 -3.6640 0.5802
30020.4 -3.6775 0.5800
30027.7 -3.6913 0.5797
30035 -3.7053 0.5794
30042.2 -3.7195 0.5792
30049.5 -3.7340 0.5789
30056.8 -3.7488 0.5787
30064.1 -3.7638 0.5784
30071.4 -3.7791 0.5781
30078.7 -3.7946 0.5779
30086 -3.8105 0.5776
30093.3 -3.8267 0.5774
30100.6 -3.8432 0.5771
30107.9 -3.8600 0.5768
30115.2 -3.8772 0.5766
30122.5 -3.8947 0.5763
30129.9 -3.9126 0.5761
30137.2 -3.9309 0.5758
30144.5 -3.9496 0.5755
30151.8 -3.9687 0.5753
30159.2 -3.9882 0.5750
30166.5 -4.0082 0.5748
30173.8 -4.0287 0.5745
30181.2 -4.0497 0.5742
30188.5 -4.0713 0.5740
30195.9 -4.0934 0.5737
30203.3 -4.1160 0.5735
30210.6 -4.1393 0.5732
30218 -4.1633 0.5729
30225.3 -4.1879 0.5727
30232.7 -4.2132 0.5724
30240.1 -4.2393 0.5722
30247.5 -4.2662 0.5719
30254.8 -4.2940 0.5716
30262.2 -4.3227 0.5714
30269.6 -4.3524 0.5711
30277 -4.3831 0.5709
30284.4 -4.4149 0.5706
30291.8 -4.4479 0.5704
30299.2 -4.4823 0.5701
30306.6 -4.5180 0.5698
30314 -4.5552 0.5696
30321.4 -4.5940 0.5693
30328.9 -4.6346 0.5691
30336.3 -4.6772 0.5688
30343.7 -4.7219 0.5685
30351.1 -4.7689 0.5683
30358.6 -4.8186 0.5680
30366 -4.8712 0.5678
30373.4 -4.9270 0.5675
30380.9 -4.9865 0.5672
30388.3 -5.0502 0.5670
30395.8 -5.1187 0.5667
30403.2 -5.1928 0.5665
30410.7 -5.2735 0.5662
30418.1 -5.3620 0.5660
30425.6 -5.4599 0.5657
30433.1 -5.5695 0.5654
30440.5 -5.6939 0.5652
30448 -5.8377 0.5649
30455.5 -6.0080 0.5647
30463 -6.2165 0.5644
30470.5 -6.4853 0.5642
30478 -6.8636 0.5639
30485.5 -7.5064 0.5636
30493 -10.9524 0.5634
30500.5 -7.5617 3.5504
30508 -6.8866 3.5489
30515.5 -6.4941 3.5474
30523 -6.2160 3.5460
30530.5 -6.0003 3.5445
30538 -5.8239 3.5430
30545.5 -5.6746 3.5415
30553.1 -5.5451 3.5401
30560.6 -5.4308 3.5386
30568.1 -5.3284 3.5371
30575.7 -5.2356 3.5357
30583.2 -5.1509 3.5342
30590.8 -5.0728 3.5327
30598.3 -5.0004 3.5313
30605.9 -4.9329 3.5298
30613.4 -4.8697 3.5283
30621 -4.8103 3.5269
30628.5 -4.7542 3.5254
30636.1 -4.7011 3.5239
30643.7 -4.6506 3.5225
30651.3 -4.6025 3.5210
30658.8 -4.5567 3.5195
30666.4 -4.5128 3.5181
30674 -4.4707 3.5166
30681.6 -4.4303 3.5152
30689.2 -4.3915 3.5137
30696.8 -4.3541 3.5122
30704.4 -4.3180 3.5108
30712 -4.2831 3.5093
30719.6 -4.2494 3.5078
30727.2 -4.2167 3.5064
30734.8 -4.1851 3.5049
30742.5 -4.1544 3.5035
30750.1 -4.1246 3.5020
30757.7 -4.0956 3.5005
30765.3 -4.0674 3.4991
30773 -4.0400 3.4976
30780.6 -4.0133 3.4961
30788.3 -3.9872 3.4947
30795.9 -3.9618 3.4932
30803.6 -3.9370 3.4918
30811.2 -3.9127 3.4903
30818.9 -3.8890 3.4889
30826.5 -3.8659 3.4874
30834.2 -3.8432 3.4859
30841.9 -3.8210 3.4845
30849.6 -3.7993 3.4830
30857.2 -3.7780 3.4816
30864.9 -3.7571 3.4801
30872.6 -3.7367 3.4787
30880.3 -3.7166 3.4772
30888 -3.6969 3.4757
30895.7 -3.6776 3.4743
30903.4 -3.6586 3.4728
30911.1 -3.6399 3.4714
30918.8 -3.6216 3.4699
30926.5 -3.6036 3.4685
30934.2 -3.5858 3.4670
30941.9 -3.5684 3.4656
30949.7 -3.5512 3.4641
30957.4 -3.5344 3.4627
30965.1 -3.5177 3.4612
30972.9 -3.5014 3.4597
30980.6 -3.4853 3.4583
30988.3 -3.4694 3.4568
30996.1 -3.4537 3.4554
31003.8 -3.4383 3.4539
31011.6 -3.4231 3.4525
31019.4 -3.4081 3.4510
31027.1 -3.3933 3.4496
31034.9 -3.3787 3.4481
31042.7 -3.3643 3.4467
31050.4 -3.3501 3.4452
31058.2 -3.3361 3.4438
31066 -3.3223 3.4423
31073.8 -3.3086 3.4409
31081.6 -3.2951 3.4394
31089.4 -3.2818 3.4380
31097.2 -3.2686 3.4365
31105 -3.2556 3.4351
31112.8 -3.2428 3.4337
31120.6 -3.2300 3.4322
31128.4 -3.2175 3.4308
31136.2 -3.2051 3.4293
31144 -3.1928 3.4279
31151.8 -3.1807 3.4264
31159.7 -3.1687 3.4250
31167.5 -3.1568 3.4235
31175.3 -3.1450 3.4221
31183.2 -3.1334 3.4206
31191 -3.1219 3.4192
31198.9 -3.1105 3.4178
31206.7 -3.0993 3.4163
31214.6 -3.0881 3.4149
31222.4 -3.0771 3.4134
31230.3 -3.0661 3.4120
31238.2 -3.0553 3.4105
31246.1 -3.0446 3.4091
31253.9 -3.0340 3.4077
31261.8 -3.0235 3.4062
31269.7 -3.0131 3.4048
31277.6 -3.0028 3.4033
31285.5 -2.9925 3.4019
31293.4 -2.9824 3.4005
31301.3 -2.9724 3.3990
31309.2 -2.9624 3.3976
31317.1 -2.9526 3.3961
31325 -2.9428 3.3947
31332.9 -2.9331 3.3933
31340.8 -2.9235 3.3918
31348.8 -2.9140 3.3904
31356.7 -2.9046 3.3889
31364.6 -2.8952 3.3875
31372.6 -2.8860 3.3861
31380.5 -2.8768 3.3846
31388.4 -2.8676 3.3832
31396.4 -2.8586 3.3818
31404.3 -2.8496 3.3803
31412.3 -2.8407 3.3789
31420.3 -2.8319 3.3775
31428.2 -2.8231 3.3760
31436.2 -2.8144 3.3746
31444.2 -2.8058 3.3732
31452.1 -2.7972 3.3717
31460.1 -2.7887 3.3703
31468.1 -2.7803 3.3689
31476.1 -2.7719 3.3674
31484.1 -2.7636 3.3660
31492.1 -2.7554 3.3646
31500.1 -2.7472 3.3631
31508.1 -2.7391 3.3617
31516.1 -2.7310 3.3603
31524.1 -2.7230 3.3588
31532.1 -2.7151 3.3574
31540.2 -2.7072 3.3560
31548.2 -2.6993 3.3545
31790.9 -2.4865 3.3118
32627.5 -1.9819 3.1742
33509.3 -1.6306 3.0395
34440.1 -1.3646 2.9066
35424.1 -1.1529 2.7754
36466 -0.9793 2.6461
37571 -0.8344 2.5187
38745.1 -0.7121 2.3932
39994.9 -0.6065 2.2695
41328.1 -0.5182 2.1477
42753.2 -0.4432 2.0281
44280.1 -0.3798 1.9107
45920.1 -0.3265 1.7958
47686.3 -0.2823 1.6833
49593.7 -0.2462 1.5733
51660.1 -0.2175 1.4660
53906.2 -0.1955 1.3613
56356.5 -0.1798 1.2594
59040.2 -0.1697 1.1603
61992.2 -0.1631 1.0640
65254.9 -0.1636 0.9707
68880.2 -0.1686 0.8807
72932 -0.1778 0.7943
77490.2 -0.1906 0.7115
82656.2 -0.2068 0.6316
88560.2 -0.2265 0.5554
95372.6 -0.2492 0.4837
103320 -0.2745 0.4166
112713 -0.3017 0.3541
123984 -0.3304 0.2963
