4290.12 -7.9550 21.8619
4305.01 -7.8847 21.7542
4320.01 -7.8155 21.6465
4335.12 -7.7474 21.5389
4350.33 -7.6803 21.4315
4365.65 -7.6143 21.3241
4381.07 -7.5492 21.2168
4396.61 -7.4851 21.1096
4412.25 -7.4219 21.0026
4428.01 -7.3597 20.8956
4443.88 -7.2984 20.7887
4459.87 -7.2379 20.6820
4475.97 -7.1784 20.5753
4492.19 -7.1198 20.4688
4508.52 -7.0620 20.3623
4524.98 -7.0050 20.2560
4541.55 -6.9489 20.1497
4558.25 -6.8936 20.0436
4575.07 -6.8392 19.9376
4592.01 -6.7855 19.8317
4609.08 -6.7326 19.7259
4626.28 -6.6714 19.6200
4643.61 -6.6201 19.5141
4661.07 -6.5696 19.4083
4678.65 -6.5199 19.3026
4696.38 -6.4709 19.1970
4714.23 -6.4226 19.0916
4732.23 -6.3751 18.9862
4750.36 -6.3283 18.8810
4768.63 -6.2823 18.7759
4787.04 -6.2369 18.6710
4805.59 -6.1923 18.5661
4824.29 -6.1484 18.4614
4843.14 -6.1051 18.3568
4862.13 -6.0626 18.2523
4881.27 -6.0207 18.1480
4900.57 -5.9795 18.0437
4920.01 -5.9390 17.9396
4939.62 -5.8991 17.8357
4959.37 -5.8599 17.7318
4979.29 -5.8059 17.6279
4999.37 -5.7682 17.5240
5019.61 -5.7282 17.4201
5040.01 -5.6919 17.3164
5060.59 -5.6561 17.2128
5081.33 -5.6211 17.1093
5102.24 -5.5866 17.0060
5123.32 -5.5528 16.9028
5144.58 -5.5196 16.7998
5166.01 -5.4870 16.6969
5187.63 -5.4399 16.5939
5209.43 -5.4088 16.4910
5231.41 -5.3782 16.3882
5253.57 -5.3483 16.2856
5275.93 -5.3190 16.1831
5298.48 -5.2904 16.0809
5321.22 -5.2621 15.9787
5344.15 -5.2346 15.8768
5367.29 -5.2077 15.7750
5390.62 -5.1814 15.6734
5414.16 -5.1556 15.5719
5437.91 -5.1305 15.4706
5461.87 -5.1059 15.3695
5486.03 -5.0819 15.2685
5510.42 -5.0585 15.1678
5535.02 -5.0357 15.0671
5559.84 -5.0134 14.9667
5584.88 -4.9917 14.8664
5610.15 -4.9706 14.7663
5635.65 -4.9500 14.6664
5661.39 -4.9300 14.5666
5687.36 -4.9106 14.4670
5713.56 -4.8917 14.3676
5740.02 -4.8734 14.2684
5766.71 -4.8556 14.1694
5793.66 -4.8383 14.0705
5820.86 -4.8217 13.9718
5848.32 -4.8055 13.8733
5876.04 -4.7900 13.7749
5904.02 -4.7749 13.6768
5932.27 -4.7604 13.5788
5960.79 -4.7465 13.4810
5989.58 -4.7331 13.3834
6018.66 -4.7202 13.2860
6048.02 -4.7079 13.1888
6077.66 -4.6962 13.0918
6107.6 -4.6849 12.9949
6137.84 -4.6660 12.8982
6168.38 -4.6560 12.8015
6199.22 -4.6465 12.7050
6230.37 -4.6376 12.6087
6261.84 -4.6292 12.5126
6293.62 -4.6214 12.4167
6325.73 -4.6141 12.3210
6358.17 -4.6073 12.2255
6390.95 -4.6011 12.1303
6424.06 -4.5954 12.0352
6457.52 -4.5903 11.9403
6491.33 -4.5857 11.8456
6525.49 -4.5817 11.7512
6560.02 -4.5782 11.6569
6594.91 -4.5752 11.5629
6630.18 -4.5728 11.4691
6665.82 -4.5710 11.3754
6701.86 -4.5697 11.2820
6738.28 -4.5690 11.1888
6775.1 -4.5688 11.0959
6812.33 -4.5692 11.0031
6849.96 -4.5701 10.9106
6888.02 -4.5716 10.8183
6926.5 -4.5737 10.7262
6965.41 -4.5763 10.6343
7004.77 -4.5795 10.5426
7044.57 -4.5833 10.4512
7084.82 -4.5876 10.3600
7125.54 -4.5879 10.2689
7166.73 -4.5935 10.1780
7208.39 -4.5998 10.0874
7250.55 -4.6066 9.9970
7293.2 -4.6141 9.9068
7336.35 -4.6221 9.8168
7380.02 -4.6308 9.7271
7424.21 -4.6401 9.6377
7468.94 -4.6500 9.5484
7514.2 -4.6606 9.4595
7560.02 -4.6718 9.3707
7606.4 -4.6836 9.2823
7653.35 -4.6961 9.1940
7700.89 -4.7093 9.1060
7749.02 -4.7219 9.0183
7797.76 -4.7351 8.9308
7847.11 -4.7504 8.8435
7897.09 -4.7665 8.7565
7947.71 -4.7832 8.6697
7998.99 -4.8007 8.5833
8050.93 -4.8190 8.4970
8103.55 -4.8379 8.4111
8156.86 -4.8577 8.3254
8210.88 -4.8773 8.2400
8265.62 -4.8988 8.1549
8321.1 -4.9210 8.0700
8377.32 -4.9441 7.9854
8434.31 -4.9680 7.9011
8492.08 -4.9929 7.8170
8550.64 -5.0186 7.7333
8610.02 -5.0452 7.6498
8670.23 -5.0728 7.5666
8731.29 -5.1014 7.4837
8793.22 -5.1310 7.4010
8856.02 -5.1617 7.3187
8919.74 -5.1931 7.2364
8984.37 -5.2251 7.1539
9049.95 -5.2585 7.0718
9116.5 -5.2933 6.9899
9184.03 -5.3295 6.9084
9252.56 -5.3672 6.8272
9322.13 -5.4063 6.7464
9392.75 -5.4469 6.6658
9464.45 -5.4890 6.5856
9537.26 -5.5328 6.5058
9611.19 -5.5784 6.4262
9686.28 -5.6257 6.3471
9762.55 -5.6749 6.2682
9840.03 -5.7260 6.1897
9918.75 -5.7784 6.1115
9998.74 -5.8339 6.0337
10080 -5.8918 5.9562
10162.7 -5.9522 5.8791
10246.6 -6.0153 5.8023
10332 -6.0813 5.7258
10418.9 -6.1504 5.6497
10507.1 -6.2229 5.5740
10597 -6.2990 5.4986
10688.3 -6.3791 5.4236
10781.2 -6.4610 5.3489
10875.8 -6.5504 5.2745
10972.1 -6.6452 5.2005
11070 -6.7458 5.1268
11169.8 -6.8531 5.0536
11271.3 -6.9633 4.9806
11374.7 -7.0867 4.9079
11480 -7.2200 4.8356
11587.3 -7.3646 4.7637
11696.6 -7.5226 4.6922
11808 -7.6965 4.6211
11921.6 -7.8897 4.5503
12037.3 -8.1069 4.4800
12155.3 -8.3530 4.4100
12275.7 -8.6407 4.3404
12398.4 -8.9834 4.2712
12523.7 -9.4068 4.2024
12651.5 -9.9597 4.1340
12781.9 -10.7555 4.0660
12849.5 -11.3492 4.0315
12850.8 -11.3629 4.0308
12852.1 -11.3768 4.0301
12853.4 -11.3908 4.0295
12854.8 -11.4049 4.0288
12856.1 -11.4191 4.0281
12857.4 -11.4334 4.0274
12858.8 -11.4478 4.0268
12860.1 -11.4623 4.0261
12861.4 -11.4769 4.0254
12862.8 -11.4917 4.0247
12864.1 -11.5065 4.0240
12865.5 -11.5215 4.0234
12866.8 -11.5366 4.0227
12868.1 -11.5519 4.0220
12869.5 -11.5672 4.0213
12870.8 -11.5827 4.0207
12872.1 -11.5984 4.0200
12873.5 -11.6141 4.0193
12874.8 -11.6300 4.0186
12876.1 -11.6460 4.0180
12877.5 -11.6622 4.0173
12878.8 -11.6785 4.0166
12880.2 -11.6949 4.0159
12881.5 -11.7115 4.0153
12882.8 -11.7282 4.0146
12884.2 -11.7451 4.0139
12885.5 -11.7622 4.0132
12886.8 -11.7794 4.0126
12888.2 -11.7968 4.0119
12889.5 -11.8143 4.0112
12890.9 -11.8320 4.0105
12892.2 -11.8498 4.0099
12893.5 -11.8679 4.0092
12894.9 -11.8861 4.0085
12896.2 -11.9045 4.0078
12897.6 -11.9230 4.0072
12898.9 -11.9418 4.0065
12900.3 -11.9607 4.0058
12901.6 -11.9799 4.0052
12902.9 -11.9992 4.0045
12904.3 -12.0187 4.0038
12905.6 -12.0385 4.0031
12907 -12.0584 4.0025
12908.3 -12.0786 4.0018
12909.7 -12.0990 4.0011
12911 -12.1196 4.0004
12912.3 -12.1405 3.9998
12913.7 -12.1615 3.9991
12915 -12.1828 3.9984
12916.4 -12.2044 3.9977
12917.7 -12.2262 3.9971
12919.1 -12.2483 3.9964
12920.4 -12.2706 3.9957
12921.8 -12.2932 3.9950
12923.1 -12.3161 3.9944
12924.5 -12.3392 3.9937
12925.8 -12.3627 3.9930
12927.2 -12.3864 3.9923
12928.5 -12.4105 3.9917
12929.9 -12.4348 3.9910
12931.2 -12.4595 3.9903
12932.5 -12.4845 3.9897
12933.9 -12.5098 3.9890
12935.2 -12.5355 3.9883
12936.6 -12.5615 3.9876
12937.9 -12.5879 3.9870
12939.3 -12.6147 3.9863
12940.6 -12.6419 3.9856
12942 -12.6694 3.9849
12943.3 -12.6974 3.9843
12944.7 -12.7258 3.9836
12946.1 -12.7546 3.9829
12947.4 -12.7838 3.9822
12948.8 -12.8136 3.9816
12950.1 -12.8438 3.9809
12951.5 -12.8744 3.9802
12952.8 -12.9056 3.9796
12954.2 -12.9373 3.9789
12955.5 -12.9696 3.9782
12956.9 -13.0024 3.9775
12958.2 -13.0358 3.9769
12959.6 -13.0698 3.9762
12960.9 -13.1044 3.9755
12962.3 -13.1397 3.9748
12963.6 -13.1756 3.9742
12965 -13.2122 3.9735
12966.4 -13.2495 3.9728
12967.7 -13.2876 3.9722
12969.1 -13.3265 3.9715
12970.4 -13.3661 3.9708
12971.8 -13.4066 3.9701
12973.1 -13.4480 3.9695
12974.5 -13.4903 3.9688
12975.9 -13.5336 3.9681
12977.2 -13.5779 3.9674
12978.6 -13.6232 3.9668
12979.9 -13.6697 3.9661
12981.3 -13.7173 3.9654
12982.7 -13.7661 3.9648
12984 -13.8162 3.9641
12985.4 -13.8676 3.9634
12986.7 -13.9204 3.9627
12988.1 -13.9748 3.9621
12989.5 -14.0308 3.9614
12990.8 -14.0884 3.9607
12992.2 -14.1478 3.9601
12993.5 -14.2091 3.9594
12994.9 -14.2725 3.9587
12996.3 -14.3380 3.9580
12997.6 -14.4058 3.9574
12999 -14.4761 3.9567
13000.4 -14.5490 3.9560
13001.7 -14.6249 3.9554
13003.1 -14.7038 3.9547
13004.4 -14.7862 3.9540
13005.8 -14.8722 3.9533
13007.2 -14.9622 3.9527
13008.5 -15.0566 3.9520
13009.9 -15.1559 3.9513
13011.3 -15.2606 3.9507
13012.6 -15.3712 3.9500
13014 -15.4886 3.9493
13015.4 -15.6135 3.9486
13016.7 -15.7471 3.9480
13018.1 -15.8905 3.9473
13019.5 -16.0454 3.9466
13020.8 -16.2138 3.9460
13022.2 -16.3981 3.9453
13023.6 -16.6017 3.9446
13024.9 -16.8291 3.9439
13026.3 -17.0867 3.9433
13027.7 -17.3835 3.9426
13029 -17.7337 3.9419
13030.4 -18.1607 3.9413
13031.8 -18.7077 3.9406
13033.1 -19.4696 3.9399
13034.5 -20.7330 3.9393
13035.9 -25.3229 3.9386
13037.3 -21.1761 10.1279
13038.6 -19.6934 10.1261
13040 -18.8557 10.1243
13041.4 -18.2689 10.1226
13042.7 -17.8167 10.1208
13044.1 -17.4487 10.1190
13045.5 -17.1383 10.1172
13046.9 -16.8699 10.1154
13048.2 -16.6334 10.1137
13049.6 -16.4220 10.1119
13051 -16.2309 10.1101
13052.4 -16.0565 10.1083
13053.7 -15.8962 10.1065
13055.1 -15.7477 10.1048
13056.5 -15.6095 10.1030
13057.9 -15.4803 10.1012
13059.2 -15.3588 10.0994
13060.6 -15.2444 10.0976
13062 -15.1361 10.0959
13063.4 -15.0333 10.0941
13064.7 -14.9356 10.0923
13066.1 -14.8424 10.0905
13067.5 -14.7533 10.0888
13068.9 -14.6680 10.0870
13070.2 -14.5862 10.0852
13071.6 -14.5075 10.0834
13073 -14.4319 10.0816
13074.4 -14.3589 10.0799
13075.8 -14.2886 10.0781
13077.1 -14.2206 10.0763
13078.5 -14.1548 10.0745
13079.9 -14.0911 10.0727
13081.3 -14.0293 10.0710
13082.7 -13.9694 10.0692
13084 -13.9112 10.0674
13085.4 -13.8546 10.0656
13086.8 -13.7996 10.0639
13088.2 -13.7460 10.0621
13089.6 -13.6938 10.0603
13090.9 -13.6430 10.0585
13092.3 -13.5934 10.0567
13093.7 -13.5449 10.0550
13095.1 -13.4976 10.0532
13096.5 -13.4514 10.0514
13097.9 -13.4062 10.0496
13099.2 -13.3620 10.0479
13100.6 -13.3187 10.0461
13102 -13.2764 10.0443
13103.4 -13.2349 10.0425
13104.8 -13.1942 10.0407
13106.2 -13.1544 10.0390
13107.6 -13.1153 10.0372
13108.9 -13.0770 10.0354
13110.3 -13.0393 10.0336
13111.7 -13.0024 10.0319
13113.1 -12.9661 10.0301
13114.5 -12.9304 10.0283
13115.9 -12.8954 10.0265
13117.3 -12.8610 10.0248
13118.6 -12.8271 10.0230
13120 -12.7938 10.0212
13121.4 -12.7610 10.0194
13122.8 -12.7288 10.0176
13124.2 -12.6970 10.0159
13125.6 -12.6658 10.0141
13127 -12.6350 10.0123
13128.4 -12.6047 10.0105
13129.8 -12.5748 10.0088
13131.2 -12.5454 10.0070
13132.5 -12.5164 10.0052
13133.9 -12.4878 10.0034
13135.3 -12.4595 10.0017
13136.7 -12.4317 9.9999
13138.1 -12.4043 9.9981
13139.5 -12.3772 9.9963
13140.9 -12.3505 9.9946
13142.3 -12.3241 9.9928
13143.7 -12.2980 9.9910
13145.1 -12.2723 9.9892
13146.5 -12.2470 9.9875
13147.9 -12.2219 9.9857
13149.3 -12.1971 9.9839
13150.7 -12.1726 9.9821
13152 -12.1485 9.9804
13153.4 -12.1246 9.9786
13154.8 -12.1010 9.9768
13156.2 -12.0776 9.9750
13157.6 -12.0546 9.9733
13159 -12.0317 9.9715
13160.4 -12.0092 9.9697
13161.8 -11.9869 9.9680
13163.2 -11.9648 9.9662
13164.6 -11.9430 9.9644
13166 -11.9214 9.9626
13167.4 -11.9000 9.9609
13168.8 -11.8789 9.9591
13170.2 -11.8579 9.9573
13171.6 -11.8372 9.9555
13173 -11.8167 9.9538
13174.4 -11.7964 9.9520
13175.8 -11.7763 9.9502
13177.2 -11.7564 9.9484
13178.6 -11.7367 9.9467
13180 -11.7172 9.9449
13181.4 -11.6979 9.9431
13182.8 -11.6788 9.9414
13184.2 -11.6598 9.9396
13185.6 -11.6410 9.9378
13187 -11.6224 9.9360
13188.4 -11.6040 9.9343
13189.8 -11.5857 9.9325
13191.2 -11.5676 9.9307
13192.6 -11.5496 9.9289
13194 -11.5318 9.9272
13195.4 -11.5142 9.9254
13196.8 -11.4967 9.9236
13198.2 -11.4794 9.9219
13199.7 -11.4622 9.9201
13201.1 -11.4452 9.9183
13202.5 -11.4283 9.9165
13203.9 -11.4115 9.9148
13205.3 -11.3949 9.9130
13206.7 -11.3784 9.9112
13208.1 -11.3621 9.9095
13209.5 -11.3459 9.9077
13210.9 -11.3298 9.9059
13212.3 -11.3139 9.9041
13213.7 -11.2980 9.9024
13215.1 -11.2823 9.9006
13216.5 -11.2668 9.8988
13217.9 -11.2513 9.8971
13219.4 -11.2359 9.8953
13220.8 -11.2207 9.8935
13222.2 -11.2056 9.8918
13223.6 -11.1906 9.8900
13225 -11.1757 9.8882
13226.4 -11.1610 9.8864
13227.8 -11.1463 9.8847
13229.2 -11.1317 9.8829
13230.6 -11.1173 9.8811
13232.1 -11.1029 9.8794
13331.6 -10.2864 9.7556
13476.6 -9.5236 9.5794
13624.7 -8.9987 9.4039
13776 -8.6079 9.2279
13930.8 -8.3267 9.0522
14089.1 -8.1262 8.8776
14251.1 -7.9979 8.7043
14416.8 -7.9407 8.5321
14586.4 -7.9703 8.3611
14760 -8.1171 8.1914
14937.9 -8.4747 8.0229
14957.7 -8.5372 8.0045
14959.5 -8.5432 8.0028
14961.3 -8.5493 8.0011
14963.1 -8.5554 7.9994
14964.9 -8.5616 7.9978
14966.7 -8.5678 7.9961
14968.5 -8.5742 7.9944
14970.3 -8.5805 7.9927
14972.1 -8.5870 7.9910
14974 -8.5935 7.9894
14975.8 -8.6001 7.9877
14977.6 -8.6068 7.9860
14979.4 -8.6135 7.9843
14981.2 -8.6203 7.9827
14983 -8.6272 7.9810
14984.8 -8.6341 7.9793
14986.6 -8.6411 7.9776
14988.4 -8.6482 7.9760
14990.2 -8.6554 7.9743
14992.1 -8.6626 7.9726
14993.9 -8.6699 7.9709
14995.7 -8.6773 7.9693
14997.5 -8.6848 7.9676
14999.3 -8.6924 7.9659
15001.1 -8.7001 7.9642
15002.9 -8.7078 7.9626
15004.8 -8.7157 7.9609
15006.6 -8.7236 7.9592
15008.4 -8.7316 7.9575
15010.2 -8.7397 7.9559
15012 -8.7479 7.9542
15013.8 -8.7562 7.9525
15015.7 -8.7646 7.9509
15017.5 -8.7731 7.9492
15019.3 -8.7817 7.9475
15021.1 -8.7904 7.9458
15022.9 -8.7992 7.9442
15024.8 -8.8082 7.9425
15026.6 -8.8172 7.9408
15028.4 -8.8264 7.9391
15030.2 -8.8356 7.9375
15032 -8.8450 7.9358
15033.9 -8.8545 7.9341
15035.7 -8.8641 7.9325
15037.5 -8.8739 7.9308
15039.3 -8.8838 7.9291
15041.2 -8.8938 7.9274
15043 -8.9039 7.9258
15044.8 -8.9142 7.9241
15046.6 -8.9247 7.9224
15048.5 -8.9352 7.9208
15050.3 -8.9460 7.9191
15052.1 -8.9568 7.9174
15054 -8.9679 7.9157
15055.8 -8.9791 7.9141
15057.6 -8.9904 7.9124
15059.4 -9.0019 7.9107
15061.3 -9.0136 7.9091
15063.1 -9.0255 7.9074
15064.9 -9.0375 7.9057
15066.8 -9.0498 7.9041
15068.6 -9.0622 7.9024
15070.4 -9.0748 7.9007
15072.3 -9.0876 7.8990
15074.1 -9.1007 7.8974
15075.9 -9.1139 7.8957
15077.8 -9.1274 7.8940
15079.6 -9.1411 7.8924
15081.4 -9.1550 7.8907
15083.3 -9.1692 7.8890
15085.1 -9.1836 7.8874
15086.9 -9.1982 7.8857
15088.8 -9.2132 7.8840
15090.6 -9.2284 7.8824
15092.4 -9.2439 7.8807
15094.3 -9.2596 7.8790
15096.1 -9.2757 7.8774
15097.9 -9.2921 7.8757
15099.8 -9.3088 7.8740
15101.6 -9.3259 7.8723
15103.5 -9.3433 7.8707
15105.3 -9.3610 7.8690
15107.1 -9.3792 7.8673
15109 -9.3977 7.8657
15110.8 -9.4166 7.8640
15112.7 -9.4360 7.8623
15114.5 -9.4558 7.8607
15116.4 -9.4760 7.8590
15118.2 -9.4967 7.8573
15120 -9.5180 7.8557
15121.9 -9.5397 7.8540
15123.7 -9.5620 7.8524
15125.6 -9.5849 7.8507
15127.4 -9.6084 7.8490
15129.3 -9.6325 7.8474
15131.1 -9.6573 7.8457
15133 -9.6828 7.8440
15134.8 -9.7090 7.8424
15136.7 -9.7360 7.8407
15138.5 -9.7639 7.8390
15140.4 -9.7926 7.8374
15142.2 -9.8223 7.8357
15144.1 -9.8529 7.8340
15145.9 -9.8846 7.8324
15147.8 -9.9175 7.8307
15149.6 -9.9515 7.8290
15151.5 -9.9869 7.8274
15153.3 -10.0237 7.8257
15155.2 -10.0620 7.8241
15157 -10.1019 7.8224
15158.9 -10.1436 7.8207
15160.7 -10.1872 7.8191
15162.6 -10.2330 7.8174
15164.4 -10.2811 7.8157
15166.3 -10.3318 7.8141
15168.1 -10.3853 7.8124
15170 -10.4420 7.8107
15171.8 -10.5024 7.8091
15173.7 -10.5667 7.8074
15175.6 -10.6358 7.8058
15177.4 -10.7102 7.8041
15179.3 -10.7908 7.8024
15181.1 -10.8787 7.8008
15183 -10.9755 7.7991
15184.9 -11.0830 7.7974
15186.7 -11.2038 7.7958
15188.6 -11.3418 7.7941
15190.4 -11.5024 7.7925
15192.3 -11.6947 7.7908
15194.2 -11.9339 7.7891
15196 -12.2504 7.7875
15197.9 -12.7187 7.7858
15199.7 -13.6370 7.7842
15201.6 -14.3034 10.9189
15203.5 -12.9354 10.9166
15205.3 -12.3775 10.9144
15207.2 -12.0208 10.9121
15209.1 -11.7578 10.9098
15210.9 -11.5494 10.9076
15212.8 -11.3765 10.9053
15214.7 -11.2289 10.9030
15216.5 -11.1000 10.9008
15218.4 -10.9856 10.8985
15220.3 -10.8827 10.8962
15222.1 -10.7892 10.8939
15224 -10.7035 10.8917
15225.9 -10.6245 10.8894
15227.8 -10.5510 10.8871
15229.6 -10.4825 10.8849
15231.5 -10.4182 10.8826
15233.4 -10.3577 10.8803
15235.2 -10.3006 10.8781
15237.1 -10.2464 10.8758
15239 -10.1949 10.8735
15240.9 -10.1459 10.8713
15242.7 -10.0990 10.8690
15244.6 -10.0542 10.8668
15246.5 -10.0112 10.8645
15248.4 -9.9700 10.8622
15250.2 -9.9303 10.8600
15252.1 -9.8920 10.8577
15254 -9.8551 10.8554
15255.9 -9.8195 10.8532
15257.7 -9.7850 10.8509
15259.6 -9.7516 10.8486
15261.5 -9.7193 10.8464
15263.4 -9.6879 10.8441
15265.2 -9.6574 10.8418
15267.1 -9.6278 10.8396
15269 -9.5991 10.8373
15270.9 -9.5710 10.8351
15272.8 -9.5437 10.8328
15274.7 -9.5171 10.8305
15276.5 -9.4912 10.8283
15278.4 -9.4659 10.8260
15280.3 -9.4411 10.8237
15282.2 -9.4170 10.8215
15284.1 -9.3934 10.8192
15286 -9.3703 10.8170
15287.8 -9.3477 10.8147
15289.7 -9.3256 10.8124
15291.6 -9.3039 10.8102
15293.5 -9.2827 10.8079
15295.4 -9.2619 10.8057
15297.3 -9.2415 10.8034
15299.2 -9.2215 10.8011
15301 -9.2018 10.7989
15302.9 -9.1826 10.7966
15304.8 -9.1637 10.7944
15306.7 -9.1451 10.7921
15308.6 -9.1268 10.7898
15310.5 -9.1089 10.7876
15312.4 -9.0912 10.7853
15314.3 -9.0739 10.7831
15316.2 -9.0568 10.7808
15318.1 -9.0400 10.7785
15319.9 -9.0235 10.7763
15321.8 -9.0073 10.7740
15323.7 -8.9913 10.7718
15325.6 -8.9755 10.7695
15327.5 -8.9600 10.7672
15329.4 -8.9447 10.7650
15331.3 -8.9296 10.7627
15333.2 -8.9148 10.7605
15335.1 -8.9002 10.7582
15337 -8.8857 10.7560
15338.9 -8.8715 10.7537
15340.8 -8.8575 10.7514
15342.7 -8.8437 10.7492
15344.6 -8.8300 10.7469
15346.5 -8.8165 10.7447
15348.4 -8.8033 10.7424
15350.3 -8.7901 10.7402
15352.2 -8.7772 10.7379
15354.1 -8.7644 10.7357
15356 -8.7518 10.7334
15357.9 -8.7393 10.7311
15359.8 -8.7270 10.7289
15361.7 -8.7149 10.7266
15363.6 -8.7029 10.7244
15365.5 -8.6910 10.7221
15367.4 -8.6793 10.7199
15369.3 -8.6677 10.7176
15371.2 -8.6563 10.7154
15373.1 -8.6450 10.7131
15375 -8.6338 10.7109
15376.9 -8.6228 10.7086
15378.9 -8.6119 10.7064
15380.8 -8.6011 10.7041
15382.7 -8.5904 10.7018
15384.6 -8.5798 10.6996
15386.5 -8.5694 10.6973
15388.4 -8.5591 10.6951
15390.3 -8.5489 10.6928
15392.2 -8.5388 10.6906
15394.1 -8.5288 10.6883
15396 -8.5189 10.6861
15398 -8.5091 10.6838
15399.9 -8.4995 10.6816
15401.8 -8.4899 10.6793
15403.7 -8.4738 10.6771
15405.6 -8.4645 10.6748
15407.5 -8.4552 10.6726
15409.4 -8.4460 10.6703
15411.4 -8.4370 10.6681
15413.3 -8.4280 10.6658
15415.2 -8.4191 10.6636
15417.1 -8.4103 10.6613
15419 -8.4016 10.6591
15420.9 -8.3929 10.6568
15422.9 -8.3844 10.6546
15424.8 -8.3759 10.6523
15426.7 -8.3676 10.6501
15428.6 -8.3593 10.6478
15430.5 -8.3511 10.6455
15432.5 -8.3429 10.6433
15434.4 -8.3349 10.6410
15436.3 -8.3269 10.6388
15438.2 -8.3190 10.6365
15440.1 -8.3112 10.6343
15442.1 -8.3035 10.6320
15444 -8.2958 10.6298
15445.9 -8.2883 10.6275
15447.8 -8.2807 10.6253
15449.8 -8.2733 10.6230
15451.7 -8.2659 10.6208
15453.6 -8.2587 10.6186
15455.5 -8.2514 10.6163
15457.5 -8.2443 10.6141
15459.4 -8.2372 10.6118
15461.3 -8.2302 10.6096
15463.3 -8.2232 10.6073
15465.2 -8.2163 10.6051
15467.1 -8.2095 10.6028
15469 -8.2028 10.6006
15471 -8.1961 10.5983
15472.9 -8.1895 10.5961
15474.8 -8.1829 10.5938
15476.8 -8.1764 10.5916
15478.7 -8.1700 10.5893
15498 -8.1091 10.5669
15577.9 -7.9176 10.4750
15579.8 -7.9140 10.4728
15581.8 -7.9105 10.4705
15583.8 -7.9070 10.4683
15585.7 -7.9036 10.4660
15587.7 -7.9003 10.4638
15589.6 -7.8970 10.4616
15591.6 -7.8937 10.4593
15593.6 -7.8905 10.4571
15595.5 -7.8874 10.4549
15597.5 -7.8843 10.4526
15599.4 -7.8813 10.4504
15601.4 -7.8783 10.4482
15603.4 -7.8754 10.4459
15605.3 -7.8725 10.4437
15607.3 -7.8697 10.4415
15609.3 -7.8669 10.4392
15611.2 -7.8642 10.4370
15613.2 -7.8616 10.4348
15615.2 -7.8590 10.4325
15617.1 -7.8565 10.4303
15619.1 -7.8540 10.4281
15621.1 -7.8516 10.4258
15623 -7.8492 10.4236
15625 -7.8469 10.4214
15627 -7.8447 10.4191
15628.9 -7.8425 10.4169
15630.9 -7.8403 10.4147
15632.9 -7.8383 10.4124
15634.8 -7.8363 10.4102
15636.8 -7.8343 10.4080
15638.8 -7.8324 10.4057
15640.8 -7.8306 10.4035
15642.7 -7.8288 10.4013
15644.7 -7.8271 10.3990
15646.7 -7.8255 10.3968
15648.7 -7.8239 10.3946
15650.6 -7.8224 10.3923
15652.6 -7.8209 10.3901
15654.6 -7.8196 10.3879
15656.6 -7.8182 10.3856
15658.5 -7.8170 10.3834
15660.5 -7.8158 10.3812
15662.5 -7.8147 10.3790
15664.5 -7.8137 10.3767
15666.5 -7.8127 10.3745
15668.4 -7.8118 10.3723
15670.4 -7.8110 10.3700
15672.4 -7.8102 10.3678
15674.4 -7.8096 10.3656
15676.4 -7.8090 10.3633
15678.3 -7.8084 10.3611
15680.3 -7.8080 10.3589
15682.3 -7.8076 10.3567
15684.3 -7.8073 10.3544
15686.3 -7.8071 10.3522
15688.3 -7.8070 10.3500
15690.2 -7.8070 10.3478
15692.2 -7.8070 10.3455
15694.2 -7.8072 10.3433
15696.2 -7.8074 10.3411
15698.2 -7.8077 10.3388
15700.2 -7.8081 10.3366
15702.2 -7.8086 10.3344
15704.2 -7.8092 10.3322
15706.1 -7.8099 10.3299
15708.1 -7.8107 10.3277
15710.1 -7.8116 10.3255
15712.1 -7.8126 10.3233
15714.1 -7.8137 10.3210
15716.1 -7.8150 10.3188
15718.1 -7.8163 10.3166
15720.1 -7.8177 10.3144
15722.1 -7.8193 10.3121
15724.1 -7.8210 10.3099
15726.1 -7.8228 10.3077
15728.1 -7.8247 10.3055
15730.1 -7.8268 10.3032
15732.1 -7.8290 10.3010
15734.1 -7.8313 10.2988
15736.1 -7.8338 10.2966
15738 -7.8364 10.2943
15740 -7.8391 10.2921
15742 -7.8421 10.2899
15744 -7.8451 10.2877
15746 -7.8484 10.2855
15748 -7.8518 10.2832
15750 -7.8553 10.2810
15752 -7.8591 10.2788
15754 -7.8630 10.2766
15756 -7.8671 10.2743
15758.1 -7.8714 10.2721
15760.1 -7.8760 10.2699
15762.1 -7.8807 10.2677
15764.1 -7.8856 10.2655
15766.1 -7.8908 10.2632
15768.1 -7.8962 10.2610
15770.1 -7.9019 10.2588
15772.1 -7.9078 10.2566
15774.1 -7.9140 10.2544
15776.1 -7.9205 10.2521
15778.1 -7.9272 10.2499
15780.1 -7.9343 10.2477
15782.1 -7.9417 10.2455
15784.1 -7.9494 10.2433
15786.1 -7.9575 10.2410
15788.2 -7.9659 10.2388
15790.2 -7.9747 10.2366
15792.2 -7.9840 10.2344
15794.2 -7.9937 10.2322
15796.2 -8.0038 10.2300
15798.2 -8.0145 10.2277
15800.2 -8.0256 10.2255
15802.2 -8.0373 10.2233
15804.3 -8.0496 10.2211
15806.3 -8.0626 10.2189
15808.3 -8.0762 10.2167
15810.3 -8.0906 10.2144
15812.3 -8.1057 10.2122
15814.3 -8.1217 10.2100
15816.3 -8.1386 10.2078
15818.4 -8.1566 10.2056
15820.4 -8.1756 10.2034
15822.4 -8.1959 10.2011
15824.4 -8.2175 10.1989
15826.4 -8.2406 10.1967
15828.5 -8.2653 10.1945
15830.5 -8.2920 10.1923
15832.5 -8.3207 10.1901
15834.5 -8.3519 10.1878
15836.5 -8.3859 10.1856
15838.6 -8.4231 10.1834
15840.6 -8.4643 10.1812
15842.6 -8.5100 10.1790
15844.6 -8.5614 10.1768
15846.7 -8.6200 10.1746
15848.7 -8.6876 10.1723
15850.7 -8.7675 10.1701
15852.7 -8.8646 10.1679
15854.8 -8.9876 10.1657
15856.8 -9.1543 10.1635
15858.8 -9.4115 10.1613
15860.9 -9.9817 10.1591
15862.9 -9.9233 11.7476
15864.9 -9.3804 11.7453
15866.9 -9.1206 11.7430
15869 -8.9470 11.7406
15871 -8.8158 11.7383
15873 -8.7100 11.7360
15875.1 -8.6210 11.7337
15877.1 -8.5440 11.7314
15879.1 -8.4761 11.7291
15881.2 -8.4152 11.7268
15883.2 -8.3599 11.7244
15885.2 -8.3092 11.7221
15887.3 -8.2623 11.7198
15889.3 -8.2187 11.7175
15891.4 -8.1779 11.7152
15893.4 -8.1395 11.7129
15895.4 -8.1032 11.7106
15897.5 -8.0688 11.7083
15899.5 -8.0361 11.7059
15901.5 -8.0048 11.7036
15903.6 -7.9749 11.7013
15905.6 -7.9462 11.6990
15907.7 -7.9186 11.6967
15909.7 -7.8920 11.6944
15911.7 -7.8663 11.6921
15913.8 -7.8415 11.6898
15915.8 -7.8175 11.6874
15917.9 -7.7942 11.6851
15919.9 -7.7715 11.6828
15922 -7.7496 11.6805
15924 -7.7282 11.6782
15926.1 -7.7073 11.6759
15928.1 -7.6870 11.6736
15930.1 -7.6672 11.6713
15932.2 -7.6478 11.6690
15934.2 -7.6288 11.6666
15936.3 -7.6103 11.6643
15938.3 -7.5922 11.6620
15940.4 -7.5744 11.6597
15942.4 -7.5570 11.6574
15944.5 -7.5399 11.6551
15946.5 -7.5231 11.6528
15948.6 -7.5067 11.6505
15950.6 -7.4958 11.6482
15952.7 -7.4799 11.6459
15954.7 -7.4643 11.6436
15956.8 -7.4489 11.6413
15958.9 -7.4337 11.6390
15960.9 -7.4188 11.6367
15963 -7.4041 11.6344
15965 -7.3897 11.6321
15967.1 -7.3754 11.6298
15969.1 -7.3613 11.6276
15971.2 -7.3475 11.6253
15973.2 -7.3338 11.6230
15975.3 -7.3203 11.6207
15977.4 -7.3069 11.6184
15979.4 -7.2938 11.6161
15981.5 -7.2807 11.6138
15983.5 -7.2679 11.6115
15985.6 -7.2552 11.6092
15987.7 -7.2426 11.6069
15989.7 -7.2302 11.6047
15991.8 -7.2180 11.6024
15993.9 -7.2058 11.6001
15995.9 -7.1938 11.5978
15998 -7.1819 11.5955
16000 -7.1701 11.5932
16002.1 -7.1585 11.5909
16004.2 -7.1470 11.5886
16006.2 -7.1356 11.5863
16008.3 -7.1242 11.5840
16010.4 -7.1130 11.5818
16012.4 -7.1019 11.5795
16014.5 -7.0910 11.5772
16016.6 -7.0801 11.5749
16018.6 -7.0693 11.5726
16020.7 -7.0585 11.5703
16022.8 -7.0479 11.5680
16024.9 -7.0374 11.5657
16026.9 -7.0270 11.5635
16029 -7.0166 11.5612
16031.1 -7.0063 11.5589
16033.1 -6.9962 11.5566
16035.2 -6.9861 11.5543
16037.3 -6.9760 11.5520
16039.4 -6.9661 11.5497
16041.4 -6.9562 11.5474
16043.5 -6.9464 11.5451
16045.6 -6.9367 11.5429
16047.7 -6.9270 11.5406
16049.8 -6.9174 11.5383
16051.8 -6.9079 11.5360
16053.9 -6.8984 11.5337
16056 -6.8890 11.5314
16058.1 -6.8797 11.5291
16060.1 -6.8704 11.5269
16062.2 -6.8612 11.5246
16064.3 -6.8521 11.5223
16066.4 -6.8430 11.5200
16068.5 -6.8339 11.5177
16070.6 -6.8250 11.5154
16072.6 -6.8161 11.5131
16074.7 -6.8072 11.5108
16076.8 -6.7984 11.5086
16078.9 -6.7896 11.5063
16081 -6.7809 11.5040
16083.1 -6.7723 11.5017
16085.2 -6.7637 11.4994
16087.2 -6.7551 11.4971
16089.3 -6.7466 11.4948
16091.4 -6.7381 11.4926
16093.5 -6.7297 11.4903
16095.6 -6.7214 11.4880
16097.7 -6.7131 11.4857
16099.8 -6.7048 11.4834
16101.9 -6.6966 11.4811
16104 -6.6884 11.4789
16106 -6.6802 11.4766
16108.1 -6.6721 11.4743
16110.2 -6.6641 11.4720
16112.3 -6.6561 11.4697
16114.4 -6.6481 11.4674
16116.5 -6.6402 11.4652
16118.6 -6.6323 11.4629
16120.7 -6.6244 11.4606
16122.8 -6.6166 11.4583
16124.9 -6.6088 11.4560
16127 -6.6011 11.4537
16129.1 -6.5934 11.4514
16131.2 -6.5857 11.4492
16133.3 -6.5780 11.4469
16135.4 -6.5704 11.4446
16137.5 -6.5629 11.4423
16139.6 -6.5553 11.4400
16141.7 -6.5479 11.4378
16143.8 -6.5404 11.4355
16313.7 -6.0251 11.2532
16531.2 -5.5209 11.0262
16754.6 -5.0949 10.7988
16984.2 -4.7410 10.5712
17220 -4.4268 10.3454
17462.6 -4.1463 10.1210
17712 -3.8933 9.8980
17968.7 -3.6634 9.6765
18233 -3.4534 9.4565
18505.1 -3.2607 9.2380
18785.5 -3.0834 9.0210
19074.5 -2.9200 8.8056
19372.6 -2.7692 8.5917
19680.1 -2.6299 8.3794
19997.5 -2.5002 8.1686
20325.3 -2.3814 7.9594
20664.1 -2.2720 7.7519
21014.3 -2.1708 7.5462
21376.6 -2.0775 7.3421
21751.6 -1.9919 7.1399
22140.1 -1.9134 6.9394
22542.6 -1.8416 6.7406
22960.1 -1.7763 6.5438
23393.3 -1.7172 6.3487
23843.1 -1.6640 6.1556
24310.7 -1.6164 5.9643
24796.9 -1.5741 5.7750
25302.9 -1.5371 5.5876
25830.1 -1.5051 5.4023
26379.6 -1.4779 5.2190
26953.1 -1.4549 5.0371
27552.1 -1.4366 4.8567
28178.3 -1.4232 4.6787
28833.6 -1.4144 4.5031
29520.1 -1.4097 4.3299
30240.1 -1.4092 4.1592
30996.1 -1.4072 3.9905
31790.9 -1.4106 3.8241
32627.5 -1.4223 3.6599
33509.3 -1.4377 3.4985
34440.1 -1.4567 3.3398
35424.1 -1.4792 3.1840
36466 -1.5052 3.0310
37571 -1.5346 2.8810
38745.1 -1.5674 2.7339
39994.9 -1.6035 2.5898
41328.1 -1.6430 2.4487
42753.2 -1.6860 2.3107
44280.1 -1.7325 2.1758
45920.1 -1.7826 2.0441
47686.3 -1.8367 1.9156
49593.7 -1.8951 1.7903
51660.1 -1.9583 1.6685
53906.2 -2.0270 1.5500
56356.5 -2.1023 1.4349
59040.2 -2.1846 1.3232
61992.2 -2.2796 1.2152
65254.9 -2.3898 1.1109
68880.2 -2.5217 1.0104
72932 -2.6949 0.9137
77490.2 -2.9457 0.8211
82656.2 -3.4093 0.7328
88560.2 -10.4411 3.1024
95372.6 -6.0304 2.7643
103320 -0.6976 2.4355
112713 -3.6824 2.1179
123984 -36.4976 1.8150
