4290.12 -4.4932 9.3594
4305.01 -4.4985 9.3101
4320.01 -4.5041 9.2610
4335.12 -4.5098 9.2118
4350.33 -4.5158 9.1628
4365.65 -4.5220 9.1139
4381.07 -4.5283 9.0650
4396.61 -4.5349 9.0162
4412.25 -4.5417 8.9674
4428.01 -4.5487 8.9187
4443.88 -4.5559 8.8701
4459.87 -4.5634 8.8216
4475.97 -4.5710 8.7732
4492.19 -4.5789 8.7248
4508.52 -4.5870 8.6765
4524.98 -4.5953 8.6283
4541.55 -4.6038 8.5801
4558.25 -4.6126 8.5320
4575.07 -4.6216 8.4840
4592.01 -4.6308 8.4361
4609.08 -4.6403 8.3883
4626.28 -4.6500 8.3405
4643.61 -4.6599 8.2928
4661.07 -4.6701 8.2452
4678.65 -4.6805 8.1976
4696.38 -4.6912 8.1501
4714.23 -4.7022 8.1028
4732.23 -4.7133 8.0555
4750.36 -4.7248 8.0082
4768.63 -4.7365 7.9611
4787.04 -4.7484 7.9140
4805.59 -4.7607 7.8670
4824.29 -4.7732 7.8201
4843.14 -4.7860 7.7732
4862.13 -4.7990 7.7265
4881.27 -4.8124 7.6798
4900.57 -4.8260 7.6332
4920.01 -4.8399 7.5867
4939.62 -4.8541 7.5403
4959.37 -4.8687 7.4939
4979.29 -4.8835 7.4476
4999.37 -4.8986 7.4015
5019.61 -4.9141 7.3554
5040.01 -4.9298 7.3093
5060.59 -4.9459 7.2634
5081.33 -4.9624 7.2175
5102.24 -4.9791 7.1718
5123.32 -4.9963 7.1261
5144.58 -5.0137 7.0805
5166.01 -5.0316 7.0350
5187.63 -5.0498 6.9895
5209.43 -5.0683 6.9442
5231.41 -5.0873 6.8989
5253.57 -5.1066 6.8538
5275.93 -5.1264 6.8087
5298.48 -5.1465 6.7637
5321.22 -5.1671 6.7188
5344.15 -5.1881 6.6739
5367.29 -5.2095 6.6292
5390.62 -5.2314 6.5846
5414.16 -5.2538 6.5400
5437.91 -5.2766 6.4955
5461.87 -5.2999 6.4511
5486.03 -5.3237 6.4068
5510.42 -5.3473 6.3626
5535.02 -5.3721 6.3185
5559.84 -5.3975 6.2745
5584.88 -5.4234 6.2306
5610.15 -5.4499 6.1867
5635.65 -5.4738 6.1429
5661.39 -5.5016 6.0992
5687.36 -5.5299 6.0556
5713.56 -5.5590 6.0121
5740.02 -5.5886 5.9687
5766.71 -5.6190 5.9254
5793.66 -5.6456 5.8821
5820.86 -5.6775 5.8389
5848.32 -5.7102 5.7958
5876.04 -5.7437 5.7529
5904.02 -5.7779 5.7100
5932.27 -5.8131 5.6672
5960.79 -5.8491 5.6245
5989.58 -5.8860 5.5819
6018.66 -5.9239 5.5394
6048.02 -5.9628 5.4970
6077.66 -6.0027 5.4547
6107.6 -6.0437 5.4126
6137.84 -6.0859 5.3705
6168.38 -6.1292 5.3285
6199.22 -6.1738 5.2866
6230.37 -6.2198 5.2449
6261.84 -6.2664 5.2032
6293.62 -6.3152 5.1616
6325.73 -6.3654 5.1202
6358.17 -6.4172 5.0788
6390.95 -6.4708 5.0376
6424.06 -6.5261 4.9964
6457.52 -6.5833 4.9554
6491.33 -6.6426 4.9145
6525.49 -6.7039 4.8736
6560.02 -6.7676 4.8329
6594.91 -6.8337 4.7923
6630.18 -6.9024 4.7518
6665.82 -6.9739 4.7114
6701.86 -7.0484 4.6712
6738.28 -7.1262 4.6310
6775.1 -7.2074 4.5909
6812.33 -7.2925 4.5510
6849.96 -7.3817 4.5112
6888.02 -7.4755 4.4714
6926.5 -7.5742 4.4318
6965.41 -7.6784 4.3923
7004.77 -7.7886 4.3529
7044.57 -7.9057 4.3137
7084.82 -8.0303 4.2745
7125.54 -8.1634 4.2355
7166.73 -8.3063 4.1965
7208.39 -8.4604 4.1577
7250.55 -8.6274 4.1190
7293.2 -8.8067 4.0804
7336.35 -9.0072 4.0419
7380.02 -9.2297 4.0035
7424.21 -9.4795 3.9652
7468.94 -9.7640 3.9271
7514.2 -10.0942 3.8890
7560.02 -10.4872 3.8511
7606.4 -10.9725 3.8133
7653.35 -11.6067 3.7757
7700.89 -12.5222 3.7381
7725.36 -13.2088 3.7190
7725.84 -13.2248 3.7187
7726.33 -13.2409 3.7183
7726.81 -13.2571 3.7179
7727.29 -13.2735 3.7175
7727.77 -13.2900 3.7172
7728.25 -13.3066 3.7168
7728.73 -13.3233 3.7164
7729.22 -13.3402 3.7161
7729.7 -13.3572 3.7157
7730.18 -13.3743 3.7153
7730.66 -13.3916 3.7149
7731.14 -13.4091 3.7146
7731.63 -13.4266 3.7142
7732.11 -13.4444 3.7138
7732.59 -13.4622 3.7134
7733.07 -13.4803 3.7131
7733.55 -13.4984 3.7127
7734.04 -13.5168 3.7123
7734.52 -13.5353 3.7119
7735 -13.5539 3.7116
7735.48 -13.5728 3.7112
7735.97 -13.5918 3.7108
7736.45 -13.6109 3.7104
7736.93 -13.6303 3.7101
7737.42 -13.6498 3.7097
7737.9 -13.6695 3.7093
7738.38 -13.6894 3.7089
7738.86 -13.7095 3.7086
7739.35 -13.7298 3.7082
7739.83 -13.7502 3.7078
7740.31 -13.7709 3.7075
7740.8 -13.7918 3.7071
7741.28 -13.8128 3.7067
7741.76 -13.8341 3.7063
7742.25 -13.8556 3.7060
7742.73 -13.8774 3.7056
7743.21 -13.8993 3.7052
7743.7 -13.9215 3.7048
7744.18 -13.9439 3.7045
7744.67 -13.9666 3.7041
7745.15 -13.9895 3.7037
7745.63 -14.0126 3.7033
7746.12 -14.0360 3.7030
7746.6 -14.0597 3.7026
7747.08 -14.0836 3.7022
7747.57 -14.1078 3.7018
7748.05 -14.1323 3.7015
7748.54 -14.1571 3.7011
7749.02 -14.1822 3.7007
7749.51 -14.2075 3.7004
7749.99 -14.2332 3.7000
7750.47 -14.2592 3.6996
7750.96 -14.2855 3.6992
7751.44 -14.3121 3.6989
7751.93 -14.3391 3.6985
7752.41 -14.3664 3.6981
7752.9 -14.3941 3.6977
7753.38 -14.4221 3.6974
7753.87 -14.4505 3.6970
7754.35 -14.4793 3.6966
7754.84 -14.5085 3.6962
7755.32 -14.5381 3.6959
7755.81 -14.5681 3.6955
7756.29 -14.5985 3.6951
7756.78 -14.6294 3.6948
7757.26 -14.6607 3.6944
7757.75 -14.6925 3.6940
7758.23 -14.7248 3.6936
7758.72 -14.7576 3.6933
7759.21 -14.7909 3.6929
7759.69 -14.8247 3.6925
7760.18 -14.8591 3.6921
7760.66 -14.8940 3.6918
7761.15 -14.9295 3.6914
7761.63 -14.9656 3.6910
7762.12 -15.0023 3.6907
7762.61 -15.0397 3.6903
7763.09 -15.0777 3.6899
7763.58 -15.1164 3.6895
7764.06 -15.1558 3.6892
7764.55 -15.1960 3.6888
7765.04 -15.2369 3.6884
7765.52 -15.2786 3.6880
7766.01 -15.3212 3.6877
7766.5 -15.3646 3.6873
7766.98 -15.4089 3.6869
7767.47 -15.4542 3.6865
7767.96 -15.5004 3.6862
7768.44 -15.5476 3.6858
7768.93 -15.5959 3.6854
7769.42 -15.6453 3.6851
7769.9 -15.6959 3.6847
7770.39 -15.7477 3.6843
7770.88 -15.8008 3.6839
7771.36 -15.8552 3.6836
7771.85 -15.9110 3.6832
7772.34 -15.9683 3.6828
7772.83 -16.0272 3.6824
7773.31 -16.0877 3.6821
7773.8 -16.1500 3.6817
7774.29 -16.2141 3.6813
7774.78 -16.2802 3.6810
7775.26 -16.3484 3.6806
7775.75 -16.4188 3.6802
7776.24 -16.4916 3.6798
7776.73 -16.5669 3.6795
7777.21 -16.6450 3.6791
7777.7 -16.7259 3.6787
7778.19 -16.8100 3.6783
7778.68 -16.8976 3.6780
7779.17 -16.9888 3.6776
7779.65 -17.0840 3.6772
7780.14 -17.1836 3.6769
7780.63 -17.2879 3.6765
7781.12 -17.3976 3.6761
7781.61 -17.5131 3.6757
7782.1 -17.6351 3.6754
7782.58 -17.7644 3.6750
7783.07 -17.9018 3.6746
7783.56 -18.0485 3.6742
7784.05 -18.2058 3.6739
7784.54 -18.3754 3.6735
7785.03 -18.5594 3.6731
7785.52 -18.7603 3.6728
7786.01 -18.9816 3.6724
7786.49 -19.2279 3.6720
7786.98 -19.5057 3.6716
7787.47 -19.8239 3.6713
7787.96 -20.1966 3.6709
7788.45 -20.6461 3.6705
7788.94 -21.2125 3.6701
7789.43 -21.9785 3.6698
7789.92 -23.1666 3.6694
7790.41 -25.9506 3.6690
7790.9 -25.0239 10.5912
7791.39 -22.8801 10.5896
7791.88 -21.8129 10.5881
7792.37 -21.0960 10.5865
7792.86 -20.5553 10.5850
7793.35 -20.1210 10.5834
7793.84 -19.7580 10.5819
7794.33 -19.4460 10.5803
7794.82 -19.1725 10.5787
7795.31 -18.9290 10.5772
7795.8 -18.7095 10.5756
7796.29 -18.5098 10.5741
7796.78 -18.3264 10.5725
7797.27 -18.1571 10.5710
7797.76 -17.9996 10.5694
7798.25 -17.8526 10.5679
7798.74 -17.7146 10.5663
7799.23 -17.5847 10.5648
7799.72 -17.4619 10.5632
7800.21 -17.3455 10.5617
7800.7 -17.2349 10.5601
7801.19 -17.1295 10.5586
7801.68 -17.0288 10.5570
7802.17 -16.9324 10.5555
7802.66 -16.8401 10.5539
7803.16 -16.7514 10.5524
7803.65 -16.6660 10.5509
7804.14 -16.5838 10.5493
7804.63 -16.5045 10.5478
7805.12 -16.4279 10.5462
7805.61 -16.3539 10.5447
7806.1 -16.2822 10.5431
7806.6 -16.2127 10.5416
7807.09 -16.1453 10.5400
7807.58 -16.0799 10.5385
7808.07 -16.0163 10.5370
7808.56 -15.9545 10.5354
7809.05 -15.8944 10.5339
7809.55 -15.8358 10.5323
7810.04 -15.7787 10.5308
7810.53 -15.7230 10.5293
7811.02 -15.6686 10.5277
7811.51 -15.6156 10.5262
7812.01 -15.5638 10.5246
7812.5 -15.5131 10.5231
7812.99 -15.4635 10.5216
7813.48 -15.4151 10.5200
7813.98 -15.3676 10.5185
7814.47 -15.3211 10.5170
7814.96 -15.2756 10.5154
7815.45 -15.2310 10.5139
7815.95 -15.1872 10.5123
7816.44 -15.1443 10.5108
7816.93 -15.1022 10.5093
7817.42 -15.0609 10.5077
7817.92 -15.0209 10.5062
7818.41 -14.9804 10.5047
7818.9 -14.9413 10.5031
7819.4 -14.9028 10.5016
7819.89 -14.8649 10.5001
7820.38 -14.8277 10.4986
7820.88 -14.7911 10.4970
7821.37 -14.7550 10.4955
7821.86 -14.7196 10.4940
7822.36 -14.6847 10.4924
7822.85 -14.6503 10.4909
7823.34 -14.6164 10.4894
7823.84 -14.5831 10.4878
7824.33 -14.5502 10.4863
7824.82 -14.5178 10.4848
7825.32 -14.4859 10.4833
7825.81 -14.4544 10.4817
7826.31 -14.4233 10.4802
7826.8 -14.3927 10.4787
7827.29 -14.3625 10.4772
7827.79 -14.3327 10.4756
7828.28 -14.3033 10.4741
7828.78 -14.2742 10.4726
7829.27 -14.2456 10.4711
7829.77 -14.2173 10.4695
7830.26 -14.1893 10.4680
7830.76 -14.1617 10.4665
7831.25 -14.1344 10.4650
7831.74 -14.1075 10.4634
7832.24 -14.0809 10.4619
7832.73 -14.0546 10.4604
7833.23 -14.0286 10.4589
7833.72 -14.0029 10.4574
7834.22 -13.9775 10.4558
7834.71 -13.9523 10.4543
7835.21 -13.9275 10.4528
7835.7 -13.9029 10.4513
7836.2 -13.8786 10.4498
7836.69 -13.8546 10.4483
7837.19 -13.8308 10.4467
7837.69 -13.8073 10.4452
7838.18 -13.7840 10.4437
7838.68 -13.7609 10.4422
7839.17 -13.7381 10.4407
7839.67 -13.7156 10.4392
7840.16 -13.6932 10.4376
7840.66 -13.6711 10.4361
7841.16 -13.6492 10.4346
7841.65 -13.6275 10.4331
7842.15 -13.6060 10.4316
7842.64 -13.5847 10.4301
7843.14 -13.5636 10.4286
7843.64 -13.5428 10.4271
7844.13 -13.5221 10.4256
7844.63 -13.5016 10.4240
7845.12 -13.4813 10.4225
7845.62 -13.4611 10.4210
7846.12 -13.4412 10.4195
7846.61 -13.4214 10.4180
7847.11 -13.4019 10.4165
7847.61 -13.3824 10.4150
7848.1 -13.3632 10.4135
7848.6 -13.3441 10.4120
7849.1 -13.3252 10.4105
7849.59 -13.3064 10.4090
7850.09 -13.2878 10.4075
7850.59 -13.2694 10.4059
7851.09 -13.2511 10.4044
7851.58 -13.2330 10.4029
7852.08 -13.2150 10.4014
7852.58 -13.1971 10.3999
7853.07 -13.1794 10.3984
7853.57 -13.1619 10.3969
7854.07 -13.1445 10.3954
7854.57 -13.1272 10.3939
7855.06 -13.1100 10.3924
7855.56 -13.0930 10.3909
7856.06 -13.0761 10.3894
7856.56 -13.0594 10.3879
7857.06 -13.0428 10.3864
7857.55 -13.0263 10.3849
7858.05 -13.0099 10.3834
7858.55 -12.9936 10.3819
7859.05 -12.9775 10.3804
7859.55 -12.9615 10.3789
7860.04 -12.9456 10.3774
7860.54 -12.9298 10.3759
7861.04 -12.9141 10.3744
7861.54 -12.8985 10.3729
7862.04 -12.8831 10.3714
7897.09 -12.0100 10.2678
7947.71 -11.1853 10.1232
7998.99 -10.6165 9.9827
8050.93 -10.2017 9.8461
8103.55 -9.8923 9.7134
8156.86 -9.6643 9.5846
8210.88 -9.6147 9.4716
8265.62 -9.5112 9.3653
8321.1 -9.4732 9.2594
8377.32 -9.5143 9.1540
8434.31 -9.6679 9.0489
8492.08 -10.0267 8.9442
8498.48 -10.0885 8.9327
8499.06 -10.0945 8.9317
8499.65 -10.1005 8.9306
8500.23 -10.1066 8.9296
8500.81 -10.1127 8.9285
8501.39 -10.1189 8.9275
8501.98 -10.1251 8.9265
8502.56 -10.1314 8.9254
8503.14 -10.1378 8.9244
8503.73 -10.1442 8.9233
8504.31 -10.1507 8.9223
8504.89 -10.1573 8.9212
8505.48 -10.1639 8.9202
8506.06 -10.1706 8.9192
8506.64 -10.1774 8.9181
8507.23 -10.1842 8.9171
8507.81 -10.1911 8.9160
8508.4 -10.1981 8.9150
8508.98 -10.2051 8.9139
8509.56 -10.2123 8.9129
8510.15 -10.2195 8.9118
8510.73 -10.2268 8.9108
8511.32 -10.2341 8.9098
8511.9 -10.2415 8.9087
8512.49 -10.2491 8.9077
8513.07 -10.2567 8.9066
8513.65 -10.2643 8.9056
8514.24 -10.2721 8.9045
8514.82 -10.2800 8.9035
8515.41 -10.2879 8.9025
8515.99 -10.2959 8.9014
8516.58 -10.3041 8.9004
8517.16 -10.3123 8.8993
8517.75 -10.3206 8.8983
8518.33 -10.3290 8.8972
8518.92 -10.3375 8.8962
8519.5 -10.3461 8.8952
8520.09 -10.3548 8.8941
8520.68 -10.3636 8.8931
8521.26 -10.3725 8.8920
8521.85 -10.3815 8.8910
8522.43 -10.3906 8.8899
8523.02 -10.3999 8.8889
8523.6 -10.4092 8.8879
8524.19 -10.4187 8.8868
8524.78 -10.4283 8.8858
8525.36 -10.4380 8.8847
8525.95 -10.4478 8.8837
8526.53 -10.4578 8.8826
8527.12 -10.4679 8.8816
8527.71 -10.4781 8.8806
8528.29 -10.4885 8.8795
8528.88 -10.4990 8.8785
8529.47 -10.5096 8.8774
8530.05 -10.5204 8.8764
8530.64 -10.5313 8.8754
8531.23 -10.5424 8.8743
8531.82 -10.5536 8.8733
8532.4 -10.5650 8.8722
8532.99 -10.5766 8.8712
8533.58 -10.5883 8.8701
8534.16 -10.6002 8.8691
8534.75 -10.6122 8.8681
8535.34 -10.6245 8.8670
8535.93 -10.6369 8.8660
8536.52 -10.6495 8.8649
8537.1 -10.6623 8.8639
8537.69 -10.6753 8.8629
8538.28 -10.6885 8.8618
8538.87 -10.7020 8.8608
8539.45 -10.7156 8.8597
8540.04 -10.7294 8.8587
8540.63 -10.7435 8.8576
8541.22 -10.7578 8.8566
8541.81 -10.7724 8.8556
8542.4 -10.7872 8.8545
8542.99 -10.8023 8.8535
8543.57 -10.8176 8.8524
8544.16 -10.8332 8.8514
8544.75 -10.8491 8.8504
8545.34 -10.8653 8.8493
8545.93 -10.8817 8.8483
8546.52 -10.8985 8.8472
8547.11 -10.9156 8.8462
8547.7 -10.9331 8.8452
8548.29 -10.9508 8.8441
8548.88 -10.9690 8.8431
8549.47 -10.9875 8.8420
8550.05 -11.0064 8.8410
8550.64 -11.0257 8.8399
8551.23 -11.0454 8.8389
8551.82 -11.0655 8.8379
8552.41 -11.0861 8.8368
8553 -11.1071 8.8358
8553.59 -11.1287 8.8347
8554.18 -11.1507 8.8337
8554.77 -11.1733 8.8327
8555.36 -11.1964 8.8316
8555.96 -11.2201 8.8306
8556.55 -11.2444 8.8295
8557.14 -11.2694 8.8285
8557.73 -11.2950 8.8275
8558.32 -11.3213 8.8264
8558.91 -11.3484 8.8254
8559.5 -11.3762 8.8243
8560.09 -11.4049 8.8233
8560.68 -11.4344 8.8223
8561.27 -11.4649 8.8212
8561.86 -11.4963 8.8202
8562.45 -11.5288 8.8191
8563.05 -11.5624 8.8181
8563.64 -11.5971 8.8171
8564.23 -11.6331 8.8160
8564.82 -11.6705 8.8150
8565.41 -11.7093 8.8139
8566 -11.7497 8.8129
8566.6 -11.7917 8.8119
8567.19 -11.8356 8.8108
8567.78 -11.8814 8.8098
8568.37 -11.9295 8.8087
8568.96 -11.9799 8.8077
8569.56 -12.0329 8.8067
8570.15 -12.0887 8.8056
8570.74 -12.1478 8.8046
8571.33 -12.2104 8.8036
8571.93 -12.2771 8.8025
8572.52 -12.3483 8.8015
8573.11 -12.4248 8.8004
8573.7 -12.5072 8.7994
8574.3 -12.5966 8.7984
8574.89 -12.6943 8.7973
8575.48 -12.8020 8.7963
8576.08 -12.9217 8.7952
8576.67 -13.0566 8.7942
8577.26 -13.2110 8.7932
8577.86 -13.3913 8.7921
8578.45 -13.6079 8.7911
8579.04 -13.8790 8.7900
8579.64 -14.2411 8.7890
8580.23 -14.7872 8.7880
8580.83 -15.9278 8.7869
8581.42 -16.1656 12.2569
8582.01 -14.8741 12.2549
8582.61 -14.2926 12.2529
8583.2 -13.9120 12.2509
8583.8 -13.6284 12.2489
8584.39 -13.4020 12.2469
8584.98 -13.2135 12.2449
8585.58 -13.0520 12.2429
8586.17 -12.9105 12.2409
8586.77 -12.7846 12.2389
8587.36 -12.6713 12.2369
8587.96 -12.5681 12.2350
8588.55 -12.4734 12.2330
8589.15 -12.3859 12.2310
8589.74 -12.3045 12.2290
8590.34 -12.2284 12.2270
8590.93 -12.1571 12.2250
8591.53 -12.0898 12.2231
8592.12 -12.0262 12.2211
8592.72 -11.9658 12.2191
8593.31 -11.9084 12.2171
8593.91 -11.8537 12.2152
8594.51 -11.8014 12.2132
8595.1 -11.7513 12.2112
8595.7 -11.7032 12.2092
8596.29 -11.6570 12.2073
8596.89 -11.6125 12.2053
8597.49 -11.5696 12.2033
8598.08 -11.5282 12.2014
8598.68 -11.4881 12.1994
8599.27 -11.4494 12.1975
8599.87 -11.4118 12.1955
8600.47 -11.3754 12.1935
8601.06 -11.3401 12.1916
8601.66 -11.3057 12.1896
8602.26 -11.2723 12.1877
8602.85 -11.2398 12.1857
8603.45 -11.2082 12.1838
8604.05 -11.1773 12.1818
8604.65 -11.1472 12.1799
8605.24 -11.1178 12.1779
8605.84 -11.0891 12.1760
8606.44 -11.0610 12.1740
8607.04 -11.0336 12.1721
8607.63 -11.0068 12.1701
8608.23 -10.9805 12.1682
8608.83 -10.9548 12.1663
8609.43 -10.9296 12.1643
8610.02 -10.9049 12.1624
8610.62 -10.8807 12.1605
8611.22 -10.8570 12.1585
8611.82 -10.8337 12.1566
8612.42 -10.8108 12.1547
8613.01 -10.7883 12.1527
8613.61 -10.7662 12.1508
8614.21 -10.7445 12.1489
8614.81 -10.7232 12.1469
8615.41 -10.7023 12.1450
8616.01 -10.6816 12.1431
8616.61 -10.6613 12.1412
8617.2 -10.6414 12.1392
8617.8 -10.6217 12.1373
8618.4 -10.6023 12.1354
8619 -10.5833 12.1335
8619.6 -10.5645 12.1316
8620.2 -10.5460 12.1297
8620.8 -10.5277 12.1278
8621.4 -10.5097 12.1258
8622 -10.4920 12.1239
8622.6 -10.4745 12.1220
8623.2 -10.4572 12.1201
8623.8 -10.4402 12.1182
8624.4 -10.4234 12.1163
8625 -10.4068 12.1144
8625.6 -10.3904 12.1125
8626.2 -10.3743 12.1106
8626.8 -10.3583 12.1087
8627.4 -10.3425 12.1068
8628 -10.3269 12.1049
8628.6 -10.3116 12.1030
8629.2 -10.2963 12.1011
8629.8 -10.2813 12.0992
8630.4 -10.2664 12.0973
8631 -10.2518 12.0954
8631.6 -10.2372 12.0935
8632.2 -10.2229 12.0917
8632.8 -10.2087 12.0898
8633.41 -10.1946 12.0879
8634.01 -10.1807 12.0860
8634.61 -10.1669 12.0841
8635.21 -10.1533 12.0822
8635.81 -10.1399 12.0804
8636.41 -10.1265 12.0785
8637.01 -10.1133 12.0766
8637.62 -10.1003 12.0747
8638.22 -10.0874 12.0729
8638.82 -10.0746 12.0710
8639.42 -10.0619 12.0691
8640.02 -10.0493 12.0672
8640.63 -10.0369 12.0654
8641.23 -10.0246 12.0635
8641.83 -10.0124 12.0616
8642.43 -10.0003 12.0598
8643.04 -9.9883 12.0579
8643.64 -9.9764 12.0560
8644.24 -9.9647 12.0542
8644.84 -9.9530 12.0523
8645.45 -9.9415 12.0505
8646.05 -9.9300 12.0486
8646.65 -9.9187 12.0468
8647.26 -9.9074 12.0449
8647.86 -9.8962 12.0430
8648.46 -9.8852 12.0412
8649.06 -9.8742 12.0393
8649.67 -9.8633 12.0375
8650.27 -9.8525 12.0356
8650.88 -9.8418 12.0338
8651.48 -9.8312 12.0320
8652.08 -9.8207 12.0301
8652.69 -9.8103 12.0283
8653.29 -9.7999 12.0264
8653.89 -9.7896 12.0246
8654.5 -9.7794 12.0227
8655.1 -9.7693 12.0209
8655.71 -9.7593 12.0191
8656.31 -9.7493 12.0172
8656.92 -9.7394 12.0154
8657.52 -9.7296 12.0136
8658.12 -9.7199 12.0117
8658.73 -9.7102 12.0099
8659.33 -9.7006 12.0081
8659.94 -9.6911 12.0063
8660.54 -9.6816 12.0044
8661.15 -9.6722 12.0026
8661.75 -9.6629 12.0008
8662.36 -9.6537 11.9990
8662.96 -9.6445 11.9971
8663.57 -9.6353 11.9953
8664.17 -9.6263 11.9935
8670.23 -9.5390 11.9754
8731.29 -8.8938 11.8012
8793.22 -8.4901 11.6395
8856.02 -8.2344 11.4897
8919.74 -8.1053 11.3539
8965.53 -8.1134 11.2638
8966.18 -8.1146 11.2625
8966.83 -8.1159 11.2613
8967.48 -8.1172 11.2600
8968.13 -8.1185 11.2587
8968.77 -8.1198 11.2575
8969.42 -8.1212 11.2562
8970.07 -8.1227 11.2549
8970.72 -8.1242 11.2536
8971.37 -8.1257 11.2524
8972.02 -8.1273 11.2511
8972.67 -8.1289 11.2498
8973.32 -8.1306 11.2486
8973.97 -8.1323 11.2473
8974.62 -8.1340 11.2460
8975.27 -8.1359 11.2448
8975.92 -8.1377 11.2435
8976.57 -8.1396 11.2422
8977.22 -8.1416 11.2409
8977.87 -8.1436 11.2397
8978.52 -8.1457 11.2384
8979.17 -8.1478 11.2371
8979.82 -8.1500 11.2359
8980.47 -8.1522 11.2346
8981.12 -8.1545 11.2333
8981.77 -8.1569 11.2321
8982.42 -8.1593 11.2308
8983.07 -8.1618 11.2295
8983.72 -8.1643 11.2283
8984.37 -8.1669 11.2270
8985.02 -8.1696 11.2257
8985.68 -8.1723 11.2244
8986.33 -8.1751 11.2232
8986.98 -8.1780 11.2219
8987.63 -8.1809 11.2206
8988.28 -8.1839 11.2194
8988.93 -8.1870 11.2181
8989.58 -8.1901 11.2168
8990.24 -8.1934 11.2155
8990.89 -8.1967 11.2143
8991.54 -8.2001 11.2130
8992.19 -8.2035 11.2117
8992.84 -8.2071 11.2105
8993.5 -8.2107 11.2092
8994.15 -8.2144 11.2079
8994.8 -8.2183 11.2067
8995.45 -8.2222 11.2054
8996.11 -8.2262 11.2041
8996.76 -8.2303 11.2028
8997.41 -8.2345 11.2016
8998.07 -8.2388 11.2003
8998.72 -8.2432 11.1990
8999.37 -8.2477 11.1978
9000.02 -8.2523 11.1965
9000.68 -8.2570 11.1952
9001.33 -8.2619 11.1939
9001.99 -8.2668 11.1927
9002.64 -8.2719 11.1914
9003.29 -8.2772 11.1901
9003.95 -8.2290 11.1888
9004.6 -8.2345 11.1874
9005.25 -8.2401 11.1861
9005.91 -8.2459 11.1847
9006.56 -8.2518 11.1833
9007.22 -8.2579 11.1820
9007.87 -8.2641 11.1806
9008.53 -8.2705 11.1792
9009.18 -8.2771 11.1778
9009.84 -8.2838 11.1765
9010.49 -8.2907 11.1751
9011.15 -8.2978 11.1737
9011.8 -8.3051 11.1724
9012.46 -8.3126 11.1710
9013.11 -8.3203 11.1696
9013.77 -8.3282 11.1683
9014.42 -8.3364 11.1669
9015.08 -8.3448 11.1655
9015.73 -8.3534 11.1642
9016.39 -8.3623 11.1628
9017.04 -8.3715 11.1614
9017.7 -8.3809 11.1601
9018.35 -8.3906 11.1587
9019.01 -8.4007 11.1573
9019.67 -8.4110 11.1559
9020.32 -8.4217 11.1546
9020.98 -8.4327 11.1532
9021.64 -8.4442 11.1518
9022.29 -8.4560 11.1505
9022.95 -8.4682 11.1491
9023.61 -8.4808 11.1477
9024.26 -8.4940 11.1464
9024.92 -8.5076 11.1450
9025.58 -8.5217 11.1436
9026.23 -8.5364 11.1423
9026.89 -8.5517 11.1409
9027.55 -8.5676 11.1395
9028.21 -8.5842 11.1382
9028.86 -8.6015 11.1368
9029.52 -8.6196 11.1354
9030.18 -8.6385 11.1341
9030.84 -8.6583 11.1327
9031.49 -8.6792 11.1313
9032.15 -8.7011 11.1300
9032.81 -8.7242 11.1286
9033.47 -8.7486 11.1272
9034.13 -8.7745 11.1259
9034.78 -8.8019 11.1245
9035.44 -8.8311 11.1231
9036.1 -8.8624 11.1218
9036.76 -8.8959 11.1204
9037.42 -8.9320 11.1190
9038.08 -8.9711 11.1177
9038.74 -9.0136 11.1163
9039.4 -9.0603 11.1149
9040.05 -9.1120 11.1136
9040.71 -9.1696 11.1122
9041.37 -9.2348 11.1108
9042.03 -9.3096 11.1095
9042.69 -9.3972 11.1081
9043.35 -9.5027 11.1067
9044.01 -9.6351 11.1054
9044.67 -9.8119 11.1040
9045.33 -10.0776 11.1026
9045.99 -10.6204 11.1013
9046.65 -10.8236 12.8333
9047.31 -10.1387 12.8318
9047.97 -9.8399 12.8304
9048.63 -9.6454 12.8290
9049.29 -9.5005 12.8276
9049.95 -9.3847 12.8261
9050.61 -9.2882 12.8247
9051.27 -9.2053 12.8233
9051.93 -9.1325 12.8218
9052.6 -9.0675 12.8204
9053.26 -9.0089 12.8190
9053.92 -8.9553 12.8176
9054.58 -8.9060 12.8161
9055.24 -8.8604 12.8147
9055.9 -8.8178 12.8133
9056.56 -8.7778 12.8118
9057.22 -8.7402 12.8104
9057.89 -8.7047 12.8090
9058.55 -8.6710 12.8076
9059.21 -8.6389 12.8061
9059.87 -8.6083 12.8047
9060.53 -8.5790 12.8033
9061.2 -8.5509 12.8019
9061.86 -8.5239 12.8004
9062.52 -8.4980 12.7990
9063.18 -8.4729 12.7976
9063.85 -8.4488 12.7961
9064.51 -8.4254 12.7947
9065.17 -8.4027 12.7933
9065.83 -8.3808 12.7919
9066.5 -8.3595 12.7904
9067.16 -8.3388 12.7890
9067.82 -8.3186 12.7876
9068.49 -8.2990 12.7862
9069.15 -8.2799 12.7847
9069.81 -8.2612 12.7833
9070.48 -8.2430 12.7819
9071.14 -8.2252 12.7804
9071.8 -8.2078 12.7790
9072.47 -8.1908 12.7776
9073.13 -8.1742 12.7762
9073.8 -8.1578 12.7747
9074.46 -8.1419 12.7733
9075.12 -8.1262 12.7719
9075.79 -8.1108 12.7705
9076.45 -8.0957 12.7690
9077.12 -8.0809 12.7676
9077.78 -8.0663 12.7662
9078.45 -8.0520 12.7647
9079.11 -8.0379 12.7633
9079.78 -8.0240 12.7619
9080.44 -8.0104 12.7605
9081.11 -7.9969 12.7590
9081.77 -7.9837 12.7576
9082.44 -7.9707 12.7562
9083.1 -7.9579 12.7548
9083.77 -7.9452 12.7533
9084.43 -7.9327 12.7519
9085.1 -7.9204 12.7505
9085.76 -7.9083 12.7491
9086.43 -7.8963 12.7476
9087.1 -7.8844 12.7462
9087.76 -7.8728 12.7448
9088.43 -7.8612 12.7433
9089.09 -7.8498 12.7419
9089.76 -7.8386 12.7405
9090.43 -7.8274 12.7391
9091.09 -7.8164 12.7376
9091.76 -7.8055 12.7362
9092.43 -7.7948 12.7348
9093.09 -7.7841 12.7334
9093.76 -7.7736 12.7319
9094.43 -7.7632 12.7305
9095.1 -7.7529 12.7291
9095.76 -7.7427 12.7277
9096.43 -7.7326 12.7262
9097.1 -7.7226 12.7248
9097.77 -7.7127 12.7234
9098.43 -7.7029 12.7220
9099.1 -7.6931 12.7205
9099.77 -7.6835 12.7191
9100.44 -7.6740 12.7177
9101.1 -7.6645 12.7163
9101.77 -7.6551 12.7148
9102.44 -7.6459 12.7134
9103.11 -7.6366 12.7120
9103.78 -7.6275 12.7106
9104.45 -7.6185 12.7091
9105.11 -7.6095 12.7077
9105.78 -7.6006 12.7063
9106.45 -7.5917 12.7048
9107.12 -7.5830 12.7034
9107.79 -7.5743 12.7020
9108.46 -7.5656 12.7006
9109.13 -7.5571 12.6991
9109.8 -7.5486 12.6977
9110.47 -7.5401 12.6963
9111.14 -7.5318 12.6949
9111.81 -7.5234 12.6934
9112.48 -7.5152 12.6920
9113.15 -7.5070 12.6906
9113.82 -7.4988 12.6892
9114.49 -7.4908 12.6877
9115.16 -7.4827 12.6863
9115.83 -7.4748 12.6849
9116.5 -7.4668 12.6835
9117.17 -7.4590 12.6820
9117.84 -7.4511 12.6806
9118.51 -7.4434 12.6792
9119.18 -7.4356 12.6778
9119.85 -7.4280 12.6763
9120.52 -7.4204 12.6749
9121.19 -7.4128 12.6735
9121.86 -7.4052 12.6721
9122.53 -7.3978 12.6706
9123.2 -7.3903 12.6692
9123.88 -7.3829 12.6678
9124.55 -7.3756 12.6664
9125.22 -7.3682 12.6649
9125.89 -7.3610 12.6635
9126.56 -7.3537 12.6621
9127.23 -7.3466 12.6607
9127.91 -7.3394 12.6592
9128.58 -7.3323 12.6578
9129.25 -7.3252 12.6564
9129.92 -7.3182 12.6550
9130.59 -7.3112 12.6536
9131.27 -7.3042 12.6521
9131.94 -7.2973 12.6507
9132.61 -7.2904 12.6493
9133.29 -7.2836 12.6479
9133.96 -7.2767 12.6464
9134.63 -7.2699 12.6450
9135.3 -7.2632 12.6436
9135.98 -7.2565 12.6422
9136.65 -7.2498 12.6407
9137.32 -7.2431 12.6393
9138 -7.2365 12.6379
9138.67 -7.2299 12.6365
9139.34 -7.2234 12.6350
9140.02 -7.2168 12.6336
9140.69 -7.2103 12.6322
9141.37 -7.2039 12.6308
9142.04 -7.1974 12.6293
9142.71 -7.1910 12.6279
9143.39 -7.1846 12.6265
9144.06 -7.1783 12.6251
9144.74 -7.1720 12.6236
9145.41 -7.1657 12.6222
9146.09 -7.1594 12.6208
9146.76 -7.1531 12.6194
9147.44 -7.1469 12.6180
9148.11 -7.1407 12.6165
9148.79 -7.1346 12.6151
9149.46 -7.1284 12.6137
9150.14 -7.1223 12.6123
9184.03 -6.8433 12.5411
9252.56 -6.3882 12.3991
9322.13 -6.0117 12.2574
9392.75 -5.6840 12.1160
9464.45 -5.3905 11.9749
9537.26 -5.1142 11.8330
9611.19 -4.8684 11.6909
9686.28 -4.6404 11.5493
9762.55 -4.4275 11.4082
9840.03 -4.2279 11.2675
9918.75 -4.0399 11.1273
9998.74 -3.8624 10.9875
10080 -3.6944 10.8483
10162.7 -3.5293 10.7093
10246.6 -3.3779 10.5706
10332 -3.2339 10.4325
10418.9 -3.0966 10.2948
10507.1 -2.9656 10.1577
10597 -2.8406 10.0211
10688.3 -2.7212 9.8851
10781.2 -2.6070 9.7496
10875.8 -2.4977 9.6146
10972.1 -2.3932 9.4803
11070 -2.2932 9.3465
11169.8 -2.1924 9.2131
11271.3 -2.1008 9.0800
11374.7 -2.0133 8.9475
11480 -1.9294 8.8156
11587.3 -1.8492 8.6843
11696.6 -1.7725 8.5536
11808 -1.6978 8.4235
11921.6 -1.6276 8.2940
12037.3 -1.5600 8.1651
12155.3 -1.4960 8.0368
12275.7 -1.4348 7.9093
12398.4 -1.3765 7.7823
12523.7 -1.3209 7.6561
12651.5 -1.2679 7.5305
12781.9 -1.2175 7.4055
12915 -1.1696 7.2813
13051 -1.1241 7.1577
13189.8 -1.0809 7.0349
13331.6 -1.0401 6.9127
13476.6 -1.0014 6.7912
13624.7 -0.9650 6.6705
13776 -0.9306 6.5505
13930.8 -0.8984 6.4311
14089.1 -0.8681 6.3126
14251.1 -0.8398 6.1947
14416.8 -0.8135 6.0776
14586.4 -0.7891 5.9613
14760 -0.7664 5.8457
14937.9 -0.7456 5.7308
15120 -0.7266 5.6168
15306.7 -0.7093 5.5035
15498 -0.6937 5.3910
15694.2 -0.6758 5.2791
15895.4 -0.6637 5.1679
16101.9 -0.6532 5.0576
16313.7 -0.6443 4.9481
16531.2 -0.6370 4.8394
16754.6 -0.6312 4.7316
16984.2 -0.6268 4.6247
17220 -0.6207 4.5185
17462.6 -0.6195 4.4131
17712 -0.6197 4.3085
17968.7 -0.6213 4.2049
18233 -0.6223 4.1021
18505.1 -0.6268 4.0002
18785.5 -0.6326 3.8992
19074.5 -0.6397 3.7992
19372.6 -0.6482 3.7002
19680.1 -0.6579 3.6021
19997.5 -0.6689 3.5051
20325.3 -0.6812 3.4090
20664.1 -0.6947 3.3139
21014.3 -0.7095 3.2199
21376.6 -0.7255 3.1268
21751.6 -0.7427 3.0348
22140.1 -0.7611 2.9439
22542.6 -0.7806 2.8539
22960.1 -0.8014 2.7651
23393.3 -0.8234 2.6773
23843.1 -0.8466 2.5906
24310.7 -0.8710 2.5050
24796.9 -0.8966 2.4205
25302.9 -0.9235 2.3371
25830.1 -0.9516 2.2548
26379.6 -0.9810 2.1737
26953.1 -1.0118 2.0936
27552.1 -1.0441 2.0144
28178.3 -1.0779 1.9365
28833.6 -1.1132 1.8598
29520.1 -1.1501 1.7844
30240.1 -1.1887 1.7103
30996.1 -1.2291 1.6375
31790.9 -1.2715 1.5659
32627.5 -1.3161 1.4956
33509.3 -1.3632 1.4267
34440.1 -1.4107 1.3590
35424.1 -1.4641 1.2926
36466 -1.5214 1.2275
37571 -1.5810 1.1638
38745.1 -1.6489 1.1014
39994.9 -1.7198 1.0402
41328.1 -1.8049 0.9804
42753.2 -1.9029 0.9221
44280.1 -2.0193 0.8654
45920.1 -2.1636 0.8103
47686.3 -2.3544 0.7567
49593.7 -2.6354 0.7047
50834.1 -2.9016 0.6738
50854.9 -2.9070 0.6733
50875.8 -2.9125 0.6728
50896.7 -2.9180 0.6723
50917.6 -2.9236 0.6718
50938.5 -2.9292 0.6713
50959.5 -2.9348 0.6708
50980.4 -2.9405 0.6703
51001.4 -2.9463 0.6698
51022.4 -2.9521 0.6693
51043.4 -2.9580 0.6688
51064.4 -2.9639 0.6683
51085.4 -2.9699 0.6678
51106.5 -2.9759 0.6673
51127.6 -2.9820 0.6668
51148.7 -2.9881 0.6663
51169.8 -2.9943 0.6658
51190.9 -3.0005 0.6653
51212 -3.0068 0.6648
51233.2 -3.0132 0.6643
51254.4 -3.0196 0.6638
51275.6 -3.0261 0.6633
51296.8 -3.0327 0.6628
51318 -3.0393 0.6624
51339.3 -3.0460 0.6619
51360.5 -3.0527 0.6614
51381.8 -3.0595 0.6609
51403.1 -3.0664 0.6604
51424.4 -3.0734 0.6599
51445.8 -3.0804 0.6594
51467.1 -3.0875 0.6589
51488.5 -3.0947 0.6584
51509.9 -3.1020 0.6579
51531.3 -3.1093 0.6574
51552.7 -3.1167 0.6569
51574.2 -3.1242 0.6564
51595.6 -3.1318 0.6559
51617.1 -3.1395 0.6554
51638.6 -3.1472 0.6549
51660.1 -3.1550 0.6544
51681.7 -3.1630 0.6539
51703.2 -3.1710 0.6534
51724.8 -3.1791 0.6529
51746.4 -3.1873 0.6524
51768 -3.1957 0.6519
51789.6 -3.2041 0.6514
51811.3 -3.2126 0.6509
51832.9 -3.2212 0.6505
51854.6 -3.2300 0.6500
51876.3 -3.2388 0.6495
51898 -3.2478 0.6490
51919.7 -3.2568 0.6485
51941.5 -3.2660 0.6480
51963.3 -3.2754 0.6475
51985 -3.2848 0.6470
52006.9 -3.2944 0.6465
52028.7 -3.3041 0.6460
52050.5 -3.3139 0.6455
52072.4 -3.3239 0.6450
52094.3 -3.3340 0.6445
52116.2 -3.3443 0.6440
52138.1 -3.3547 0.6436
52160 -3.3653 0.6431
52182 -3.3761 0.6426
52203.9 -3.3870 0.6421
52225.9 -3.3980 0.6416
52247.9 -3.4093 0.6411
52270 -3.4207 0.6406
52292 -3.4323 0.6401
52314.1 -3.4441 0.6396
52336.2 -3.4561 0.6391
52358.3 -3.4684 0.6386
52380.4 -3.4808 0.6382
52402.5 -3.4934 0.6377
52424.7 -3.5063 0.6372
52446.8 -3.5194 0.6367
52469 -3.5327 0.6362
52491.3 -3.5463 0.6357
52513.5 -3.5601 0.6352
52535.7 -3.5742 0.6347
52558 -3.5886 0.6342
52580.3 -3.6033 0.6338
52602.6 -3.6182 0.6333
52624.9 -3.6335 0.6328
52647.3 -3.6491 0.6323
52669.6 -3.6650 0.6318
52692 -3.6813 0.6313
52714.4 -3.6980 0.6308
52736.9 -3.7150 0.6303
52759.3 -3.7324 0.6299
52781.8 -3.7503 0.6294
52804.2 -3.7686 0.6289
52826.7 -3.7873 0.6284
52849.3 -3.8065 0.6279
52871.8 -3.8263 0.6274
52894.3 -3.8465 0.6269
52916.9 -3.8673 0.6264
52939.5 -3.8887 0.6260
52962.1 -3.9107 0.6255
52984.8 -3.9334 0.6250
53007.4 -3.9567 0.6245
53030.1 -3.9808 0.6240
53052.8 -4.0057 0.6235
53075.5 -4.0314 0.6230
53098.2 -4.0580 0.6226
53121 -4.0855 0.6221
53143.7 -4.1140 0.6216
53166.5 -4.1436 0.6211
53189.3 -4.1744 0.6206
53212.2 -4.2065 0.6201
53235 -4.2399 0.6197
53257.9 -4.2748 0.6192
53280.8 -4.3112 0.6187
53303.7 -4.3495 0.6182
53326.6 -4.3897 0.6177
53349.5 -4.4320 0.6172
53372.5 -4.4767 0.6168
53395.5 -4.5240 0.6163
53418.5 -4.5742 0.6158
53441.5 -4.6278 0.6153
53464.6 -4.6852 0.6148
53487.6 -4.7469 0.6143
53510.7 -4.8137 0.6139
53533.8 -4.8864 0.6134
53557 -4.9661 0.6129
53580.1 -5.0543 0.6124
53603.3 -5.1530 0.6119
53626.4 -5.2650 0.6115
53649.7 -5.3943 0.6110
53672.9 -5.5472 0.6105
53696.1 -5.7339 0.6100
53719.4 -5.9735 0.6095
53742.7 -6.3078 0.6091
53766 -6.8625 0.6086
53789.3 -8.8473 0.6081
53812.6 -7.0599 3.3474
53836 -6.3973 3.3452
53859.4 -6.0229 3.3430
53882.8 -5.7603 3.3407
53906.2 -5.5575 3.3385
53929.7 -5.3922 3.3363
53953.2 -5.2526 3.3340
53976.6 -5.1316 3.3318
54000.1 -5.0248 3.3296
54023.7 -4.9293 3.3274
54047.2 -4.8427 3.3251
54070.8 -4.7636 3.3229
54094.4 -4.6908 3.3207
54118 -4.6232 3.3184
54141.6 -4.5603 3.3162
54165.3 -4.5013 3.3140
54189 -4.4458 3.3118
54212.7 -4.3934 3.3095
54236.4 -4.3438 3.3073
54260.1 -4.2967 3.3051
54283.9 -4.2518 3.3028
54307.6 -4.2089 3.3006
54331.4 -4.1679 3.2984
54355.3 -4.1286 3.2962
54379.1 -4.0908 3.2939
54403 -4.0544 3.2917
54426.8 -4.0194 3.2895
54450.7 -3.9856 3.2872
54474.7 -3.9530 3.2850
54498.6 -3.9214 3.2828
54522.6 -3.8908 3.2806
54546.6 -3.8612 3.2783
54570.6 -3.8324 3.2761
54594.6 -3.8045 3.2739
54618.7 -3.7773 3.2717
54642.7 -3.7509 3.2694
54666.8 -3.7251 3.2672
54690.9 -3.7000 3.2650
54715.1 -3.6756 3.2627
54739.2 -3.6517 3.2605
54763.4 -3.6284 3.2583
54787.6 -3.6056 3.2561
54811.8 -3.5834 3.2538
54836.1 -3.5616 3.2516
54860.3 -3.5403 3.2494
54884.6 -3.5194 3.2472
54908.9 -3.4990 3.2449
54933.2 -3.4790 3.2427
54957.6 -3.4593 3.2405
54982 -3.4401 3.2383
55006.4 -3.4212 3.2360
55030.8 -3.4027 3.2338
55055.2 -3.3845 3.2316
55079.7 -3.3666 3.2294
55104.2 -3.3490 3.2271
55128.7 -3.3317 3.2249
55153.2 -3.3147 3.2227
55177.7 -3.2980 3.2205
55202.3 -3.2816 3.2182
55226.9 -3.2654 3.2160
55251.5 -3.2495 3.2138
55276.1 -3.2339 3.2116
55300.8 -3.2184 3.2093
55325.5 -3.2032 3.2071
55350.2 -3.1882 3.2049
55374.9 -3.1735 3.2027
55399.6 -3.1589 3.2005
55424.4 -3.1446 3.1982
55449.2 -3.1304 3.1960
55474 -3.1164 3.1938
55498.8 -3.1027 3.1916
55523.7 -3.0891 3.1893
55548.5 -3.0757 3.1871
55573.4 -3.0624 3.1849
55598.4 -3.0493 3.1827
55623.3 -3.0364 3.1805
55648.3 -3.0237 3.1782
55673.3 -3.0111 3.1760
55698.3 -2.9986 3.1738
55723.3 -2.9863 3.1716
55748.4 -2.9742 3.1693
55773.4 -2.9622 3.1671
55798.5 -2.9503 3.1649
55823.7 -2.9386 3.1627
55848.8 -2.9269 3.1605
55874 -2.9155 3.1582
55899.2 -2.9041 3.1560
55924.4 -2.8929 3.1538
55949.6 -2.8818 3.1516
55974.9 -2.8708 3.1494
56000.2 -2.8599 3.1471
56025.5 -2.8491 3.1449
56050.8 -2.8384 3.1427
56076.1 -2.8279 3.1405
56101.5 -2.8174 3.1383
56126.9 -2.8071 3.1360
56152.3 -2.7969 3.1338
56177.8 -2.7867 3.1316
56203.2 -2.7767 3.1294
56228.7 -2.7667 3.1272
56254.2 -2.7569 3.1250
56279.8 -2.7471 3.1227
56305.3 -2.7374 3.1205
56330.9 -2.7278 3.1183
56356.5 -2.7183 3.1161
56382.1 -2.7089 3.1139
56407.8 -2.6996 3.1116
56433.5 -2.6903 3.1094
56459.2 -2.6750 3.1072
56484.9 -2.6659 3.1049
56510.6 -2.6569 3.1026
56536.4 -2.6480 3.1003
56562.2 -2.6391 3.0980
56588 -2.6303 3.0957
56613.9 -2.6216 3.0934
56639.7 -2.6130 3.0912
56665.6 -2.6044 3.0889
56691.5 -2.5959 3.0866
56717.4 -2.5875 3.0843
56743.4 -2.5792 3.0820
56769.4 -2.5709 3.0797
56795.4 -2.5626 3.0775
56821.4 -2.5545 3.0752
56847.5 -2.5464 3.0729
56873.6 -2.5383 3.0706
56899.7 -2.5304 3.0683
56925.8 -2.5224 3.0661
56951.9 -2.5146 3.0638
56978.1 -2.5068 3.0615
57004.3 -2.4990 3.0592
57030.5 -2.4914 3.0570
57056.8 -2.4837 3.0547
57083 -2.4762 3.0524
57109.3 -2.4686 3.0501
57135.6 -2.4612 3.0479
57162 -2.4538 3.0456
57188.4 -2.4464 3.0433
57214.7 -2.4391 3.0410
57241.2 -2.4319 3.0388
57267.6 -2.4247 3.0365
57294.1 -2.4175 3.0342
57320.5 -2.4104 3.0320
57347.1 -2.4033 3.0297
57373.6 -2.3963 3.0274
57400.2 -2.3894 3.0251
59040.2 -2.0396 2.8900
61992.2 -1.6404 2.6690
65254.9 -1.3653 2.4536
68880.2 -1.1643 2.2441
72932 -1.0143 2.0408
77490.2 -0.9020 1.8438
82656.2 -0.8194 1.6528
88560.2 -0.7620 1.4688
95372.6 -0.7254 1.2930
103320 -0.7064 1.1258
112713 -0.6908 0.9647
123984 -0.7036 0.8122
