4290.12  -4.3619  11.1630
4305.01  -4.3614  11.1047
4320.01  -4.3612  11.0465
4335.12  -4.3611  10.9885
4350.33  -4.3613  10.9305
4365.65  -4.3617  10.8725
4381.07  -4.3623  10.8147
4396.61  -4.3632  10.7569
4412.25  -4.3642  10.6992
4428.01  -4.3655  10.6417
4443.88  -4.3670  10.5841
4459.87  -4.3688  10.5267
4475.97  -4.3707  10.4694
4492.19  -4.3729  10.4121
4508.52  -4.3753  10.3549
4524.98  -4.3779  10.2979
4541.55  -4.3808  10.2408
4558.25  -4.3838  10.1839
4575.07  -4.3872  10.1271
4592.01  -4.3907  10.0704
4609.08  -4.3945  10.0137
4626.28  -4.3936  9.9570
4643.61  -4.3979  9.9005
4661.07  -4.4024  9.8440
4678.65  -4.4071  9.7876
4696.38  -4.4121  9.7312
4714.23  -4.4174  9.6750
4732.23  -4.4228  9.6189
4750.36  -4.4286  9.5628
4768.63  -4.4345  9.5069
4787.04  -4.4407  9.4510
4805.59  -4.4472  9.3953
4824.29  -4.4539  9.3396
4843.14  -4.4609  9.2840
4862.13  -4.4681  9.2285
4881.27  -4.4756  9.1731
4900.57  -4.4833  9.1178
4920.01  -4.4913  9.0626
4939.62  -4.4996  9.0075
4959.37  -4.5081  8.9525
4979.29  -4.5169  8.8975
4999.37  -4.5260  8.8427
5019.61  -4.5353  8.7880
5040.01  -4.5449  8.7333
5060.59  -4.5548  8.6788
5081.33  -4.5650  8.6243
5102.24  -4.5755  8.5700
5123.32  -4.5862  8.5157
5144.58  -4.5973  8.4616
5166.01  -4.6086  8.4075
5187.63  -4.6202  8.3536
5209.43  -4.6322  8.2997
5231.41  -4.6444  8.2460
5253.57  -4.6570  8.1923
5275.93  -4.6699  8.1388
5298.48  -4.6831  8.0853
5321.22  -4.6966  8.0320
5344.15  -4.7105  7.9787
5367.29  -4.7246  7.9256
5390.62  -4.7392  7.8726
5414.16  -4.7540  7.8196
5437.91  -4.7692  7.7668
5461.87  -4.7848  7.7141
5486.03  -4.8008  7.6614
5510.42  -4.8171  7.6089
5535.02  -4.8337  7.5565
5559.84  -4.8508  7.5042
5584.88  -4.8682  7.4520
5610.15  -4.8861  7.3999
5635.65  -4.9043  7.3479
5661.39  -4.9230  7.2960
5687.36  -4.9420  7.2442
5713.56  -4.9615  7.1926
5740.02  -4.9815  7.1410
5766.71  -5.0019  7.0896
5793.66  -5.0227  7.0382
5820.86  -5.0440  6.9870
5848.32  -5.0658  6.9359
5876.04  -5.0881  6.8849
5904.02  -5.1109  6.8340
5932.27  -5.1342  6.7832
5960.79  -5.1580  6.7326
5989.58  -5.1824  6.6820
6018.66  -5.2074  6.6316
6048.02  -5.2329  6.5813
6077.66  -5.2590  6.5310
6107.6  -5.2857  6.4810
6137.84  -5.3130  6.4310
6168.38  -5.3410  6.3811
6199.22  -5.3697  6.3314
6230.37  -5.3990  6.2817
6261.84  -5.4291  6.2322
6293.62  -5.4599  6.1828
6325.73  -5.4909  6.1336
6358.17  -5.5233  6.0844
6390.95  -5.5541  6.0353
6424.06  -5.5882  5.9864
6457.52  -5.6232  5.9376
6491.33  -5.6590  5.8889
6525.49  -5.6958  5.8403
6560.02  -5.7337  5.7918
6594.91  -5.7694  5.7435
6630.18  -5.8094  5.6952
6665.82  -5.8505  5.6471
6701.86  -5.8928  5.5991
6738.28  -5.9364  5.5512
6775.1  -5.9812  5.5035
6812.33  -6.0274  5.4559
6849.96  -6.0750  5.4084
6888.02  -6.1241  5.3611
6926.5  -6.1748  5.3139
6965.41  -6.2272  5.2668
7004.77  -6.2813  5.2199
7044.57  -6.3373  5.1730
7084.82  -6.3953  5.1264
7125.54  -6.4555  5.0798
7166.73  -6.5178  5.0334
7208.39  -6.5826  4.9872
7250.55  -6.6496  4.9410
7293.2  -6.7198  4.8950
7336.35  -6.7929  4.8492
7380.02  -6.8693  4.8035
7424.21  -6.9491  4.7579
7468.94  -7.0327  4.7124
7514.2  -7.1204  4.6671
7560.02  -7.2127  4.6220
7606.4  -7.3098  4.5770
7653.35  -7.4125  4.5321
7700.89  -7.5212  4.4873
7749.02  -7.6366  4.4428
7797.76  -7.7597  4.3983
7847.11  -7.8913  4.3540
7897.09  -8.0327  4.3098
7947.71  -8.1853  4.2658
7998.99  -8.3511  4.2220
8050.93  -8.5323  4.1782
8103.55  -8.7320  4.1347
8156.86  -8.9542  4.0913
8210.88  -9.2033  4.0480
8265.62  -9.4896  4.0048
8321.1  -9.8235  3.9618
8377.32  -10.2240  3.9190
8434.31  -10.7239  3.8763
8492.08  -11.3885  3.8338
8550.64  -12.3807  3.7914
8563.05  -12.6679  3.7826
8563.64  -12.6827  3.7821
8564.23  -12.6975  3.7817
8564.82  -12.7124  3.7813
8565.41  -12.7275  3.7809
8566  -12.7426  3.7804
8566.6  -12.7579  3.7800
8567.19  -12.7733  3.7796
8567.78  -12.7888  3.7792
8568.37  -12.8044  3.7788
8568.96  -12.8202  3.7783
8569.56  -12.8360  3.7779
8570.15  -12.8520  3.7775
8570.74  -12.8681  3.7771
8571.33  -12.8843  3.7766
8571.93  -12.9007  3.7762
8572.52  -12.9172  3.7758
8573.11  -12.9338  3.7754
8573.7  -12.9506  3.7750
8574.3  -12.9675  3.7745
8574.89  -12.9845  3.7741
8575.48  -13.0017  3.7737
8576.08  -13.0190  3.7733
8576.67  -13.0365  3.7728
8577.26  -13.0541  3.7724
8577.86  -13.0718  3.7720
8578.45  -13.0898  3.7716
8579.04  -13.1078  3.7712
8579.64  -13.1261  3.7707
8580.23  -13.1445  3.7703
8580.83  -13.1630  3.7699
8581.42  -13.1818  3.7695
8582.01  -13.2007  3.7690
8582.61  -13.2197  3.7686
8583.2  -13.2390  3.7682
8583.8  -13.2584  3.7678
8584.39  -13.2780  3.7674
8584.98  -13.2978  3.7669
8585.58  -13.3178  3.7665
8586.17  -13.3380  3.7661
8586.77  -13.3584  3.7657
8587.36  -13.3790  3.7652
8587.96  -13.3998  3.7648
8588.55  -13.4208  3.7644
8589.15  -13.4420  3.7640
8589.74  -13.4634  3.7636
8590.34  -13.4851  3.7631
8590.93  -13.5070  3.7627
8591.53  -13.5291  3.7623
8592.12  -13.5515  3.7619
8592.72  -13.5741  3.7614
8593.31  -13.5969  3.7610
8593.91  -13.6200  3.7606
8594.51  -13.6434  3.7602
8595.1  -13.6670  3.7598
8595.7  -13.6909  3.7593
8596.29  -13.7151  3.7589
8596.89  -13.7395  3.7585
8597.49  -13.7643  3.7581
8598.08  -13.7893  3.7577
8598.68  -13.8147  3.7572
8599.27  -13.8403  3.7568
8599.87  -13.8663  3.7564
8600.47  -13.8926  3.7560
8601.06  -13.9193  3.7555
8601.66  -13.9462  3.7551
8602.26  -13.9736  3.7547
8602.85  -14.0013  3.7543
8603.45  -14.0294  3.7539
8604.05  -14.0578  3.7534
8604.65  -14.0867  3.7530
8605.24  -14.1159  3.7526
8605.84  -14.1456  3.7522
8606.44  -14.1757  3.7518
8607.04  -14.2062  3.7513
8607.63  -14.2372  3.7509
8608.23  -14.2686  3.7505
8608.83  -14.3005  3.7501
8609.43  -14.3330  3.7496
8610.02  -14.3659  3.7492
8610.62  -14.3993  3.7488
8611.22  -14.4333  3.7484
8611.82  -14.4679  3.7480
8612.42  -14.5030  3.7475
8613.01  -14.5387  3.7471
8613.61  -14.5751  3.7467
8614.21  -14.6121  3.7463
8614.81  -14.6497  3.7459
8615.41  -14.6880  3.7454
8616.01  -14.7271  3.7450
8616.61  -14.7668  3.7446
8617.2  -14.8074  3.7442
8617.8  -14.8487  3.7438
8618.4  -14.8909  3.7433
8619  -14.9339  3.7429
8619.6  -14.9778  3.7425
8620.2  -15.0227  3.7421
8620.8  -15.0685  3.7416
8621.4  -15.1153  3.7412
8622  -15.1632  3.7408
8622.6  -15.2122  3.7404
8623.2  -15.2624  3.7400
8623.8  -15.3138  3.7395
8624.4  -15.3665  3.7391
8625  -15.4205  3.7387
8625.6  -15.4759  3.7383
8626.2  -15.5328  3.7379
8626.8  -15.5913  3.7374
8627.4  -15.6514  3.7370
8628  -15.7133  3.7366
8628.6  -15.7771  3.7362
8629.2  -15.8428  3.7358
8629.8  -15.9106  3.7353
8630.4  -15.9806  3.7349
8631  -16.0531  3.7345
8631.6  -16.1280  3.7341
8632.2  -16.2058  3.7337
8632.8  -16.2864  3.7332
8633.41  -16.3702  3.7328
8634.01  -16.4575  3.7324
8634.61  -16.5485  3.7320
8635.21  -16.6435  3.7315
8635.81  -16.7429  3.7311
8636.41  -16.8472  3.7307
8637.01  -16.9568  3.7303
8637.62  -17.0724  3.7299
8638.22  -17.1945  3.7294
8638.82  -17.3241  3.7290
8639.42  -17.4619  3.7286
8640.02  -17.6092  3.7282
8640.63  -17.7674  3.7278
8641.23  -17.9382  3.7273
8641.83  -18.1236  3.7269
8642.43  -18.3266  3.7265
8643.04  -18.5508  3.7261
8643.64  -18.8010  3.7257
8644.24  -19.0841  3.7252
8644.84  -19.4100  3.7248
8645.45  -19.7940  3.7244
8646.05  -20.2612  3.7240
8646.65  -20.8581  3.7236
8647.26  -21.6849  3.7231
8647.86  -23.0386  3.7227
8648.46  -27.4061  3.7223
8649.06  -23.7751  10.5826
8649.67  -22.0665  10.5798
8650.27  -21.1176  10.5771
8650.88  -20.4568  10.5743
8651.48  -19.9492  10.5715
8652.08  -19.5369  10.5688
8652.69  -19.1895  10.5660
8653.29  -18.8894  10.5633
8653.89  -18.6252  10.5605
8654.5  -18.3892  10.5578
8655.1  -18.1759  10.5551
8655.71  -17.9813  10.5523
8656.31  -17.8024  10.5496
8656.92  -17.6369  10.5469
8657.52  -17.4828  10.5442
8658.12  -17.3387  10.5414
8658.73  -17.2035  10.5387
8659.33  -17.0759  10.5360
8659.94  -16.9553  10.5333
8660.54  -16.8409  10.5306
8661.15  -16.7321  10.5279
8661.75  -16.6283  10.5252
8662.36  -16.5292  10.5225
8662.96  -16.4343  10.5198
8663.57  -16.3433  10.5172
8664.17  -16.2558  10.5145
8664.78  -16.1717  10.5118
8665.39  -16.0906  10.5091
8665.99  -16.0124  10.5065
8666.6  -15.9368  10.5038
8667.2  -15.8638  10.5011
8667.81  -15.7930  10.4985
8668.42  -15.7244  10.4958
8669.02  -15.6579  10.4932
8669.63  -15.5933  10.4905
8670.23  -15.5306  10.4879
8670.84  -15.4695  10.4853
8671.45  -15.4101  10.4826
8672.05  -15.3523  10.4800
8672.66  -15.2959  10.4774
8673.27  -15.2409  10.4748
8673.87  -15.1872  10.4721
8674.48  -15.1349  10.4695
8675.09  -15.0837  10.4669
8675.69  -15.0337  10.4643
8676.3  -14.9848  10.4617
8676.91  -14.9369  10.4591
8677.52  -14.8901  10.4565
8678.12  -14.8442  10.4539
8678.73  -14.7993  10.4513
8679.34  -14.7553  10.4488
8679.95  -14.7121  10.4462
8680.55  -14.6698  10.4436
8681.16  -14.6282  10.4410
8681.77  -14.5875  10.4385
8682.38  -14.5474  10.4359
8682.99  -14.5081  10.4333
8683.59  -14.4695  10.4308
8684.2  -14.4316  10.4282
8684.81  -14.3943  10.4257
8685.42  -14.3576  10.4231
8686.03  -14.3215  10.4206
8686.64  -14.2861  10.4180
8687.24  -14.2511  10.4155
8687.85  -14.2168  10.4130
8688.46  -14.1830  10.4105
8689.07  -14.1496  10.4079
8689.68  -14.1168  10.4054
8690.29  -14.0845  10.4029
8690.9  -14.0527  10.4004
8691.51  -14.0213  10.3979
8692.12  -13.9904  10.3954
8692.73  -13.9599  10.3929
8693.34  -13.9298  10.3904
8693.94  -13.9001  10.3879
8694.55  -13.8709  10.3854
8695.16  -13.8420  10.3829
8695.77  -13.8135  10.3804
8696.38  -13.7854  10.3779
8696.99  -13.7577  10.3755
8697.6  -13.7303  10.3730
8698.21  -13.7033  10.3705
8698.82  -13.6766  10.3681
8699.43  -13.6502  10.3656
8700.05  -13.6241  10.3632
8700.66  -13.5984  10.3607
8701.27  -13.5730  10.3583
8701.88  -13.5478  10.3558
8702.49  -13.5230  10.3534
8703.1  -13.4985  10.3509
8703.71  -13.4742  10.3485
8704.32  -13.4502  10.3461
8704.93  -13.4265  10.3436
8705.54  -13.4030  10.3412
8706.15  -13.3798  10.3388
8706.77  -13.3569  10.3364
8707.38  -13.3342  10.3340
8707.99  -13.3117  10.3316
8708.6  -13.2895  10.3292
8709.21  -13.2675  10.3268
8709.82  -13.2458  10.3244
8710.44  -13.2242  10.3220
8711.05  -13.2029  10.3196
8711.66  -13.1818  10.3172
8712.27  -13.1610  10.3148
8712.88  -13.1403  10.3124
8713.5  -13.1198  10.3101
8714.11  -13.0995  10.3077
8714.72  -13.0795  10.3053
8715.33  -13.0596  10.3030
8715.95  -13.0399  10.3006
8716.56  -13.0204  10.2982
8717.17  -13.0011  10.2959
8717.79  -12.9820  10.2935
8718.4  -12.9630  10.2912
8719.01  -12.9442  10.2888
8719.62  -12.9256  10.2865
8720.24  -12.9072  10.2842
8720.85  -12.8889  10.2818
8721.46  -12.8708  10.2795
8722.08  -12.8528  10.2772
8722.69  -12.8350  10.2749
8723.31  -12.8174  10.2725
8723.92  -12.7999  10.2702
8724.53  -12.7825  10.2679
8725.15  -12.7653  10.2656
8725.76  -12.7483  10.2633
8726.38  -12.7314  10.2610
8726.99  -12.7146  10.2587
8727.6  -12.6980  10.2564
8728.22  -12.6815  10.2541
8728.83  -12.6652  10.2519
8729.45  -12.6490  10.2496
8730.06  -12.6329  10.2473
8730.68  -12.6169  10.2450
8731.29  -12.6011  10.2428
8793.22  -11.4589  10.0335
8856.02  -10.7955  9.8584
8919.74  -10.3446  9.7277
8984.37  -9.9735  9.6344
9049.95  -9.6907  9.5397
9116.5  -9.3501  9.4297
9184.03  -9.2045  9.3119
9252.56  -9.1230  9.1946
9322.13  -9.1124  9.0778
9392.75  -9.1922  8.9614
9464.45  -9.4120  8.8455
9516.03  -9.7281  8.7636
9516.76  -9.7342  8.7624
9517.49  -9.7403  8.7613
9518.22  -9.7465  8.7601
9518.95  -9.7527  8.7590
9519.68  -9.7590  8.7578
9520.41  -9.7654  8.7567
9521.14  -9.7719  8.7555
9521.88  -9.7784  8.7544
9522.61  -9.7849  8.7532
9523.34  -9.7916  8.7520
9524.07  -9.7983  8.7509
9524.8  -9.8050  8.7497
9525.53  -9.8119  8.7486
9526.27  -9.8188  8.7474
9527  -9.8258  8.7463
9527.73  -9.8328  8.7451
9528.46  -9.8400  8.7440
9529.19  -9.8472  8.7428
9529.93  -9.8544  8.7417
9530.66  -9.8618  8.7405
9531.39  -9.8693  8.7394
9532.12  -9.8768  8.7382
9532.86  -9.8844  8.7371
9533.59  -9.8921  8.7359
9534.32  -9.8999  8.7348
9535.06  -9.9077  8.7336
9535.79  -9.9157  8.7325
9536.52  -9.9237  8.7313
9537.26  -9.9319  8.7302
9537.99  -9.9401  8.7290
9538.72  -9.9484  8.7279
9539.46  -9.9568  8.7267
9540.19  -9.9654  8.7256
9540.93  -9.9740  8.7244
9541.66  -9.9827  8.7233
9542.4  -9.9915  8.7221
9543.13  -10.0005  8.7210
9543.86  -10.0095  8.7198
9544.6  -10.0187  8.7187
9545.33  -10.0279  8.7175
9546.07  -10.0373  8.7164
9546.8  -10.0468  8.7152
9547.54  -10.0564  8.7140
9548.27  -10.0662  8.7129
9549.01  -10.0760  8.7117
9549.75  -10.0860  8.7106
9550.48  -10.0962  8.7094
9551.22  -10.1064  8.7083
9551.95  -10.1168  8.7071
9552.69  -10.1274  8.7060
9553.42  -10.1380  8.7048
9554.16  -10.1489  8.7037
9554.9  -10.1599  8.7025
9555.63  -10.1710  8.7014
9556.37  -10.1823  8.7002
9557.11  -10.1937  8.6991
9557.84  -10.2053  8.6979
9558.58  -10.2171  8.6968
9559.32  -10.2291  8.6956
9560.05  -10.2412  8.6945
9560.79  -10.2535  8.6933
9561.53  -10.2660  8.6922
9562.27  -10.2787  8.6910
9563  -10.2916  8.6899
9563.74  -10.3047  8.6887
9564.48  -10.3180  8.6876
9565.22  -10.3315  8.6864
9565.96  -10.3452  8.6853
9566.69  -10.3592  8.6841
9567.43  -10.3734  8.6830
9568.17  -10.3878  8.6819
9568.91  -10.4025  8.6807
9569.65  -10.4174  8.6796
9570.39  -10.4326  8.6784
9571.12  -10.4480  8.6773
9571.86  -10.4638  8.6761
9572.6  -10.4798  8.6750
9573.34  -10.4961  8.6738
9574.08  -10.5128  8.6727
9574.82  -10.5297  8.6715
9575.56  -10.5470  8.6704
9576.3  -10.5646  8.6692
9577.04  -10.5826  8.6681
9577.78  -10.6010  8.6669
9578.52  -10.6197  8.6658
9579.26  -10.6388  8.6646
9580  -10.6583  8.6635
9580.74  -10.6783  8.6623
9581.48  -10.6987  8.6612
9582.22  -10.7196  8.6600
9582.96  -10.7409  8.6589
9583.7  -10.7628  8.6577
9584.44  -10.7851  8.6566
9585.18  -10.8081  8.6554
9585.92  -10.8316  8.6543
9586.67  -10.8557  8.6531
9587.41  -10.8804  8.6520
9588.15  -10.9058  8.6508
9588.89  -10.9319  8.6497
9589.63  -10.9587  8.6485
9590.37  -10.9863  8.6474
9591.12  -11.0148  8.6462
9591.86  -11.0441  8.6451
9592.6  -11.0743  8.6440
9593.34  -11.1054  8.6428
9594.08  -11.1376  8.6417
9594.83  -11.1709  8.6405
9595.57  -11.2054  8.6394
9596.31  -11.2411  8.6382
9597.05  -11.2782  8.6371
9597.8  -11.3167  8.6359
9598.54  -11.3567  8.6348
9599.28  -11.3984  8.6336
9600.03  -11.4420  8.6325
9600.77  -11.4875  8.6313
9601.51  -11.5352  8.6302
9602.26  -11.5852  8.6290
9603  -11.6378  8.6279
9603.74  -11.6933  8.6267
9604.49  -11.7519  8.6256
9605.23  -11.8142  8.6244
9605.98  -11.8804  8.6233
9606.72  -11.9512  8.6222
9607.47  -12.0271  8.6210
9608.21  -12.1091  8.6199
9608.95  -12.1981  8.6187
9609.7  -12.2953  8.6176
9610.44  -12.4024  8.6164
9611.19  -12.5218  8.6153
9611.93  -12.6563  8.6141
9612.68  -12.8104  8.6130
9613.43  -12.9906  8.6118
9614.17  -13.2076  8.6107
9614.92  -13.4800  8.6095
9615.66  -13.8458  8.6084
9616.41  -14.4035  8.6073
9617.15  -15.6163  8.6061
9617.9  -15.5774  12.0348
9618.65  -14.3942  12.0330
9619.39  -13.8378  12.0312
9620.14  -13.4698  12.0294
9620.88  -13.1940  12.0276
9621.63  -12.9733  12.0258
9622.38  -12.7891  12.0240
9623.13  -12.6310  12.0221
9623.87  -12.4925  12.0203
9624.62  -12.3691  12.0185
9625.37  -12.2579  12.0167
9626.11  -12.1567  12.0149
9626.86  -12.0637  12.0131
9627.61  -11.9778  12.0113
9628.36  -11.8979  12.0095
9629.1  -11.8232  12.0077
9629.85  -11.7530  12.0058
9630.6  -11.6869  12.0040
9631.35  -11.6244  12.0022
9632.1  -11.5650  12.0004
9632.84  -11.5086  11.9986
9633.59  -11.4547  11.9968
9634.34  -11.4033  11.9950
9635.09  -11.3540  11.9932
9635.84  -11.3067  11.9914
9636.59  -11.2612  11.9896
9637.34  -11.2174  11.9878
9638.09  -11.1752  11.9860
9638.84  -11.1344  11.9841
9639.59  -11.0950  11.9823
9640.33  -11.0569  11.9805
9641.08  -11.0199  11.9787
9641.83  -10.9841  11.9769
9642.58  -10.9493  11.9751
9643.33  -10.9154  11.9733
9644.08  -10.8825  11.9715
9644.83  -10.8505  11.9697
9645.58  -10.8193  11.9679
9646.34  -10.7889  11.9661
9647.09  -10.7592  11.9643
9647.84  -10.7302  11.9625
9648.59  -10.7019  11.9607
9649.34  -10.6743  11.9589
9650.09  -10.6473  11.9571
9650.84  -10.6208  11.9553
9651.59  -10.5949  11.9535
9652.34  -10.5696  11.9517
9653.09  -10.5447  11.9499
9653.85  -10.5204  11.9481
9654.6  -10.4965  11.9463
9655.35  -10.4730  11.9445
9656.1  -10.4501  11.9427
9656.85  -10.4275  11.9409
9657.61  -10.4053  11.9391
9658.36  -10.3835  11.9373
9659.11  -10.3621  11.9355
9659.86  -10.3411  11.9337
9660.62  -10.3204  11.9319
9661.37  -10.3000  11.9301
9662.12  -10.2800  11.9283
9662.87  -10.2602  11.9265
9663.63  -10.2408  11.9247
9664.38  -10.2217  11.9229
9665.13  -10.2028  11.9211
9665.89  -10.1843  11.9193
9666.64  -10.1660  11.9175
9667.4  -10.1480  11.9157
9668.15  -10.1302  11.9139
9668.9  -10.1126  11.9121
9669.66  -10.0954  11.9103
9670.41  -10.0783  11.9085
9671.17  -10.0615  11.9067
9671.92  -10.0448  11.9049
9672.67  -10.0284  11.9031
9673.43  -10.0122  11.9013
9674.18  -9.9962  11.8995
9674.94  -9.9804  11.8977
9675.69  -9.9648  11.8959
9676.45  -9.9494  11.8941
9677.2  -9.9342  11.8923
9677.96  -9.9191  11.8905
9678.72  -9.9043  11.8887
9679.47  -9.8895  11.8869
9680.23  -9.8750  11.8851
9680.98  -9.8606  11.8834
9681.74  -9.8464  11.8816
9682.49  -9.8323  11.8798
9683.25  -9.8184  11.8780
9684.01  -9.8046  11.8762
9684.76  -9.7910  11.8744
9685.52  -9.7775  11.8726
9686.28  -9.7642  11.8708
9687.03  -9.7510  11.8690
9687.79  -9.7379  11.8672
9688.55  -9.7249  11.8654
9689.3  -9.7121  11.8636
9690.06  -9.6994  11.8619
9690.82  -9.6869  11.8601
9691.58  -9.6744  11.8583
9692.33  -9.6621  11.8565
9693.09  -9.6499  11.8547
9693.85  -9.6378  11.8529
9694.61  -9.6258  11.8511
9695.37  -9.6139  11.8493
9696.12  -9.6021  11.8475
9696.88  -9.5904  11.8458
9697.64  -9.5789  11.8440
9698.4  -9.5674  11.8422
9699.16  -9.5560  11.8404
9699.92  -9.5448  11.8386
9700.68  -9.5336  11.8368
9701.44  -9.5225  11.8350
9702.19  -9.5115  11.8332
9702.95  -9.5006  11.8315
9703.71  -9.4898  11.8297
9704.47  -9.4791  11.8279
9705.23  -9.4685  11.8261
9705.99  -9.4579  11.8243
9706.75  -9.4475  11.8225
9707.51  -9.4371  11.8207
9708.27  -9.4268  11.8190
9709.03  -9.4166  11.8172
9709.79  -9.4064  11.8154
9710.55  -9.3964  11.8136
9711.31  -9.3864  11.8118
9712.07  -9.3765  11.8100
9712.84  -9.3667  11.8083
9713.6  -9.3569  11.8065
9714.36  -9.3472  11.8047
9715.12  -9.3376  11.8029
9715.88  -9.3280  11.8011
9716.64  -9.3186  11.7993
9717.4  -9.3092  11.7976
9718.16  -9.2998  11.7958
9718.93  -9.2905  11.7940
9719.69  -9.2813  11.7922
9720.45  -9.2722  11.7904
9721.21  -9.2631  11.7887
9721.97  -9.2541  11.7869
9722.74  -9.2451  11.7851
9723.5  -9.2362  11.7833
9724.26  -9.2274  11.7815
9762.55  -8.8485  11.6929
9840.03  -8.3310  11.5173
9918.75  -8.0147  11.3442
9998.74  -7.8844  11.1733
10007.6  -7.8857  11.1546
10008.4  -7.8860  11.1529
10009.2  -7.8864  11.1512
10010  -7.8868  11.1495
10010.8  -7.8872  11.1479
10011.7  -7.8877  11.1462
10012.5  -7.8882  11.1445
10013.3  -7.8887  11.1428
10014.1  -7.8893  11.1411
10014.9  -7.8900  11.1394
10015.7  -7.8906  11.1377
10016.5  -7.8913  11.1360
10017.3  -7.8921  11.1343
10018.1  -7.8929  11.1326
10018.9  -7.8937  11.1309
10019.7  -7.8946  11.1292
10020.6  -7.8955  11.1275
10021.4  -7.8965  11.1258
10022.2  -7.8975  11.1242
10023  -7.8986  11.1225
10023.8  -7.8997  11.1208
10024.6  -7.9008  11.1191
10025.4  -7.9020  11.1174
10026.2  -7.9033  11.1157
10027  -7.9046  11.1140
10027.9  -7.9059  11.1123
10028.7  -7.9073  11.1106
10029.5  -7.9088  11.1089
10030.3  -7.9103  11.1073
10031.1  -7.9118  11.1056
10031.9  -7.9135  11.1039
10032.7  -7.9151  11.1022
10033.5  -7.9169  11.1005
10034.3  -7.9186  11.0988
10035.2  -7.9205  11.0971
10036  -7.9224  11.0954
10036.8  -7.9244  11.0938
10037.6  -7.9264  11.0921
10038.4  -7.9285  11.0904
10039.2  -7.9306  11.0887
10040  -7.9329  11.0870
10040.8  -7.9352  11.0853
10041.7  -7.9375  11.0836
10042.5  -7.9399  11.0820
10043.3  -7.9424  11.0803
10044.1  -7.9450  11.0786
10044.9  -7.9477  11.0769
10045.7  -7.9504  11.0752
10046.5  -7.9532  11.0735
10047.4  -7.9561  11.0719
10048.2  -7.9590  11.0702
10049  -7.9621  11.0685
10049.8  -7.9652  11.0668
10050.6  -7.9684  11.0651
10051.4  -7.9717  11.0634
10052.2  -7.9751  11.0618
10053.1  -7.9786  11.0601
10053.9  -7.9822  11.0584
10054.7  -7.9859  11.0567
10055.5  -7.9897  11.0550
10056.3  -7.9936  11.0533
10057.1  -7.9975  11.0517
10057.9  -8.0016  11.0500
10058.8  -8.0059  11.0483
10059.6  -8.0102  11.0466
10060.4  -8.0146  11.0449
10061.2  -8.0192  11.0433
10062  -8.0239  11.0416
10062.8  -8.0287  11.0399
10063.7  -8.0337  11.0382
10064.5  -8.0388  11.0365
10065.3  -8.0440  11.0349
10066.1  -8.0494  11.0332
10066.9  -8.0549  11.0315
10067.8  -8.0606  11.0298
10068.6  -8.0664  11.0281
10069.4  -8.0724  11.0265
10070.2  -8.0786  11.0248
10071  -8.0849  11.0231
10071.8  -8.0914  11.0214
10072.7  -8.0982  11.0198
10073.5  -8.1051  11.0181
10074.3  -8.1122  11.0164
10075.1  -8.1195  11.0147
10075.9  -8.1271  11.0131
10076.8  -8.1349  11.0114
10077.6  -8.1429  11.0097
10078.4  -8.1512  11.0080
10079.2  -8.1597  11.0064
10080  -8.1685  11.0047
10080.8  -8.1776  11.0030
10081.7  -8.1869  11.0013
10082.5  -8.1966  10.9997
10083.3  -8.2066  10.9980
10084.1  -8.2170  10.9963
10084.9  -8.2277  10.9946
10085.8  -8.2388  10.9930
10086.6  -8.2502  10.9913
10087.4  -8.2621  10.9896
10088.2  -8.2745  10.9879
10089.1  -8.2873  10.9863
10089.9  -8.3006  10.9846
10090.7  -8.3144  10.9829
10091.5  -8.4094  10.9814
10092.3  -8.4244  10.9799
10093.2  -8.4401  10.9784
10094  -8.4564  10.9769
10094.8  -8.4735  10.9754
10095.6  -8.4914  10.9739
10096.4  -8.5101  10.9724
10097.3  -8.5298  10.9708
10098.1  -8.5505  10.9693
10098.9  -8.5723  10.9678
10099.7  -8.5953  10.9663
10100.6  -8.6196  10.9648
10101.4  -8.6455  10.9633
10102.2  -8.6730  10.9618
10103  -8.7023  10.9603
10103.9  -8.7338  10.9588
10104.7  -8.7676  10.9573
10105.5  -8.8042  10.9558
10106.3  -8.8439  10.9543
10107.1  -8.8872  10.9528
10108  -8.9350  10.9513
10108.8  -8.9881  10.9498
10109.6  -9.0477  10.9483
10110.4  -9.1155  10.9468
10111.3  -9.1941  10.9453
10112.1  -9.2872  10.9438
10112.9  -9.4011  10.9422
10113.7  -9.5474  10.9407
10114.6  -9.7511  10.9392
10115.4  -10.0861  10.9377
10116.2  -11.1589  10.9362
10117  -10.2600  12.6477
10117.9  -9.8289  12.6461
10118.7  -9.5888  12.6445
10119.5  -9.4210  12.6429
10120.3  -9.2915  12.6414
10121.2  -9.1859  12.6398
10122  -9.0964  12.6382
10122.8  -9.0188  12.6366
10123.7  -8.9501  12.6351
10124.5  -8.8884  12.6335
10125.3  -8.8324  12.6319
10126.1  -8.7810  12.6303
10127  -8.7336  12.6288
10127.8  -8.6895  12.6272
10128.6  -8.6483  12.6256
10129.4  -8.6095  12.6240
10130.3  -8.5729  12.6225
10131.1  -8.5383  12.6209
10131.9  -8.5053  12.6193
10132.8  -8.4740  12.6177
10133.6  -8.4440  12.6162
10134.4  -8.4152  12.6146
10135.2  -8.3877  12.6130
10136.1  -8.3611  12.6114
10136.9  -8.3356  12.6099
10137.7  -8.3109  12.6083
10138.6  -8.2870  12.6067
10139.4  -8.2639  12.6051
10140.2  -8.2415  12.6036
10141  -8.2198  12.6020
10141.9  -8.1987  12.6004
10142.7  -8.1782  12.5988
10143.5  -8.1582  12.5973
10144.4  -8.1387  12.5957
10145.2  -8.1197  12.5941
10146  -8.1011  12.5925
10146.8  -8.0830  12.5910
10147.7  -8.0653  12.5894
10148.5  -8.0480  12.5878
10149.3  -8.0310  12.5862
10150.2  -8.0144  12.5847
10151  -7.9981  12.5831
10151.8  -7.9821  12.5815
10152.7  -7.9665  12.5799
10153.5  -7.9511  12.5784
10154.3  -7.9360  12.5768
10155.2  -7.9211  12.5752
10156  -7.9065  12.5737
10156.8  -7.8922  12.5721
10157.7  -7.8781  12.5705
10158.5  -7.8642  12.5689
10159.3  -7.8505  12.5674
10160.2  -7.8370  12.5658
10161  -7.8237  12.5642
10161.8  -7.8107  12.5626
10162.7  -7.7978  12.5611
10163.5  -7.7850  12.5595
10164.3  -7.7725  12.5579
10165.2  -7.7601  12.5563
10166  -7.7479  12.5548
10166.8  -7.7358  12.5532
10167.7  -7.7239  12.5516
10168.5  -7.7121  12.5500
10169.3  -7.7005  12.5485
10170.2  -7.6890  12.5469
10171  -7.6777  12.5453
10171.8  -7.6664  12.5438
10172.7  -7.6553  12.5422
10173.5  -7.6443  12.5406
10174.3  -7.6335  12.5390
10175.2  -7.6227  12.5375
10176  -7.6121  12.5359
10176.8  -7.6016  12.5343
10177.7  -7.5911  12.5327
10178.5  -7.5808  12.5312
10179.3  -7.5706  12.5296
10180.2  -7.5605  12.5280
10181  -7.5505  12.5264
10181.8  -7.5405  12.5249
10182.7  -7.5307  12.5233
10183.5  -7.5209  12.5217
10184.4  -7.5113  12.5202
10185.2  -7.5017  12.5186
10186  -7.4922  12.5170
10186.9  -7.4828  12.5154
10187.7  -7.4734  12.5139
10188.5  -7.4642  12.5123
10189.4  -7.4550  12.5107
10190.2  -7.4459  12.5092
10191.1  -7.4368  12.5076
10191.9  -7.4279  12.5060
10192.7  -7.4190  12.5044
10193.6  -7.4101  12.5029
10194.4  -7.4014  12.5013
10195.2  -7.3927  12.4997
10196.1  -7.3840  12.4981
10196.9  -7.3754  12.4966
10197.8  -7.3669  12.4950
10198.6  -7.3585  12.4934
10199.4  -7.3501  12.4919
10200.3  -7.3417  12.4903
10201.1  -7.3335  12.4887
10202  -7.3252  12.4871
10202.8  -7.3171  12.4856
10203.6  -7.3089  12.4840
10204.5  -7.3009  12.4824
10205.3  -7.2929  12.4809
10206.2  -7.2849  12.4793
10207  -7.2770  12.4777
10207.8  -7.2691  12.4761
10208.7  -7.2613  12.4746
10209.5  -7.2535  12.4730
10210.4  -7.2458  12.4714
10211.2  -7.2381  12.4699
10212  -7.2305  12.4683
10212.9  -7.2229  12.4667
10213.7  -7.2154  12.4651
10214.6  -7.2079  12.4636
10215.4  -7.2004  12.4620
10216.2  -7.1930  12.4604
10217.1  -7.1856  12.4589
10217.9  -7.1783  12.4573
10218.8  -7.1710  12.4557
10219.6  -7.1637  12.4541
10220.5  -7.1565  12.4526
10221.3  -7.1493  12.4510
10222.1  -7.1421  12.4494
10223  -7.1350  12.4479
10223.8  -7.1280  12.4463
10224.7  -7.1209  12.4447
10225.5  -7.1139  12.4431
10226.4  -7.1069  12.4416
10227.2  -7.1000  12.4400
10228  -7.0931  12.4384
10228.9  -7.0862  12.4369
10229.7  -7.0794  12.4353
10230.6  -7.0726  12.4337
10231.4  -7.0658  12.4322
10232.3  -7.0591  12.4306
10233.1  -7.0524  12.4290
10234  -7.0457  12.4274
10234.8  -7.0391  12.4259
10235.6  -7.0324  12.4243
10236.5  -7.0259  12.4227
10237.3  -7.0193  12.4212
10238.2  -7.0128  12.4196
10246.6  -6.9490  12.4039
10332  -6.4153  12.2471
10418.9  -5.9931  12.0908
10507.1  -5.6334  11.9348
10597  -5.3159  11.7793
10688.3  -5.0215  11.6227
10781.2  -4.7604  11.4664
10875.8  -4.5198  11.3106
10972.1  -4.2966  11.1555
11070  -4.0883  11.0009
11169.8  -3.8932  10.8469
11271.3  -3.7055  10.6934
11374.7  -3.5328  10.5402
11480  -3.3698  10.3877
11587.3  -3.2155  10.2358
11696.6  -3.0693  10.0845
11808  -2.9306  9.9339
11921.6  -2.7989  9.7840
12037.3  -2.6737  9.6348
12155.3  -2.5547  9.4862
12275.7  -2.4414  9.3383
12398.4  -2.3336  9.1910
12523.7  -2.2259  9.0444
12651.5  -2.1283  8.8981
12781.9  -2.0354  8.7525
12915  -1.9469  8.6077
13051  -1.8628  8.4636
13189.8  -1.7816  8.3203
13331.6  -1.7056  8.1777
13476.6  -1.6333  8.0358
13624.7  -1.5646  7.8947
13776  -1.4995  7.7545
13930.8  -1.4377  7.6150
14089.1  -1.3792  7.4764
14251.1  -1.3239  7.3385
14416.8  -1.2716  7.2015
14586.4  -1.2223  7.0654
14760  -1.1757  6.9301
14937.9  -1.1321  6.7956
15120  -1.0911  6.6620
15306.7  -1.0528  6.5293
15498  -1.0171  6.3975
15694.2  -0.9838  6.2665
15895.4  -0.9530  6.1365
16101.9  -0.9245  6.0073
16313.7  -0.8983  5.8791
16531.2  -0.8744  5.7518
16754.6  -0.8527  5.6254
16984.2  -0.8331  5.5000
17220  -0.8157  5.3755
17462.6  -0.7971  5.2518
17712  -0.7839  5.1291
17968.7  -0.7727  5.0073
18233  -0.7634  4.8866
18505.1  -0.7560  4.7669
18785.5  -0.7505  4.6482
19074.5  -0.7468  4.5306
19372.6  -0.7424  4.4140
19680.1  -0.7425  4.2983
19997.5  -0.7442  4.1838
20325.3  -0.7462  4.0703
20664.1  -0.7515  3.9579
21014.3  -0.7584  3.8466
21376.6  -0.7669  3.7365
21751.6  -0.7771  3.6277
22140.1  -0.7888  3.5200
22542.6  -0.8020  3.4135
22960.1  -0.8168  3.3082
23393.3  -0.8331  3.2042
23843.1  -0.8509  3.1014
24310.7  -0.8703  2.9999
24796.9  -0.8911  2.8997
25302.9  -0.9133  2.8007
25830.1  -0.9370  2.7030
26379.6  -0.9622  2.6067
26953.1  -0.9890  2.5114
27552.1  -1.0174  2.4172
28178.3  -1.0474  2.3245
28833.6  -1.0790  2.2332
29520.1  -1.1122  2.1433
30240.1  -1.1471  2.0550
30996.1  -1.1837  1.9682
31790.9  -1.2221  1.8828
32627.5  -1.2625  1.7990
33509.3  -1.3049  1.7168
34440.1  -1.3496  1.6361
35424.1  -1.3967  1.5569
36466  -1.4466  1.4794
37571  -1.4972  1.4034
38745.1  -1.5542  1.3289
39994.9  -1.6157  1.2561
41328.1  -1.6825  1.1850
42753.2  -1.7541  1.1154
44280.1  -1.8324  1.0475
45920.1  -1.9271  0.9811
47686.3  -2.0384  0.9165
49593.7  -2.1746  0.8539
51660.1  -2.3515  0.7933
53906.2  -2.6051  0.7345
55623.3  -2.8844  0.6940
55648.3  -2.8894  0.6935
55673.3  -2.8944  0.6929
55698.3  -2.8995  0.6924
55723.3  -2.9046  0.6918
55748.4  -2.9098  0.6912
55773.4  -2.9150  0.6907
55798.5  -2.9202  0.6901
55823.7  -2.9255  0.6895
55848.8  -2.9308  0.6890
55874  -2.9361  0.6884
55899.2  -2.9415  0.6879
55924.4  -2.9470  0.6873
55949.6  -2.9525  0.6867
55974.9  -2.9580  0.6862
56000.2  -2.9636  0.6856
56025.5  -2.9693  0.6851
56050.8  -2.9750  0.6845
56076.1  -2.9807  0.6839
56101.5  -2.9865  0.6834
56126.9  -2.9924  0.6828
56152.3  -2.9983  0.6823
56177.8  -3.0042  0.6817
56203.2  -3.0103  0.6811
56228.7  -3.0163  0.6806
56254.2  -3.0225  0.6800
56279.8  -3.0286  0.6795
56305.3  -3.0349  0.6789
56330.9  -3.0412  0.6783
56356.5  -3.0476  0.6778
56382.1  -3.0540  0.6772
56407.8  -3.0605  0.6767
56433.5  -3.0670  0.6761
56459.2  -3.0737  0.6756
56484.9  -3.0804  0.6750
56510.6  -3.0871  0.6744
56536.4  -3.0940  0.6739
56562.2  -3.1009  0.6733
56588  -3.1078  0.6728
56613.9  -3.1149  0.6722
56639.7  -3.1220  0.6717
56665.6  -3.1292  0.6711
56691.5  -3.1365  0.6706
56717.4  -3.1439  0.6700
56743.4  -3.1513  0.6694
56769.4  -3.1588  0.6689
56795.4  -3.1665  0.6683
56821.4  -3.1742  0.6678
56847.5  -3.1820  0.6672
56873.6  -3.1898  0.6667
56899.7  -3.1978  0.6661
56925.8  -3.2059  0.6656
56951.9  -3.2141  0.6650
56978.1  -3.2224  0.6645
57004.3  -3.2307  0.6639
57030.5  -3.2392  0.6634
57056.8  -3.2478  0.6628
57083  -3.2565  0.6623
57109.3  -3.2653  0.6617
57135.6  -3.2743  0.6612
57162  -3.2833  0.6606
57188.4  -3.2925  0.6600
57214.7  -3.3018  0.6595
57241.2  -3.3112  0.6589
57267.6  -3.3208  0.6584
57294.1  -3.3305  0.6578
57320.5  -3.3403  0.6573
57347.1  -3.3503  0.6567
57373.6  -3.3604  0.6562
57400.2  -3.3707  0.6556
57426.7  -3.3811  0.6551
57453.4  -3.3917  0.6545
57480  -3.4024  0.6540
57506.7  -3.4134  0.6534
57533.3  -3.4244  0.6529
57560  -3.4357  0.6524
57586.8  -3.4472  0.6518
57613.5  -3.4588  0.6513
57640.3  -3.4707  0.6507
57667.1  -3.4827  0.6502
57694  -3.4950  0.6496
57720.8  -3.5075  0.6491
57747.7  -3.5202  0.6485
57774.6  -3.5331  0.6480
57801.6  -3.5463  0.6474
57828.5  -3.5597  0.6469
57855.5  -3.5734  0.6463
57882.5  -3.5873  0.6458
57909.5  -3.6016  0.6452
57936.6  -3.6161  0.6447
57963.7  -3.6309  0.6442
57990.8  -3.6460  0.6436
58017.9  -3.6615  0.6431
58045.1  -3.6773  0.6425
58072.3  -3.6934  0.6420
58099.5  -3.7099  0.6414
58126.7  -3.7268  0.6409
58154  -3.7441  0.6403
58181.3  -3.7618  0.6398
58208.6  -3.7800  0.6393
58236  -3.7986  0.6387
58263.3  -3.8177  0.6382
58290.7  -3.8373  0.6376
58318.1  -3.8574  0.6371
58345.6  -3.8781  0.6365
58373  -3.8994  0.6360
58400.5  -3.9214  0.6355
58428.1  -3.9440  0.6349
58455.6  -3.9673  0.6344
58483.2  -3.9913  0.6338
58510.8  -4.0161  0.6333
58538.4  -4.0418  0.6327
58566.1  -4.0684  0.6322
58593.7  -4.0959  0.6317
58621.4  -4.1245  0.6311
58649.2  -4.1542  0.6306
58676.9  -4.1851  0.6300
58704.7  -4.2173  0.6295
58732.5  -4.2509  0.6290
58760.4  -4.2861  0.6284
58788.2  -4.3229  0.6279
58816.1  -4.3615  0.6273
58844  -4.4021  0.6268
58872  -4.4450  0.6263
58899.9  -4.4904  0.6257
58927.9  -4.5385  0.6252
58955.9  -4.5897  0.6246
58984  -4.6445  0.6241
59012.1  -4.7034  0.6236
59040.2  -4.7669  0.6230
59068.3  -4.8358  0.6225
59096.4  -4.9113  0.6220
59124.6  -4.9945  0.6214
59152.8  -5.0872  0.6209
59181.1  -5.1918  0.6204
59209.3  -5.3117  0.6198
59237.6  -5.4522  0.6193
59265.9  -5.6214  0.6187
59294.3  -5.8340  0.6182
59322.7  -6.1198  0.6177
59351.1  -6.5560  0.6171
59379.5  -7.5041  0.6166
59407.9  -7.4725  3.3095
59436.4  -6.5378  3.3071
59464.9  -6.0984  3.3048
59493.4  -5.8075  3.3024
59522  -5.5893  3.3000
59550.6  -5.4146  3.2976
59579.2  -5.2686  3.2952
59607.9  -5.1433  3.2928
59636.5  -5.0333  3.2904
59665.2  -4.9353  3.2880
59694  -4.8470  3.2856
59722.7  -4.7665  3.2832
59751.5  -4.6925  3.2808
59780.3  -4.6241  3.2784
59809.1  -4.5605  3.2760
59838  -4.5009  3.2736
59866.9  -4.4450  3.2712
59895.8  -4.3923  3.2688
59924.8  -4.3424  3.2664
59953.7  -4.2950  3.2640
59982.7  -4.2500  3.2616
60011.8  -4.2070  3.2592
60040.8  -4.1659  3.2568
60069.9  -4.1265  3.2545
60099.1  -4.0887  3.2521
60128.2  -4.0523  3.2497
60157.4  -4.0173  3.2473
60186.6  -3.9835  3.2449
60215.8  -3.9509  3.2425
60245.1  -3.9194  3.2401
60274.4  -3.8888  3.2377
60303.7  -3.8592  3.2353
60333  -3.8305  3.2329
60362.4  -3.8027  3.2305
60391.8  -3.7756  3.2281
60421.2  -3.7492  3.2257
60450.7  -3.7235  3.2233
60480.2  -3.6985  3.2209
60509.7  -3.6742  3.2185
60539.2  -3.6504  3.2161
60568.8  -3.6272  3.2137
60598.4  -3.6045  3.2113
60628  -3.5823  3.2089
60657.7  -3.5607  3.2065
60687.4  -3.5394  3.2041
60717.1  -3.5187  3.2018
60746.9  -3.4983  3.1994
60776.6  -3.4784  3.1970
60806.4  -3.4589  3.1946
60836.3  -3.4397  3.1922
60866.1  -3.4209  3.1898
60896  -3.4025  3.1874
60926  -3.3844  3.1850
60955.9  -3.3666  3.1826
60985.9  -3.3491  3.1802
61015.9  -3.3320  3.1778
61046  -3.3151  3.1754
61076  -3.2985  3.1730
61106.1  -3.2821  3.1706
61136.3  -3.2661  3.1682
61166.4  -3.2502  3.1658
61196.6  -3.2347  3.1634
61226.8  -3.2193  3.1610
61257.1  -3.2042  3.1586
61287.4  -3.1893  3.1562
61317.7  -3.1747  3.1538
61348  -3.1602  3.1515
61378.4  -3.1459  3.1491
61408.8  -3.1319  3.1467
61439.2  -3.1180  3.1443
61469.7  -3.1043  3.1419
61500.2  -3.0908  3.1395
61530.7  -3.0775  3.1371
61561.2  -3.0643  3.1347
61591.8  -3.0513  3.1323
61622.4  -3.0385  3.1299
61653.1  -3.0259  3.1275
61683.8  -3.0133  3.1251
61714.5  -3.0010  3.1227
61745.2  -2.9888  3.1203
61776  -2.9767  3.1179
61806.8  -2.9648  3.1155
61837.6  -2.9530  3.1131
61868.4  -2.9413  3.1107
61899.3  -2.9298  3.1083
61930.2  -2.9184  3.1060
61961.2  -2.9071  3.1036
61992.2  -2.8960  3.1012
62023.2  -2.8849  3.0988
62054.2  -2.8740  3.0964
62085.3  -2.8632  3.0940
62116.4  -2.8525  3.0916
62147.5  -2.8419  3.0892
62178.7  -2.8315  3.0868
62209.9  -2.8211  3.0844
62241.1  -2.8108  3.0820
62272.4  -2.8007  3.0796
62303.7  -2.7906  3.0772
62335  -2.7717  3.0748
62366.4  -2.7619  3.0723
62397.8  -2.7521  3.0697
62429.2  -2.7424  3.0672
62460.6  -2.7328  3.0647
62492.1  -2.7233  3.0622
62523.6  -2.7139  3.0597
62555.2  -2.7046  3.0572
62586.7  -2.6953  3.0547
62618.4  -2.6861  3.0522
62650  -2.6771  3.0497
62681.7  -2.6681  3.0472
62713.4  -2.6591  3.0447
62745.1  -2.6503  3.0422
62776.9  -2.6415  3.0397
62808.7  -2.6328  3.0372
62840.5  -2.6242  3.0347
62872.4  -2.6156  3.0322
62904.3  -2.6072  3.0297
62936.2  -2.5987  3.0273
62968.2  -2.5904  3.0248
63000.2  -2.5821  3.0223
63032.2  -2.5739  3.0198
63064.3  -2.5658  3.0173
63096.4  -2.5577  3.0148
63128.5  -2.5497  3.0123
63160.6  -2.5417  3.0098
63192.8  -2.5338  3.0073
63225.1  -2.5260  3.0048
63257.3  -2.5182  3.0023
63289.6  -2.5105  2.9999
63321.9  -2.5029  2.9974
63354.3  -2.4953  2.9949
63386.7  -2.4877  2.9924
63419.1  -2.4802  2.9899
63451.6  -2.4728  2.9874
63484  -2.4654  2.9850
63516.6  -2.4581  2.9825
63549.1  -2.4508  2.9800
63581.7  -2.4436  2.9775
65254.9  -2.1360  2.8544
68880.2  -1.7158  2.6135
72932  -1.4349  2.3799
77490.2  -1.2354  2.1539
82656.2  -1.0875  1.9342
88560.2  -0.9828  1.7216
95372.6  -0.9112  1.5182
103320  -0.8658  1.3245
112713  -0.8420  1.1409
123984  -0.8242  0.9650
