4290.12  -4.7714  8.2611
4305.01  -4.7799  8.2176
4320.01  -4.7885  8.1740
4335.12  -4.7974  8.1306
4350.33  -4.8065  8.0872
4365.65  -4.8158  8.0439
4381.07  -4.8253  8.0006
4396.61  -4.8350  7.9574
4412.25  -4.8450  7.9143
4428.01  -4.8552  7.8712
4443.88  -4.8656  7.8282
4459.87  -4.8762  7.7853
4475.97  -4.8871  7.7424
4492.19  -4.8983  7.6996
4508.52  -4.9096  7.6569
4524.98  -4.9212  7.6142
4541.55  -4.9331  7.5716
4558.25  -4.9452  7.5291
4575.07  -4.9576  7.4866
4592.01  -4.9702  7.4442
4609.08  -4.9831  7.4019
4626.28  -4.9963  7.3596
4643.61  -5.0097  7.3174
4661.07  -5.0234  7.2753
4678.65  -5.0374  7.2332
4696.38  -5.0516  7.1912
4714.23  -5.0662  7.1493
4732.23  -5.0810  7.1075
4750.36  -5.0962  7.0657
4768.63  -5.1117  7.0240
4787.04  -5.1274  6.9823
4805.59  -5.1435  6.9407
4824.29  -5.1599  6.8992
4843.14  -5.1766  6.8578
4862.13  -5.1937  6.8164
4881.27  -5.2111  6.7752
4900.57  -5.2289  6.7339
4920.01  -5.2470  6.6928
4939.62  -5.2655  6.6517
4959.37  -5.2843  6.6107
4979.29  -5.3035  6.5698
4999.37  -5.3232  6.5289
5019.61  -5.3432  6.4882
5040.01  -5.3636  6.4474
5060.59  -5.3844  6.4068
5081.33  -5.4057  6.3663
5102.24  -5.4266  6.3258
5123.32  -5.4488  6.2854
5144.58  -5.4674  6.2450
5166.01  -5.4906  6.2047
5187.63  -5.5142  6.1644
5209.43  -5.5383  6.1243
5231.41  -5.5630  6.0842
5253.57  -5.5881  6.0442
5275.93  -5.6083  6.0043
5298.48  -5.6347  5.9644
5321.22  -5.6616  5.9245
5344.15  -5.6891  5.8848
5367.29  -5.7173  5.8451
5390.62  -5.7460  5.8055
5414.16  -5.7754  5.7660
5437.91  -5.8047  5.7266
5461.87  -5.8355  5.6873
5486.03  -5.8670  5.6480
5510.42  -5.8992  5.6088
5535.02  -5.9322  5.5697
5559.84  -5.9660  5.5307
5584.88  -6.0007  5.4918
5610.15  -6.0362  5.4529
5635.65  -6.0726  5.4142
5661.39  -6.1099  5.3755
5687.36  -6.1482  5.3369
5713.56  -6.1876  5.2984
5740.02  -6.2279  5.2600
5766.71  -6.2694  5.2217
5793.66  -6.3121  5.1835
5820.86  -6.3559  5.1453
5848.32  -6.4010  5.1073
5876.04  -6.4475  5.0693
5904.02  -6.4953  5.0314
5932.27  -6.5446  4.9936
5960.79  -6.5955  4.9559
5989.58  -6.6479  4.9183
6018.66  -6.7022  4.8807
6048.02  -6.7582  4.8433
6077.66  -6.8162  4.8059
6107.6  -6.8762  4.7687
6137.84  -6.9384  4.7315
6168.38  -7.0029  4.6944
6199.22  -7.0699  4.6574
6230.37  -7.1396  4.6205
6261.84  -7.2121  4.5837
6293.62  -7.2877  4.5470
6325.73  -7.3665  4.5104
6358.17  -7.4490  4.4739
6390.95  -7.5353  4.4374
6424.06  -7.6259  4.4011
6457.52  -7.7210  4.3648
6491.33  -7.8213  4.3287
6525.49  -7.9271  4.2926
6560.02  -8.0391  4.2567
6594.91  -8.1579  4.2208
6630.18  -8.2845  4.1850
6665.82  -8.4198  4.1494
6701.86  -8.5605  4.1138
6738.28  -8.7172  4.0782
6775.1  -8.8872  4.0428
6812.33  -9.0726  4.0074
6849.96  -9.2765  3.9722
6888.02  -9.5028  3.9370
6926.5  -9.7569  3.9020
6965.41  -10.0464  3.8670
7004.77  -10.3825  3.8322
7044.57  -10.7828  3.7975
7084.82  -11.2778  3.7628
7125.54  -11.9253  3.7283
7166.73  -12.8627  3.6939
7183.75  -13.4109  3.6798
7184.17  -13.4262  3.6795
7184.58  -13.4416  3.6791
7185  -13.4571  3.6788
7185.42  -13.4727  3.6784
7185.83  -13.4885  3.6781
7186.25  -13.5044  3.6778
7186.66  -13.5204  3.6774
7187.08  -13.5365  3.6771
7187.5  -13.5527  3.6767
7187.91  -13.5691  3.6764
7188.33  -13.5855  3.6760
7188.75  -13.6021  3.6757
7189.17  -13.6189  3.6754
7189.58  -13.6358  3.6750
7190  -13.6528  3.6747
7190.42  -13.6699  3.6743
7190.83  -13.6872  3.6740
7191.25  -13.7046  3.6736
7191.67  -13.7222  3.6733
7192.08  -13.7399  3.6730
7192.5  -13.7577  3.6726
7192.92  -13.7757  3.6723
7193.34  -13.7939  3.6719
7193.75  -13.8122  3.6716
7194.17  -13.8307  3.6712
7194.59  -13.8493  3.6709
7195.01  -13.8681  3.6706
7195.42  -13.8871  3.6702
7195.84  -13.9062  3.6699
7196.26  -13.9255  3.6695
7196.68  -13.9450  3.6692
7197.09  -13.9647  3.6688
7197.51  -13.9845  3.6685
7197.93  -14.0046  3.6682
7198.35  -14.0248  3.6678
7198.77  -14.0452  3.6675
7199.18  -14.0658  3.6671
7199.6  -14.0866  3.6668
7200.02  -14.1076  3.6664
7200.44  -14.1288  3.6661
7200.86  -14.1503  3.6658
7201.27  -14.1719  3.6654
7201.69  -14.1938  3.6651
7202.11  -14.2159  3.6647
7202.53  -14.2382  3.6644
7202.95  -14.2607  3.6640
7203.37  -14.2835  3.6637
7203.79  -14.3066  3.6634
7204.2  -14.3299  3.6630
7204.62  -14.3534  3.6627
7205.04  -14.3772  3.6623
7205.46  -14.4013  3.6620
7205.88  -14.4256  3.6616
7206.3  -14.4503  3.6613
7206.72  -14.4752  3.6610
7207.14  -14.5004  3.6606
7207.55  -14.5259  3.6603
7207.97  -14.5517  3.6599
7208.39  -14.5778  3.6596
7208.81  -14.6043  3.6592
7209.23  -14.6310  3.6589
7209.65  -14.6581  3.6586
7210.07  -14.6856  3.6582
7210.49  -14.7134  3.6579
7210.91  -14.7416  3.6575
7211.33  -14.7701  3.6572
7211.75  -14.7990  3.6568
7212.17  -14.8284  3.6565
7212.59  -14.8581  3.6562
7213.01  -14.8882  3.6558
7213.42  -14.9188  3.6555
7213.84  -14.9498  3.6551
7214.26  -14.9813  3.6548
7214.68  -15.0132  3.6545
7215.1  -15.0456  3.6541
7215.52  -15.0785  3.6538
7215.94  -15.1119  3.6534
7216.36  -15.1458  3.6531
7216.78  -15.1803  3.6527
7217.2  -15.2153  3.6524
7217.62  -15.2509  3.6521
7218.04  -15.2871  3.6517
7218.46  -15.3240  3.6514
7218.88  -15.3614  3.6510
7219.31  -15.3995  3.6507
7219.73  -15.4383  3.6503
7220.15  -15.4778  3.6500
7220.57  -15.5181  3.6497
7220.99  -15.5591  3.6493
7221.41  -15.6009  3.6490
7221.83  -15.6435  3.6486
7222.25  -15.6870  3.6483
7222.67  -15.7313  3.6479
7223.09  -15.7766  3.6476
7223.51  -15.8229  3.6473
7223.93  -15.8702  3.6469
7224.35  -15.9185  3.6466
7224.77  -15.9679  3.6462
7225.19  -16.0184  3.6459
7225.62  -16.0702  3.6456
7226.04  -16.1232  3.6452
7226.46  -16.1776  3.6449
7226.88  -16.2334  3.6445
7227.3  -16.2906  3.6442
7227.72  -16.3493  3.6438
7228.14  -16.4097  3.6435
7228.56  -16.4718  3.6432
7228.99  -16.5358  3.6428
7229.41  -16.6017  3.6425
7229.83  -16.6696  3.6421
7230.25  -16.7397  3.6418
7230.67  -16.8121  3.6414
7231.09  -16.8871  3.6411
7231.52  -16.9647  3.6408
7231.94  -17.0451  3.6404
7232.36  -17.1286  3.6401
7232.78  -17.2155  3.6397
7233.2  -17.3059  3.6394
7233.63  -17.4003  3.6391
7234.05  -17.4989  3.6387
7234.47  -17.6021  3.6384
7234.89  -17.7105  3.6380
7235.31  -17.8245  3.6377
7235.74  -17.9448  3.6373
7236.16  -18.0720  3.6370
7236.58  -18.2071  3.6367
7237  -18.3510  3.6363
7237.43  -18.5051  3.6360
7237.85  -18.6708  3.6356
7238.27  -18.8500  3.6353
7238.69  -19.0452  3.6350
7239.12  -19.2593  3.6346
7239.54  -19.4966  3.6343
7239.96  -19.7626  3.6339
7240.38  -20.0651  3.6336
7240.81  -20.4159  3.6332
7241.23  -20.8333  3.6329
7241.65  -21.3486  3.6326
7242.08  -22.0219  3.6322
7242.5  -22.9952  3.6319
7242.92  -24.7762  3.6315
7243.35  -28.0196  10.6107
7243.77  -23.9548  10.6093
7244.19  -22.5990  10.6079
7244.62  -21.7622  10.6065
7245.04  -21.1551  10.6051
7245.46  -20.6783  10.6037
7245.89  -20.2855  10.6022
7246.31  -19.9516  10.6008
7246.73  -19.6610  10.5994
7247.16  -19.4039  10.5980
7247.58  -19.1733  10.5966
7248  -18.9641  10.5952
7248.43  -18.7729  10.5938
7248.85  -18.5966  10.5924
7249.27  -18.4332  10.5910
7249.7  -18.2809  10.5896
7250.12  -18.1382  10.5882
7250.55  -18.0041  10.5868
7250.97  -17.8775  10.5854
7251.39  -17.7577  10.5840
7251.82  -17.6439  10.5826
7252.24  -17.5355  10.5812
7252.67  -17.4322  10.5798
7253.09  -17.3334  10.5783
7253.52  -17.2387  10.5769
7253.94  -17.1479  10.5755
7254.36  -17.0605  10.5741
7254.79  -16.9765  10.5727
7255.21  -16.8954  10.5713
7255.64  -16.8172  10.5699
7256.06  -16.7415  10.5685
7256.49  -16.6684  10.5671
7256.91  -16.5975  10.5657
7257.34  -16.5288  10.5643
7257.76  -16.4621  10.5629
7258.19  -16.3973  10.5615
7258.61  -16.3343  10.5601
7259.04  -16.2731  10.5587
7259.46  -16.2134  10.5573
7259.89  -16.1553  10.5559
7260.31  -16.0986  10.5545
7260.74  -16.0433  10.5531
7261.16  -15.9894  10.5517
7261.59  -15.9367  10.5503
7262.01  -15.8852  10.5489
7262.44  -15.8348  10.5475
7262.86  -15.7856  10.5461
7263.29  -15.7374  10.5447
7263.71  -15.6902  10.5433
7264.14  -15.6439  10.5419
7264.57  -15.5986  10.5406
7264.99  -15.5542  10.5392
7265.42  -15.5106  10.5378
7265.84  -15.4679  10.5364
7266.27  -15.4260  10.5350
7266.69  -15.3848  10.5336
7267.12  -15.3443  10.5322
7267.55  -15.3046  10.5308
7267.97  -15.2655  10.5294
7268.4  -15.2271  10.5280
7268.82  -15.1894  10.5266
7269.25  -15.1523  10.5252
7269.68  -15.1157  10.5238
7270.1  -15.0798  10.5224
7270.53  -15.0444  10.5210
7270.96  -15.0096  10.5196
7271.38  -14.9753  10.5182
7271.81  -14.9415  10.5169
7272.24  -14.9082  10.5155
7272.66  -14.8753  10.5141
7273.09  -14.8430  10.5127
7273.52  -14.8111  10.5113
7273.94  -14.7797  10.5099
7274.37  -14.7487  10.5085
7274.8  -14.7181  10.5071
7275.22  -14.6879  10.5057
7275.65  -14.6581  10.5043
7276.08  -14.6287  10.5030
7276.5  -14.5997  10.5016
7276.93  -14.5710  10.5002
7277.36  -14.5427  10.4988
7277.78  -14.5148  10.4974
7278.21  -14.4872  10.4960
7278.64  -14.4599  10.4946
7279.07  -14.4330  10.4932
7279.49  -14.4064  10.4919
7279.92  -14.3801  10.4905
7280.35  -14.3541  10.4891
7280.78  -14.3284  10.4877
7281.2  -14.3029  10.4863
7281.63  -14.2778  10.4849
7282.06  -14.2529  10.4835
7282.49  -14.2284  10.4822
7282.91  -14.2040  10.4808
7283.34  -14.1800  10.4794
7283.77  -14.1562  10.4780
7284.2  -14.1326  10.4766
7284.63  -14.1093  10.4752
7285.05  -14.0862  10.4738
7285.48  -14.0634  10.4725
7285.91  -14.0408  10.4711
7286.34  -14.0184  10.4697
7286.77  -13.9963  10.4683
7287.2  -13.9743  10.4669
7287.62  -13.9526  10.4656
7288.05  -13.9311  10.4642
7288.48  -13.9098  10.4628
7288.91  -13.8887  10.4614
7289.34  -13.8677  10.4600
7289.77  -13.8470  10.4586
7290.19  -13.8265  10.4573
7290.62  -13.8061  10.4559
7291.05  -13.7860  10.4545
7291.48  -13.7660  10.4531
7291.91  -13.7462  10.4518
7292.34  -13.7266  10.4504
7292.77  -13.7071  10.4490
7293.2  -13.6878  10.4476
7293.63  -13.6687  10.4462
7294.05  -13.6497  10.4449
7294.48  -13.6309  10.4435
7294.91  -13.6123  10.4421
7295.34  -13.5938  10.4407
7295.77  -13.5755  10.4394
7296.2  -13.5573  10.4380
7296.63  -13.5392  10.4366
7297.06  -13.5213  10.4352
7297.49  -13.5036  10.4338
7297.92  -13.4860  10.4325
7298.35  -13.4685  10.4311
7298.78  -13.4512  10.4297
7299.21  -13.4340  10.4283
7299.64  -13.4169  10.4270
7300.07  -13.4000  10.4256
7300.5  -13.3832  10.4242
7300.93  -13.3665  10.4229
7301.36  -13.3499  10.4215
7301.79  -13.3335  10.4201
7336.35  -12.3058  10.3111
7380.02  -11.4805  10.1773
7424.21  -10.9085  10.0460
7468.94  -10.4872  9.9173
7514.2  -10.1703  9.7911
7560.02  -9.9337  9.6674
7606.4  -9.9086  9.5492
7653.35  -9.7991  9.4513
7700.89  -9.7527  9.3536
7749.02  -9.7809  9.2561
7797.76  -9.9124  9.1589
7847.11  -10.2240  9.0620
7862.54  -10.3882  9.0320
7863.04  -10.3943  9.0311
7863.53  -10.4005  9.0301
7864.03  -10.4068  9.0291
7864.53  -10.4131  9.0282
7865.03  -10.4195  9.0272
7865.53  -10.4259  9.0262
7866.03  -10.4325  9.0253
7866.53  -10.4390  9.0243
7867.03  -10.4457  9.0233
7867.53  -10.4524  9.0224
7868.03  -10.4592  9.0214
7868.52  -10.4660  9.0204
7869.02  -10.4729  9.0195
7869.52  -10.4799  9.0185
7870.02  -10.4870  9.0175
7870.52  -10.4942  9.0166
7871.02  -10.5014  9.0156
7871.52  -10.5087  9.0146
7872.02  -10.5161  9.0137
7872.52  -10.5235  9.0127
7873.02  -10.5311  9.0117
7873.52  -10.5387  9.0108
7874.02  -10.5464  9.0098
7874.52  -10.5542  9.0088
7875.02  -10.5621  9.0079
7875.52  -10.5700  9.0069
7876.02  -10.5781  9.0059
7876.52  -10.5862  9.0050
7877.02  -10.5945  9.0040
7877.52  -10.6028  9.0030
7878.02  -10.6113  9.0021
7878.52  -10.6198  9.0011
7879.03  -10.6284  9.0001
7879.53  -10.6372  8.9992
7880.03  -10.6460  8.9982
7880.53  -10.6550  8.9972
7881.03  -10.6640  8.9963
7881.53  -10.6732  8.9953
7882.03  -10.6825  8.9943
7882.53  -10.6919  8.9934
7883.03  -10.7014  8.9924
7883.53  -10.7111  8.9914
7884.04  -10.7208  8.9905
7884.54  -10.7307  8.9895
7885.04  -10.7408  8.9885
7885.54  -10.7509  8.9876
7886.04  -10.7612  8.9866
7886.54  -10.7716  8.9856
7887.04  -10.7822  8.9847
7887.55  -10.7929  8.9837
7888.05  -10.8038  8.9827
7888.55  -10.8148  8.9818
7889.05  -10.8259  8.9808
7889.55  -10.8373  8.9799
7890.06  -10.8487  8.9789
7890.56  -10.8604  8.9779
7891.06  -10.8722  8.9770
7891.56  -10.8842  8.9760
7892.07  -10.8964  8.9750
7892.57  -10.9087  8.9741
7893.07  -10.9213  8.9731
7893.57  -10.9340  8.9721
7894.08  -10.9470  8.9712
7894.58  -10.9601  8.9702
7895.08  -10.9734  8.9692
7895.58  -10.9870  8.9683
7896.09  -11.0008  8.9673
7896.59  -11.0148  8.9663
7897.09  -11.0291  8.9654
7897.6  -11.0436  8.9644
7898.1  -11.0583  8.9634
7898.6  -11.0733  8.9625
7899.1  -11.0886  8.9615
7899.61  -11.1041  8.9605
7900.11  -11.1200  8.9596
7900.61  -11.1361  8.9586
7901.12  -11.1525  8.9577
7901.62  -11.1692  8.9567
7902.13  -11.1863  8.9557
7902.63  -11.2037  8.9548
7903.13  -11.2214  8.9538
7903.64  -11.2395  8.9528
7904.14  -11.2580  8.9519
7904.64  -11.2769  8.9509
7905.15  -11.2961  8.9499
7905.65  -11.3158  8.9490
7906.16  -11.3359  8.9480
7906.66  -11.3565  8.9470
7907.16  -11.3775  8.9461
7907.67  -11.3991  8.9451
7908.17  -11.4211  8.9441
7908.68  -11.4437  8.9432
7909.18  -11.4669  8.9422
7909.69  -11.4906  8.9413
7910.19  -11.5150  8.9403
7910.7  -11.5400  8.9393
7911.2  -11.5657  8.9384
7911.71  -11.5921  8.9374
7912.21  -11.6192  8.9364
7912.72  -11.6472  8.9355
7913.22  -11.6760  8.9345
7913.73  -11.7057  8.9335
7914.23  -11.7363  8.9326
7914.74  -11.7680  8.9316
7915.24  -11.8007  8.9307
7915.75  -11.8346  8.9297
7916.25  -11.8696  8.9287
7916.76  -11.9060  8.9278
7917.26  -11.9438  8.9268
7917.77  -11.9831  8.9258
7918.27  -12.0240  8.9249
7918.78  -12.0666  8.9239
7919.29  -12.1112  8.9229
7919.79  -12.1579  8.9220
7920.3  -12.2068  8.9210
7920.8  -12.2582  8.9200
7921.31  -12.3124  8.9191
7921.82  -12.3697  8.9181
7922.32  -12.4304  8.9172
7922.83  -12.4949  8.9162
7923.33  -12.5638  8.9152
7923.84  -12.6377  8.9143
7924.35  -12.7172  8.9133
7924.85  -12.8034  8.9123
7925.36  -12.8975  8.9114
7925.87  -13.0009  8.9104
7926.37  -13.1157  8.9094
7926.88  -13.2446  8.9085
7927.39  -13.3917  8.9075
7927.89  -13.5627  8.9066
7928.4  -13.7667  8.9056
7928.91  -14.0197  8.9046
7929.42  -14.3523  8.9037
7929.92  -14.8381  8.9027
7930.43  -15.7519  8.9017
7930.94  -16.9304  12.2938
7931.44  -15.2032  12.2924
7931.95  -14.5677  12.2911
7932.46  -14.1691  12.2897
7932.97  -13.8776  12.2884
7933.47  -13.6476  12.2870
7933.98  -13.4574  12.2857
7934.49  -13.2953  12.2843
7935  -13.1539  12.2829
7935.51  -13.0285  12.2816
7936.01  -12.9158  12.2802
7936.52  -12.8134  12.2789
7937.03  -12.7196  12.2775
7937.54  -12.6330  12.2762
7938.05  -12.5527  12.2748
7938.55  -12.4776  12.2735
7939.06  -12.4072  12.2721
7939.57  -12.3409  12.2708
7940.08  -12.2783  12.2694
7940.59  -12.2189  12.2680
7941.1  -12.1624  12.2667
7941.61  -12.1086  12.2653
7942.11  -12.0572  12.2640
7942.62  -12.0080  12.2626
7943.13  -11.9608  12.2613
7943.64  -11.9154  12.2599
7944.15  -11.8717  12.2586
7944.66  -11.8296  12.2572
7945.17  -11.7890  12.2559
7945.68  -11.7497  12.2545
7946.19  -11.7117  12.2532
7946.7  -11.6749  12.2518
7947.2  -11.6392  12.2505
7947.71  -11.6045  12.2491
7948.22  -11.5709  12.2477
7948.73  -11.5381  12.2464
7949.24  -11.5062  12.2450
7949.75  -11.4752  12.2437
7950.26  -11.4449  12.2423
7950.77  -11.4154  12.2410
7951.28  -11.3866  12.2396
7951.79  -11.3585  12.2383
7952.3  -11.3310  12.2369
7952.81  -11.3041  12.2356
7953.32  -11.2778  12.2342
7953.83  -11.2520  12.2329
7954.34  -11.2268  12.2315
7954.85  -11.2021  12.2302
7955.36  -11.1778  12.2288
7955.87  -11.1541  12.2275
7956.38  -11.1308  12.2261
7956.9  -11.1079  12.2248
7957.41  -11.0855  12.2234
7957.92  -11.0634  12.2221
7958.43  -11.0417  12.2207
7958.94  -11.0204  12.2194
7959.45  -10.9995  12.2180
7959.96  -10.9789  12.2167
7960.47  -10.9586  12.2153
7960.98  -10.9387  12.2140
7961.49  -10.9191  12.2126
7962.01  -10.8997  12.2113
7962.52  -10.8807  12.2099
7963.03  -10.8619  12.2086
7963.54  -10.8435  12.2072
7964.05  -10.8253  12.2059
7964.56  -10.8073  12.2045
7965.07  -10.7896  12.2032
7965.59  -10.7721  12.2018
7966.1  -10.7549  12.2005
7966.61  -10.7379  12.1991
7967.12  -10.7211  12.1978
7967.63  -10.7046  12.1964
7968.15  -10.6882  12.1951
7968.66  -10.6721  12.1937
7969.17  -10.6562  12.1924
7969.68  -10.6404  12.1910
7970.19  -10.6248  12.1897
7970.71  -10.6095  12.1883
7971.22  -10.5943  12.1870
7971.73  -10.5793  12.1856
7972.24  -10.5644  12.1843
7972.76  -10.5497  12.1829
7973.27  -10.5352  12.1816
7973.78  -10.5209  12.1802
7974.3  -10.5067  12.1789
7974.81  -10.4926  12.1775
7975.32  -10.4787  12.1762
7975.83  -10.4650  12.1748
7976.35  -10.4513  12.1735
7976.86  -10.4379  12.1721
7977.37  -10.4245  12.1708
7977.89  -10.4113  12.1694
7978.4  -10.3983  12.1681
7978.91  -10.3853  12.1667
7979.43  -10.3725  12.1654
7979.94  -10.3598  12.1641
7980.45  -10.3472  12.1627
7980.97  -10.3347  12.1614
7981.48  -10.3224  12.1600
7982  -10.3102  12.1587
7982.51  -10.2980  12.1573
7983.02  -10.2860  12.1560
7983.54  -10.2741  12.1546
7984.05  -10.2623  12.1533
7984.57  -10.2506  12.1519
7985.08  -10.2390  12.1506
7985.59  -10.2275  12.1492
7986.11  -10.2161  12.1479
7986.62  -10.2048  12.1465
7987.14  -10.1936  12.1452
7987.65  -10.1825  12.1439
7988.17  -10.1714  12.1425
7988.68  -10.1605  12.1412
7989.2  -10.1496  12.1398
7989.71  -10.1389  12.1385
7990.23  -10.1282  12.1371
7990.74  -10.1176  12.1358
7991.26  -10.1071  12.1344
7991.77  -10.0966  12.1331
7992.29  -10.0863  12.1317
7992.8  -10.0760  12.1304
7993.32  -10.0658  12.1291
7993.83  -10.0556  12.1277
7994.35  -10.0456  12.1264
7994.86  -10.0356  12.1250
7995.38  -10.0257  12.1237
7995.89  -10.0159  12.1223
7996.41  -10.0061  12.1210
7996.93  -9.9964  12.1196
7997.44  -9.9868  12.1183
7997.96  -9.9772  12.1170
7998.47  -9.9677  12.1156
7998.99  -9.9582  12.1143
7999.51  -9.9489  12.1129
8000.02  -9.9396  12.1116
8000.54  -9.9303  12.1102
8001.05  -9.9211  12.1089
8001.57  -9.9120  12.1075
8002.09  -9.9029  12.1062
8002.6  -9.8939  12.1049
8003.12  -9.8850  12.1035
8003.64  -9.8761  12.1022
8004.15  -9.8673  12.1008
8050.93  -9.2386  11.9803
8103.55  -8.7683  11.8472
8156.86  -8.4342  11.7150
8210.88  -8.2056  11.5836
8265.62  -8.0903  11.4531
8310.5  -8.1306  11.3480
8311.06  -8.1324  11.3467
8311.61  -8.1342  11.3454
8312.17  -8.1361  11.3441
8312.73  -8.1380  11.3428
8313.29  -8.1399  11.3415
8313.84  -8.1419  11.3403
8314.4  -8.1440  11.3390
8314.96  -8.1461  11.3377
8315.52  -8.1482  11.3364
8316.07  -8.1504  11.3351
8316.63  -8.1527  11.3338
8317.19  -8.1550  11.3325
8317.75  -8.1573  11.3312
8318.31  -8.1598  11.3299
8318.86  -8.1622  11.3286
8319.42  -8.1647  11.3273
8319.98  -8.1673  11.3260
8320.54  -8.1699  11.3247
8321.1  -8.1726  11.3234
8321.66  -8.1904  11.3222
8322.21  -8.1932  11.3209
8322.77  -8.1961  11.3196
8323.33  -8.1990  11.3184
8323.89  -8.2020  11.3171
8324.45  -8.2051  11.3158
8325.01  -8.2082  11.3146
8325.57  -8.2114  11.3133
8326.13  -8.2147  11.3120
8326.69  -8.2180  11.3108
8327.24  -8.2214  11.3095
8327.8  -8.2249  11.3082
8328.36  -8.2285  11.3070
8328.92  -8.2321  11.3057
8329.48  -8.2359  11.3044
8330.04  -8.2397  11.3032
8330.6  -8.2436  11.3019
8331.16  -8.2476  11.3006
8331.72  -8.2516  11.2994
8332.28  -8.2558  11.2981
8332.84  -8.2601  11.2969
8333.4  -8.2644  11.2956
8333.96  -8.2689  11.2943
8334.52  -8.2734  11.2931
8335.08  -8.2781  11.2918
8335.64  -8.2828  11.2905
8336.2  -8.2877  11.2893
8336.76  -8.2927  11.2880
8337.32  -8.2978  11.2867
8337.88  -8.3030  11.2855
8338.45  -8.3084  11.2842
8339.01  -8.3138  11.2829
8339.57  -8.3194  11.2817
8340.13  -8.3252  11.2804
8340.69  -8.3310  11.2791
8341.25  -8.3370  11.2779
8341.81  -8.3432  11.2766
8342.37  -8.3495  11.2753
8342.93  -8.3560  11.2741
8343.5  -8.3626  11.2728
8344.06  -8.3694  11.2715
8344.62  -8.3764  11.2703
8345.18  -8.3835  11.2690
8345.74  -8.3908  11.2677
8346.3  -8.3984  11.2665
8346.87  -8.4061  11.2652
8347.43  -8.4140  11.2639
8347.99  -8.4222  11.2627
8348.55  -8.4306  11.2614
8349.11  -8.4392  11.2602
8349.68  -8.4480  11.2589
8350.24  -8.4571  11.2576
8350.8  -8.4665  11.2564
8351.36  -8.4761  11.2551
8351.93  -8.4861  11.2538
8352.49  -8.4963  11.2526
8353.05  -8.5069  11.2513
8353.61  -8.5178  11.2500
8354.18  -8.5290  11.2488
8354.74  -8.5406  11.2475
8355.3  -8.5526  11.2462
8355.87  -8.5650  11.2450
8356.43  -8.5778  11.2437
8356.99  -8.5911  11.2424
8357.56  -8.6049  11.2412
8358.12  -8.6192  11.2399
8358.68  -8.6340  11.2386
8359.25  -8.6494  11.2374
8359.81  -8.6655  11.2361
8360.37  -8.6822  11.2349
8360.94  -8.6996  11.2336
8361.5  -8.7178  11.2323
8362.07  -8.7368  11.2311
8362.63  -8.7567  11.2298
8363.19  -8.7775  11.2285
8363.76  -8.7995  11.2273
8364.32  -8.8226  11.2260
8364.89  -8.8469  11.2247
8365.45  -8.8727  11.2235
8366.02  -8.9000  11.2222
8366.58  -8.9290  11.2209
8367.14  -8.9600  11.2197
8367.71  -8.9932  11.2184
8368.27  -9.0289  11.2172
8368.84  -9.0674  11.2159
8369.4  -9.1093  11.2146
8369.97  -9.1551  11.2134
8370.53  -9.2056  11.2121
8371.1  -9.2618  11.2108
8371.66  -9.3250  11.2096
8372.23  -9.3971  11.2083
8372.79  -9.4810  11.2070
8373.36  -9.5809  11.2058
8373.93  -9.7043  11.2045
8374.49  -9.8653  11.2033
8375.06  -10.0959  11.2020
8375.62  -10.5044  11.2007
8376.19  -11.7841  12.9435
8376.75  -10.4017  12.9422
8377.32  -10.0377  12.9409
8377.89  -9.8180  12.9396
8378.45  -9.6596  12.9383
8379.02  -9.5354  12.9369
8379.59  -9.4331  12.9356
8380.15  -9.3459  12.9343
8380.72  -9.2700  12.9330
8381.28  -9.2025  12.9316
8381.85  -9.1419  12.9303
8382.42  -9.0867  12.9290
8382.98  -9.0360  12.9277
8383.55  -8.9892  12.9264
8384.12  -8.9456  12.9250
8384.69  -8.9048  12.9237
8385.25  -8.8665  12.9224
8385.82  -8.8303  12.9211
8386.39  -8.7960  12.9198
8386.95  -8.7634  12.9184
8387.52  -8.7324  12.9171
8388.09  -8.7027  12.9158
8388.66  -8.6743  12.9145
8389.22  -8.6471  12.9132
8389.79  -8.6208  12.9118
8390.36  -8.5956  12.9105
8390.93  -8.5712  12.9092
8391.5  -8.5476  12.9079
8392.06  -8.5248  12.9065
8392.63  -8.5027  12.9052
8393.2  -8.4813  12.9039
8393.77  -8.4605  12.9026
8394.34  -8.4402  12.9013
8394.9  -8.4205  12.8999
8395.47  -8.4013  12.8986
8396.04  -8.3826  12.8973
8396.61  -8.3644  12.8960
8397.18  -8.3466  12.8947
8397.75  -8.3291  12.8933
8398.32  -8.3121  12.8920
8398.89  -8.2954  12.8907
8399.45  -8.2791  12.8894
8400.02  -8.2631  12.8881
8400.59  -8.2474  12.8867
8401.16  -8.2321  12.8854
8401.73  -8.2170  12.8841
8402.3  -8.2022  12.8828
8402.87  -8.1876  12.8815
8403.44  -8.1733  12.8801
8404.01  -8.1593  12.8788
8404.58  -8.1455  12.8775
8405.15  -8.1319  12.8762
8405.72  -8.1185  12.8749
8406.29  -8.1053  12.8735
8406.86  -8.0924  12.8722
8407.43  -8.0796  12.8709
8408  -8.0670  12.8696
8408.57  -8.0546  12.8683
8409.14  -8.0423  12.8669
8409.71  -8.0303  12.8656
8410.28  -8.0183  12.8643
8410.85  -8.0066  12.8630
8411.42  -7.9950  12.8617
8411.99  -7.9835  12.8603
8412.56  -7.9722  12.8590
8413.13  -7.9610  12.8577
8413.7  -7.9500  12.8564
8414.28  -7.9390  12.8550
8414.85  -7.9282  12.8537
8415.42  -7.9176  12.8524
8415.99  -7.9070  12.8511
8416.56  -7.8966  12.8498
8417.13  -7.8863  12.8484
8417.7  -7.8760  12.8471
8418.27  -7.8659  12.8458
8418.85  -7.8559  12.8445
8419.42  -7.8460  12.8432
8419.99  -7.8362  12.8418
8420.56  -7.8265  12.8405
8421.13  -7.8169  12.8392
8421.71  -7.8073  12.8379
8422.28  -7.7979  12.8366
8422.85  -7.7885  12.8353
8423.42  -7.7793  12.8339
8423.99  -7.7701  12.8326
8424.57  -7.7610  12.8313
8425.14  -7.7519  12.8300
8425.71  -7.7430  12.8287
8426.28  -7.7341  12.8273
8426.86  -7.7253  12.8260
8427.43  -7.7166  12.8247
8428  -7.7079  12.8234
8428.58  -7.6993  12.8221
8429.15  -7.6908  12.8207
8429.72  -7.6823  12.8194
8430.29  -7.6740  12.8181
8430.87  -7.6656  12.8168
8431.44  -7.6574  12.8155
8432.01  -7.6492  12.8141
8432.59  -7.6410  12.8128
8433.16  -7.6329  12.8115
8433.74  -7.6249  12.8102
8434.31  -7.6169  12.8089
8434.88  -7.6090  12.8075
8435.46  -7.6011  12.8062
8436.03  -7.5933  12.8049
8436.6  -7.5856  12.8036
8437.18  -7.5779  12.8023
8437.75  -7.5702  12.8009
8438.33  -7.5626  12.7996
8438.9  -7.5550  12.7983
8439.48  -7.5475  12.7970
8440.05  -7.5401  12.7957
8440.63  -7.5326  12.7943
8441.2  -7.5253  12.7930
8441.77  -7.5179  12.7917
8442.35  -7.5106  12.7904
8442.92  -7.5034  12.7891
8443.5  -7.4962  12.7878
8444.07  -7.4891  12.7864
8444.65  -7.4819  12.7851
8445.22  -7.4749  12.7838
8445.8  -7.4678  12.7825
8446.38  -7.4608  12.7812
8446.95  -7.4539  12.7798
8447.53  -7.4469  12.7785
8448.1  -7.4401  12.7772
8448.68  -7.4332  12.7759
8449.25  -7.4264  12.7746
8449.83  -7.4196  12.7732
8450.41  -7.4129  12.7719
8450.98  -7.4062  12.7706
8451.56  -7.3995  12.7693
8452.13  -7.3929  12.7680
8452.71  -7.3863  12.7667
8453.29  -7.3797  12.7653
8453.86  -7.3732  12.7640
8454.44  -7.3667  12.7627
8455.02  -7.3602  12.7614
8455.59  -7.3537  12.7601
8456.17  -7.3473  12.7587
8456.75  -7.3410  12.7574
8457.32  -7.3346  12.7561
8457.9  -7.3283  12.7548
8458.48  -7.3220  12.7535
8459.05  -7.3157  12.7521
8459.63  -7.3095  12.7508
8460.21  -7.3033  12.7495
8460.79  -7.2971  12.7482
8461.36  -7.2909  12.7469
8461.94  -7.2848  12.7456
8462.52  -7.2787  12.7442
8463.1  -7.2726  12.7429
8463.67  -7.2666  12.7416
8464.25  -7.2605  12.7403
8464.83  -7.2545  12.7390
8465.41  -7.2486  12.7376
8465.98  -7.2426  12.7363
8466.56  -7.2367  12.7350
8467.14  -7.2308  12.7337
8467.72  -7.2249  12.7324
8468.3  -7.2191  12.7311
8468.88  -7.2132  12.7297
8492.08  -6.9963  12.6770
8550.64  -6.5482  12.5454
8610.02  -6.1787  12.4140
8670.23  -5.8571  12.2829
8731.29  -5.5689  12.1519
8793.22  -5.3064  12.0212
8856.02  -5.0637  11.8908
8919.74  -4.8360  11.7595
8984.37  -4.6213  11.6263
9049.95  -4.4211  11.4935
9116.5  -4.2329  11.3612
9184.03  -4.0551  11.2293
9252.56  -3.8853  11.0978
9322.13  -3.7253  10.9669
9392.75  -3.5731  10.8363
9464.45  -3.4287  10.7063
9537.26  -3.2902  10.5768
9611.19  -3.1577  10.4477
9686.28  -3.0310  10.3191
9762.55  -2.9096  10.1910
9840.03  -2.7933  10.0633
9918.75  -2.6818  9.9362
9998.74  -2.5748  9.8095
10080  -2.4722  9.6833
10162.7  -2.3736  9.5576
10246.6  -2.2789  9.4324
10332  -2.1844  9.3076
10418.9  -2.0971  9.1831
10507.1  -2.0134  9.0591
10597  -1.9329  8.9357
10688.3  -1.8556  8.8128
10781.2  -1.7814  8.6904
10875.8  -1.7102  8.5686
10972.1  -1.6414  8.4472
11070  -1.5758  8.3265
11169.8  -1.5129  8.2063
11271.3  -1.4526  8.0866
11374.7  -1.3948  7.9675
11480  -1.3394  7.8490
11587.3  -1.2864  7.7311
11696.6  -1.2357  7.6137
11808  -1.1873  7.4969
11921.6  -1.1410  7.3807
12037.3  -1.0969  7.2651
12155.3  -1.0548  7.1501
12275.7  -1.0147  7.0357
12398.4  -0.9767  6.9219
12523.7  -0.9405  6.8087
12651.5  -0.9062  6.6962
12781.9  -0.8738  6.5842
12915  -0.8431  6.4729
13051  -0.8142  6.3622
13189.8  -0.7870  6.2521
13331.6  -0.7615  6.1427
13476.6  -0.7377  6.0340
13624.7  -0.7155  5.9259
13776  -0.6948  5.8184
13930.8  -0.6757  5.7116
14089.1  -0.6581  5.6055
14251.1  -0.6421  5.5001
14416.8  -0.6275  5.3953
14586.4  -0.6097  5.2910
14760  -0.5982  5.1874
14937.9  -0.5880  5.0844
15120  -0.5792  4.9822
15306.7  -0.5718  4.8807
15498  -0.5657  4.7800
15694.2  -0.5609  4.6800
15895.4  -0.5536  4.5807
16101.9  -0.5515  4.4820
16313.7  -0.5507  4.3840
16531.2  -0.5514  4.2868
16754.6  -0.5506  4.1905
16984.2  -0.5535  4.0947
17220  -0.5576  3.9998
17462.6  -0.5629  3.9057
17712  -0.5693  3.8125
17968.7  -0.5769  3.7201
18233  -0.5856  3.6285
18505.1  -0.5954  3.5378
18785.5  -0.6063  3.4479
19074.5  -0.6183  3.3590
19372.6  -0.6313  3.2709
19680.1  -0.6455  3.1837
19997.5  -0.6606  3.0973
20325.3  -0.6769  3.0119
20664.1  -0.6941  2.9274
21014.3  -0.7125  2.8438
21376.6  -0.7318  2.7611
21751.6  -0.7522  2.6794
22140.1  -0.7736  2.5986
22542.6  -0.7961  2.5187
22960.1  -0.8196  2.4398
23393.3  -0.8442  2.3619
23843.1  -0.8699  2.2849
24310.7  -0.8967  2.2089
24796.9  -0.9246  2.1340
25302.9  -0.9537  2.0600
25830.1  -0.9840  1.9870
26379.6  -1.0155  1.9151
26953.1  -1.0485  1.8441
27552.1  -1.0830  1.7740
28178.3  -1.1191  1.7050
28833.6  -1.1567  1.6372
29520.1  -1.1960  1.5704
30240.1  -1.2373  1.5049
30996.1  -1.2806  1.4404
31790.9  -1.3238  1.3771
32627.5  -1.3724  1.3148
33509.3  -1.4241  1.2537
34440.1  -1.4770  1.1939
35424.1  -1.5370  1.1351
36466  -1.5979  1.0775
37571  -1.6705  1.0209
38745.1  -1.7519  0.9656
39994.9  -1.8451  0.9116
41328.1  -1.9548  0.8590
42753.2  -2.0887  0.8078
44280.1  -2.2615  0.7580
45920.1  -2.5045  0.7095
47521.8  -2.8591  0.6666
47540  -2.8643  0.6662
47558.2  -2.8695  0.6657
47576.5  -2.8748  0.6652
47594.8  -2.8802  0.6648
47613  -2.8855  0.6643
47631.3  -2.8909  0.6638
47649.6  -2.8964  0.6634
47668  -2.9019  0.6629
47686.3  -2.9075  0.6625
47704.6  -2.9131  0.6620
47723  -2.9187  0.6615
47741.4  -2.9244  0.6611
47759.8  -2.9302  0.6606
47778.2  -2.9360  0.6601
47796.6  -2.9418  0.6597
47815  -2.9477  0.6592
47833.5  -2.9537  0.6588
47851.9  -2.9597  0.6583
47870.4  -2.9657  0.6578
47888.9  -2.9719  0.6574
47907.4  -2.9780  0.6569
47925.9  -2.9842  0.6564
47944.4  -2.9905  0.6560
47963  -2.9969  0.6555
47981.6  -3.0033  0.6551
48000.1  -3.0097  0.6546
48018.7  -3.0163  0.6541
48037.3  -3.0228  0.6537
48055.9  -3.0295  0.6532
48074.6  -3.0362  0.6528
48093.2  -3.0430  0.6523
48111.9  -3.0498  0.6518
48130.6  -3.0568  0.6514
48149.3  -3.0638  0.6509
48168  -3.0708  0.6505
48186.7  -3.0780  0.6500
48205.4  -3.0852  0.6495
48224.2  -3.0925  0.6491
48242.9  -3.0998  0.6486
48261.7  -3.1073  0.6482
48280.5  -3.1148  0.6477
48299.3  -3.1224  0.6472
48318.1  -3.1301  0.6468
48337  -3.1379  0.6463
48355.8  -3.1457  0.6459
48374.7  -3.1537  0.6454
48393.6  -3.1617  0.6449
48412.5  -3.1699  0.6445
48431.4  -3.1781  0.6440
48450.3  -3.1864  0.6436
48469.3  -3.1949  0.6431
48488.2  -3.2034  0.6427
48507.2  -3.2121  0.6422
48526.2  -3.2208  0.6417
48545.2  -3.2297  0.6413
48564.2  -3.2386  0.6408
48583.2  -3.2477  0.6404
48602.3  -3.2569  0.6399
48621.3  -3.2663  0.6395
48640.4  -3.2757  0.6390
48659.5  -3.2853  0.6385
48678.6  -3.2950  0.6381
48697.7  -3.3048  0.6376
48716.8  -3.3148  0.6372
48736  -3.3249  0.6367
48755.1  -3.3352  0.6363
48774.3  -3.3456  0.6358
48793.5  -3.3562  0.6354
48812.7  -3.3669  0.6349
48832  -3.3778  0.6344
48851.2  -3.3888  0.6340
48870.5  -3.4000  0.6335
48889.7  -3.4114  0.6331
48909  -3.4230  0.6326
48928.3  -3.4348  0.6322
48947.6  -3.4467  0.6317
48967  -3.4589  0.6313
48986.3  -3.4713  0.6308
49005.7  -3.4838  0.6304
49025  -3.4966  0.6299
49044.4  -3.5096  0.6295
49063.8  -3.5229  0.6290
49083.3  -3.5364  0.6285
49102.7  -3.5501  0.6281
49122.2  -3.5641  0.6276
49141.6  -3.5784  0.6272
49161.1  -3.5930  0.6267
49180.6  -3.6078  0.6263
49200.1  -3.6230  0.6258
49219.7  -3.6384  0.6254
49239.2  -3.6542  0.6249
49258.8  -3.6703  0.6245
49278.4  -3.6868  0.6240
49297.9  -3.7036  0.6236
49317.6  -3.7209  0.6231
49337.2  -3.7385  0.6227
49356.8  -3.7565  0.6222
49376.5  -3.7750  0.6218
49396.2  -3.7939  0.6213
49415.8  -3.8134  0.6209
49435.5  -3.8333  0.6204
49455.3  -3.8537  0.6200
49475  -3.8748  0.6195
49494.7  -3.8964  0.6191
49514.5  -3.9186  0.6186
49534.3  -3.9415  0.6182
49554.1  -3.9650  0.6177
49573.9  -3.9893  0.6173
49593.7  -4.0144  0.6168
49613.6  -4.0403  0.6164
49633.4  -4.0671  0.6159
49653.3  -4.0949  0.6155
49673.2  -4.1237  0.6150
49693.1  -4.1535  0.6146
49713  -4.1845  0.6141
49733  -4.2168  0.6137
49752.9  -4.2504  0.6132
49772.9  -4.2855  0.6128
49792.9  -4.3222  0.6123
49812.9  -4.3607  0.6119
49832.9  -4.4011  0.6114
49853  -4.4436  0.6110
49873  -4.4885  0.6105
49893.1  -4.5359  0.6101
49913.2  -4.5863  0.6097
49933.3  -4.6401  0.6092
49953.4  -4.6975  0.6088
49973.5  -4.7593  0.6083
49993.7  -4.8260  0.6079
50013.9  -4.8986  0.6074
50034  -4.9780  0.6070
50054.2  -5.0659  0.6065
50074.5  -5.1639  0.6061
50094.7  -5.2749  0.6056
50114.9  -5.4026  0.6052
50135.2  -5.5529  0.6047
50155.5  -5.7353  0.6043
50175.8  -5.9673  0.6039
50196.1  -6.2853  0.6034
50216.4  -6.7925  0.6030
50236.8  -8.1446  0.6025
50257.1  -7.2853  3.3721
50277.5  -6.5187  3.3700
50297.9  -6.1126  3.3679
50318.3  -5.8340  3.3658
50338.8  -5.6215  3.3637
50359.2  -5.4495  3.3615
50379.7  -5.3049  3.3594
50400.1  -5.1801  3.3573
50420.6  -5.0702  3.3552
50441.1  -4.9721  3.3531
50461.7  -4.8834  3.3510
50482.2  -4.8024  3.3489
50502.8  -4.7280  3.3468
50523.4  -4.6590  3.3447
50544  -4.5948  3.3426
50564.6  -4.5346  3.3405
50585.2  -4.4781  3.3384
50605.9  -4.4248  3.3363
50626.5  -4.3743  3.3341
50647.2  -4.3264  3.3320
50667.9  -4.2807  3.3299
50688.6  -4.2372  3.3278
50709.3  -4.1955  3.3257
50730.1  -4.1556  3.3236
50750.9  -4.1172  3.3215
50771.6  -4.0803  3.3194
50792.4  -4.0448  3.3173
50813.3  -4.0106  3.3152
50834.1  -3.9775  3.3131
50854.9  -3.9455  3.3110
50875.8  -3.9145  3.3089
50896.7  -3.8844  3.3068
50917.6  -3.8553  3.3047
50938.5  -3.8270  3.3026
50959.5  -3.7995  3.3005
50980.4  -3.7727  3.2984
51001.4  -3.7467  3.2962
51022.4  -3.7213  3.2941
51043.4  -3.6965  3.2920
51064.4  -3.6724  3.2899
51085.4  -3.6488  3.2878
51106.5  -3.6257  3.2857
51127.6  -3.6032  3.2836
51148.7  -3.5812  3.2815
51169.8  -3.5597  3.2794
51190.9  -3.5386  3.2773
51212  -3.5179  3.2752
51233.2  -3.4977  3.2731
51254.4  -3.4778  3.2710
51275.6  -3.4584  3.2689
51296.8  -3.4393  3.2668
51318  -3.4205  3.2647
51339.3  -3.4021  3.2626
51360.5  -3.3841  3.2605
51381.8  -3.3663  3.2584
51403.1  -3.3489  3.2563
51424.4  -3.3317  3.2542
51445.8  -3.3148  3.2521
51467.1  -3.2982  3.2500
51488.5  -3.2819  3.2479
51509.9  -3.2658  3.2458
51531.3  -3.2500  3.2437
51552.7  -3.2344  3.2416
51574.2  -3.2191  3.2395
51595.6  -3.2039  3.2374
51617.1  -3.1890  3.2353
51638.6  -3.1743  3.2332
51660.1  -3.1599  3.2311
51681.7  -3.1456  3.2290
51703.2  -3.1315  3.2269
51724.8  -3.1176  3.2248
51746.4  -3.1038  3.2227
51768  -3.0903  3.2206
51789.6  -3.0769  3.2185
51811.3  -3.0637  3.2164
51832.9  -3.0507  3.2143
51854.6  -3.0378  3.2122
51876.3  -3.0251  3.2101
51898  -3.0126  3.2080
51919.7  -3.0002  3.2059
51941.5  -2.9879  3.2038
51963.3  -2.9758  3.2017
51985  -2.9638  3.1996
52006.9  -2.9519  3.1975
52028.7  -2.9402  3.1954
52050.5  -2.9286  3.1933
52072.4  -2.9172  3.1912
52094.3  -2.9058  3.1891
52116.2  -2.8946  3.1870
52138.1  -2.8835  3.1849
52160  -2.8726  3.1828
52182  -2.8617  3.1807
52203.9  -2.8509  3.1786
52225.9  -2.8403  3.1765
52247.9  -2.8298  3.1744
52270  -2.8193  3.1723
52292  -2.8090  3.1702
52314.1  -2.7988  3.1681
52336.2  -2.7886  3.1661
52358.3  -2.7786  3.1640
52380.4  -2.7686  3.1619
52402.5  -2.7588  3.1598
52424.7  -2.7490  3.1577
52446.8  -2.7394  3.1556
52469  -2.7298  3.1535
52491.3  -2.7203  3.1514
52513.5  -2.7109  3.1493
52535.7  -2.7015  3.1472
52558  -2.6923  3.1451
52580.3  -2.6831  3.1430
52602.6  -2.6740  3.1409
52624.9  -2.6650  3.1388
52647.3  -2.6561  3.1367
52669.6  -2.6472  3.1346
52692  -2.6384  3.1325
52714.4  -2.6297  3.1305
52736.9  -2.6155  3.1283
52759.3  -2.6069  3.1262
52781.8  -2.5984  3.1240
52804.2  -2.5900  3.1219
52826.7  -2.5816  3.1197
52849.3  -2.5733  3.1176
52871.8  -2.5651  3.1154
52894.3  -2.5569  3.1133
52916.9  -2.5488  3.1111
52939.5  -2.5407  3.1090
52962.1  -2.5327  3.1068
52984.8  -2.5248  3.1047
53007.4  -2.5169  3.1025
53030.1  -2.5091  3.1004
53052.8  -2.5014  3.0982
53075.5  -2.4937  3.0961
53098.2  -2.4860  3.0939
53121  -2.4784  3.0918
53143.7  -2.4709  3.0896
53166.5  -2.4634  3.0875
53189.3  -2.4560  3.0854
53212.2  -2.4486  3.0832
53906.2  -2.2483  3.0191
56356.5  -1.7706  2.8086
59040.2  -1.4515  2.6028
61992.2  -1.2197  2.4019
65254.9  -1.0451  2.2063
68880.2  -0.9119  2.0161
72932  -0.8103  1.8316
77490.2  -0.7344  1.6529
82656.2  -0.6800  1.4800
88560.2  -0.6443  1.3138
95372.6  -0.6244  1.1551
103320  -0.6061  1.0026
112713  -0.6152  0.8562
123984  -0.6347  0.7206
