4290.12  -4.3582  10.5368
4305.01  -4.3600  10.4817
4320.01  -4.3619  10.4267
4335.12  -4.3641  10.3717
4350.33  -4.3664  10.3168
4365.65  -4.3690  10.2620
4381.07  -4.3718  10.2073
4396.61  -4.3748  10.1527
4412.25  -4.3780  10.0981
4428.01  -4.3767  10.0435
4443.88  -4.3803  9.9890
4459.87  -4.3842  9.9346
4475.97  -4.3883  9.8803
4492.19  -4.3926  9.8260
4508.52  -4.3972  9.7718
4524.98  -4.4019  9.7177
4541.55  -4.4069  9.6637
4558.25  -4.4122  9.6098
4575.07  -4.4176  9.5560
4592.01  -4.4233  9.5022
4609.08  -4.4292  9.4485
4626.28  -4.4353  9.3949
4643.61  -4.4417  9.3414
4661.07  -4.4482  9.2880
4678.65  -4.4551  9.2347
4696.38  -4.4621  9.1814
4714.23  -4.4695  9.1283
4732.23  -4.4770  9.0752
4750.36  -4.4848  9.0222
4768.63  -4.4928  8.9693
4787.04  -4.5011  8.9165
4805.59  -4.5096  8.8637
4824.29  -4.5184  8.8111
4843.14  -4.5275  8.7585
4862.13  -4.5368  8.7061
4881.27  -4.5463  8.6537
4900.57  -4.5561  8.6014
4920.01  -4.5662  8.5492
4939.62  -4.5766  8.4971
4959.37  -4.5872  8.4451
4979.29  -4.5981  8.3932
4999.37  -4.6093  8.3413
5019.61  -4.6207  8.2896
5040.01  -4.6325  8.2379
5060.59  -4.6445  8.1864
5081.33  -4.6568  8.1349
5102.24  -4.6694  8.0835
5123.32  -4.6823  8.0323
5144.58  -4.6955  7.9811
5166.01  -4.7091  7.9300
5187.63  -4.7229  7.8790
5209.43  -4.7371  7.8281
5231.41  -4.7515  7.7773
5253.57  -4.7663  7.7266
5275.93  -4.7815  7.6759
5298.48  -4.7969  7.6254
5321.22  -4.8127  7.5750
5344.15  -4.8289  7.5247
5367.29  -4.8454  7.4744
5390.62  -4.8623  7.4243
5414.16  -4.8795  7.3743
5437.91  -4.8971  7.3244
5461.87  -4.9152  7.2745
5486.03  -4.9335  7.2248
5510.42  -4.9523  7.1751
5535.02  -4.9715  7.1256
5559.84  -4.9911  7.0762
5584.88  -5.0112  7.0268
5610.15  -5.0317  6.9776
5635.65  -5.0526  6.9285
5661.39  -5.0739  6.8795
5687.36  -5.0958  6.8305
5713.56  -5.1181  6.7817
5740.02  -5.1409  6.7330
5766.71  -5.1642  6.6844
5793.66  -5.1880  6.6359
5820.86  -5.2123  6.5875
5848.32  -5.2372  6.5392
5876.04  -5.2626  6.4910
5904.02  -5.2886  6.4429
5932.27  -5.3152  6.3949
5960.79  -5.3424  6.3471
5989.58  -5.3703  6.2993
6018.66  -5.3981  6.2516
6048.02  -5.4273  6.2041
6077.66  -5.4571  6.1567
6107.6  -5.4846  6.1093
6137.84  -5.5165  6.0621
6168.38  -5.5486  6.0149
6199.22  -5.5815  5.9679
6230.37  -5.6152  5.9210
6261.84  -5.6498  5.8742
6293.62  -5.6852  5.8275
6325.73  -5.7180  5.7808
6358.17  -5.7554  5.7343
6390.95  -5.7938  5.6879
6424.06  -5.8333  5.6417
6457.52  -5.8738  5.5955
6491.33  -5.9154  5.5495
6525.49  -5.9583  5.5036
6560.02  -6.0023  5.4578
6594.91  -6.0477  5.4121
6630.18  -6.0944  5.3665
6665.82  -6.1426  5.3211
6701.86  -6.1923  5.2758
6738.28  -6.2435  5.2306
6775.1  -6.2965  5.1855
6812.33  -6.3512  5.1406
6849.96  -6.4078  5.0958
6888.02  -6.4661  5.0511
6926.5  -6.5268  5.0065
6965.41  -6.5899  4.9621
7004.77  -6.6553  4.9178
7044.57  -6.7234  4.8736
7084.82  -6.7942  4.8295
7125.54  -6.8681  4.7856
7166.73  -6.9452  4.7418
7208.39  -7.0258  4.6981
7250.55  -7.1102  4.6545
7293.2  -7.1987  4.6111
7336.35  -7.2918  4.5678
7380.02  -7.3898  4.5247
7424.21  -7.4934  4.4816
7468.94  -7.6030  4.4388
7514.2  -7.7194  4.3960
7560.02  -7.8435  4.3534
7606.4  -7.9762  4.3109
7653.35  -8.1187  4.2685
7700.89  -8.2725  4.2263
7749.02  -8.4395  4.1842
7797.76  -8.6220  4.1423
7847.11  -8.8231  4.1004
7897.09  -9.0449  4.0587
7947.71  -9.2967  4.0172
7998.99  -9.5844  3.9757
8050.93  -9.9198  3.9345
8103.55  -10.3216  3.8933
8156.86  -10.8224  3.8523
8210.88  -11.4866  3.8115
8265.62  -12.4738  3.7708
8282.74  -12.9088  3.7582
8283.29  -12.9245  3.7578
8283.85  -12.9402  3.7574
8284.4  -12.9561  3.7570
8284.95  -12.9722  3.7566
8285.51  -12.9883  3.7562
8286.06  -13.0046  3.7557
8286.62  -13.0210  3.7553
8287.17  -13.0375  3.7549
8287.72  -13.0542  3.7545
8288.28  -13.0710  3.7541
8288.83  -13.0880  3.7537
8289.39  -13.1050  3.7533
8289.94  -13.1223  3.7529
8290.49  -13.1396  3.7525
8291.05  -13.1571  3.7521
8291.6  -13.1748  3.7517
8292.16  -13.1926  3.7513
8292.71  -13.2106  3.7509
8293.27  -13.2287  3.7505
8293.82  -13.2470  3.7501
8294.38  -13.2654  3.7497
8294.93  -13.2840  3.7493
8295.49  -13.3028  3.7489
8296.04  -13.3217  3.7484
8296.6  -13.3408  3.7480
8297.15  -13.3601  3.7476
8297.71  -13.3796  3.7472
8298.26  -13.3992  3.7468
8298.82  -13.4191  3.7464
8299.37  -13.4391  3.7460
8299.93  -13.4593  3.7456
8300.48  -13.4798  3.7452
8301.04  -13.5004  3.7448
8301.6  -13.5212  3.7444
8302.15  -13.5422  3.7440
8302.71  -13.5635  3.7436
8303.26  -13.5850  3.7432
8303.82  -13.6067  3.7428
8304.38  -13.6286  3.7424
8304.93  -13.6507  3.7420
8305.49  -13.6731  3.7416
8306.05  -13.6957  3.7411
8306.6  -13.7186  3.7407
8307.16  -13.7417  3.7403
8307.72  -13.7651  3.7399
8308.27  -13.7888  3.7395
8308.83  -13.8127  3.7391
8309.39  -13.8369  3.7387
8309.94  -13.8614  3.7383
8310.5  -13.8861  3.7379
8311.06  -13.9112  3.7375
8311.61  -13.9366  3.7371
8312.17  -13.9622  3.7367
8312.73  -13.9882  3.7363
8313.29  -14.0145  3.7359
8313.84  -14.0412  3.7355
8314.4  -14.0682  3.7351
8314.96  -14.0955  3.7347
8315.52  -14.1232  3.7343
8316.07  -14.1513  3.7339
8316.63  -14.1798  3.7335
8317.19  -14.2086  3.7330
8317.75  -14.2378  3.7326
8318.31  -14.2675  3.7322
8318.86  -14.2976  3.7318
8319.42  -14.3281  3.7314
8319.98  -14.3590  3.7310
8320.54  -14.3905  3.7306
8321.1  -14.4223  3.7302
8321.66  -14.4547  3.7298
8322.21  -14.4876  3.7294
8322.77  -14.5210  3.7290
8323.33  -14.5550  3.7286
8323.89  -14.5895  3.7282
8324.45  -14.6245  3.7278
8325.01  -14.6602  3.7274
8325.57  -14.6965  3.7270
8326.13  -14.7334  3.7266
8326.69  -14.7710  3.7262
8327.24  -14.8092  3.7258
8327.8  -14.8481  3.7254
8328.36  -14.8878  3.7250
8328.92  -14.9282  3.7245
8329.48  -14.9695  3.7241
8330.04  -15.0115  3.7237
8330.6  -15.0544  3.7233
8331.16  -15.0981  3.7229
8331.72  -15.1428  3.7225
8332.28  -15.1885  3.7221
8332.84  -15.2351  3.7217
8333.4  -15.2828  3.7213
8333.96  -15.3316  3.7209
8334.52  -15.3815  3.7205
8335.08  -15.4327  3.7201
8335.64  -15.4851  3.7197
8336.2  -15.5388  3.7193
8336.76  -15.5939  3.7189
8337.32  -15.6504  3.7185
8337.88  -15.7085  3.7181
8338.45  -15.7683  3.7177
8339.01  -15.8297  3.7173
8339.57  -15.8930  3.7169
8340.13  -15.9582  3.7165
8340.69  -16.0255  3.7161
8341.25  -16.0949  3.7156
8341.81  -16.1667  3.7152
8342.37  -16.2409  3.7148
8342.93  -16.3179  3.7144
8343.5  -16.3977  3.7140
8344.06  -16.4805  3.7136
8344.62  -16.5667  3.7132
8345.18  -16.6566  3.7128
8345.74  -16.7503  3.7124
8346.3  -16.8483  3.7120
8346.87  -16.9511  3.7116
8347.43  -17.0589  3.7112
8347.99  -17.1725  3.7108
8348.55  -17.2924  3.7104
8349.11  -17.4194  3.7100
8349.68  -17.5543  3.7096
8350.24  -17.6982  3.7092
8350.8  -17.8524  3.7088
8351.36  -18.0185  3.7084
8351.93  -18.1985  3.7080
8352.49  -18.3948  3.7076
8353.05  -18.6107  3.7072
8353.61  -18.8506  3.7068
8354.18  -19.1204  3.7064
8354.74  -19.4287  3.7059
8355.3  -19.7881  3.7055
8355.87  -20.2192  3.7051
8356.43  -20.7576  3.7047
8356.99  -21.4750  3.7043
8357.56  -22.5527  3.7039
8358.12  -24.7803  3.7035
8358.68  -25.3751  10.5811
8359.25  -22.7698  10.5792
8359.81  -21.6115  10.5773
8360.37  -20.8568  10.5754
8360.94  -20.2958  10.5735
8361.5  -19.8490  10.5715
8362.07  -19.4776  10.5696
8362.63  -19.1597  10.5677
8363.19  -18.8819  10.5658
8363.76  -18.6350  10.5639
8364.32  -18.4130  10.5620
8364.89  -18.2112  10.5601
8365.45  -18.0262  10.5582
8366.02  -17.8555  10.5563
8366.58  -17.6969  10.5543
8367.14  -17.5490  10.5524
8367.71  -17.4102  10.5505
8368.27  -17.2796  10.5486
8368.84  -17.1563  10.5467
8369.4  -17.0394  10.5448
8369.97  -16.9284  10.5429
8370.53  -16.8227  10.5411
8371.1  -16.7217  10.5392
8371.66  -16.6251  10.5373
8372.23  -16.5325  10.5354
8372.79  -16.4436  10.5335
8373.36  -16.3582  10.5316
8373.93  -16.2758  10.5297
8374.49  -16.1964  10.5278
8375.06  -16.1198  10.5259
8375.62  -16.0456  10.5240
8376.19  -15.9739  10.5222
8376.75  -15.9044  10.5203
8377.32  -15.8370  10.5184
8377.89  -15.7716  10.5165
8378.45  -15.7080  10.5146
8379.02  -15.6462  10.5128
8379.59  -15.5860  10.5109
8380.15  -15.5275  10.5090
8380.72  -15.4704  10.5071
8381.28  -15.4148  10.5053
8381.85  -15.3605  10.5034
8382.42  -15.3075  10.5015
8382.98  -15.2557  10.4996
8383.55  -15.2051  10.4978
8384.12  -15.1556  10.4959
8384.69  -15.1072  10.4940
8385.25  -15.0598  10.4922
8385.82  -15.0134  10.4903
8386.39  -14.9680  10.4885
8386.95  -14.9234  10.4866
8387.52  -14.8797  10.4847
8388.09  -14.8369  10.4829
8388.66  -14.7949  10.4810
8389.22  -14.7536  10.4792
8389.79  -14.7131  10.4773
8390.36  -14.6734  10.4755
8390.93  -14.6343  10.4736
8391.5  -14.5959  10.4717
8392.06  -14.5581  10.4699
8392.63  -14.5210  10.4680
8393.2  -14.4845  10.4662
8393.77  -14.4486  10.4644
8394.34  -14.4132  10.4625
8394.9  -14.3784  10.4607
8395.47  -14.3441  10.4588
8396.04  -14.3104  10.4570
8396.61  -14.2771  10.4551
8397.18  -14.2444  10.4533
8397.75  -14.2121  10.4515
8398.32  -14.1803  10.4496
8398.89  -14.1489  10.4478
8399.45  -14.1180  10.4460
8400.02  -14.0875  10.4441
8400.59  -14.0574  10.4423
8401.16  -14.0277  10.4405
8401.73  -13.9985  10.4386
8402.3  -13.9696  10.4368
8402.87  -13.9410  10.4350
8403.44  -13.9128  10.4331
8404.01  -13.8850  10.4313
8404.58  -13.8576  10.4295
8405.15  -13.8304  10.4277
8405.72  -13.8036  10.4259
8406.29  -13.7771  10.4240
8406.86  -13.7510  10.4222
8407.43  -13.7251  10.4204
8408  -13.6995  10.4186
8408.57  -13.6743  10.4168
8409.14  -13.6493  10.4149
8409.71  -13.6246  10.4131
8410.28  -13.6002  10.4113
8410.85  -13.5760  10.4095
8411.42  -13.5521  10.4077
8411.99  -13.5285  10.4059
8412.56  -13.5051  10.4041
8413.13  -13.4820  10.4023
8413.7  -13.4591  10.4005
8414.28  -13.4364  10.3987
8414.85  -13.4140  10.3969
8415.42  -13.3918  10.3951
8415.99  -13.3698  10.3933
8416.56  -13.3480  10.3915
8417.13  -13.3265  10.3897
8417.7  -13.3052  10.3879
8418.27  -13.2840  10.3861
8418.85  -13.2631  10.3843
8419.42  -13.2424  10.3825
8419.99  -13.2219  10.3807
8420.56  -13.2015  10.3789
8421.13  -13.1814  10.3771
8421.71  -13.1614  10.3753
8422.28  -13.1416  10.3735
8422.85  -13.1220  10.3718
8423.42  -13.1026  10.3700
8423.99  -13.0833  10.3682
8424.57  -13.0643  10.3664
8425.14  -13.0453  10.3646
8425.71  -13.0266  10.3628
8426.28  -13.0080  10.3611
8426.86  -12.9896  10.3593
8427.43  -12.9713  10.3575
8428  -12.9532  10.3557
8428.58  -12.9352  10.3540
8429.15  -12.9174  10.3522
8429.72  -12.8997  10.3504
8430.29  -12.8822  10.3486
8430.87  -12.8648  10.3469
8431.44  -12.8475  10.3451
8432.01  -12.8304  10.3433
8432.59  -12.8134  10.3416
8433.16  -12.7966  10.3398
8433.74  -12.7800  10.3380
8434.31  -12.7632  10.3363
8434.88  -12.7468  10.3345
8435.46  -12.7305  10.3328
8436.03  -12.7143  10.3310
8436.6  -12.6982  10.3292
8437.18  -12.6823  10.3275
8437.75  -12.6664  10.3257
8438.33  -12.6507  10.3240
8438.9  -12.6351  10.3222
8439.48  -12.6196  10.3205
8440.05  -12.6042  10.3187
8492.08  -11.5484  10.1659
8550.64  -10.8095  10.0068
8610.02  -10.3022  9.8586
8670.23  -9.9368  9.7211
8731.29  -9.6710  9.5941
8793.22  -9.5328  9.4806
8856.02  -9.3823  9.3755
8919.74  -9.2870  9.2673
8984.37  -9.2538  9.1528
9049.95  -9.3152  9.0387
9116.5  -9.5130  8.9252
9164.34  -9.8022  8.8449
9165.02  -9.8078  8.8438
9165.69  -9.8133  8.8426
9166.37  -9.8190  8.8415
9167.05  -9.8247  8.8404
9167.73  -9.8304  8.8392
9168.41  -9.8362  8.8381
9169.08  -9.8420  8.8370
9169.76  -9.8479  8.8359
9170.44  -9.8539  8.8347
9171.12  -9.8599  8.8336
9171.8  -9.8660  8.8325
9172.47  -9.8722  8.8313
9173.15  -9.8784  8.8302
9173.83  -9.8846  8.8291
9174.51  -9.8910  8.8279
9175.19  -9.8974  8.8268
9175.87  -9.9038  8.8257
9176.55  -9.9104  8.8246
9177.23  -9.9170  8.8234
9177.91  -9.9236  8.8223
9178.59  -9.9303  8.8212
9179.27  -9.9372  8.8200
9179.95  -9.9440  8.8189
9180.63  -9.9510  8.8178
9181.31  -9.9580  8.8167
9181.99  -9.9651  8.8155
9182.67  -9.9723  8.8144
9183.35  -9.9795  8.8133
9184.03  -9.9868  8.8122
9184.71  -9.9942  8.8110
9185.39  -10.0017  8.8099
9186.07  -10.0093  8.8088
9186.75  -10.0169  8.8076
9187.43  -10.0247  8.8065
9188.11  -10.0325  8.8054
9188.79  -10.0404  8.8043
9189.47  -10.0484  8.8031
9190.15  -10.0565  8.8020
9190.83  -10.0647  8.8009
9191.51  -10.0730  8.7997
9192.2  -10.0814  8.7986
9192.88  -10.0899  8.7975
9193.56  -10.0984  8.7964
9194.24  -10.1071  8.7952
9194.92  -10.1159  8.7941
9195.61  -10.1248  8.7930
9196.29  -10.1338  8.7919
9196.97  -10.1429  8.7907
9197.65  -10.1521  8.7896
9198.33  -10.1615  8.7885
9199.02  -10.1709  8.7873
9199.7  -10.1805  8.7862
9200.38  -10.1902  8.7851
9201.06  -10.2000  8.7840
9201.75  -10.2100  8.7828
9202.43  -10.2201  8.7817
9203.11  -10.2303  8.7806
9203.8  -10.2407  8.7795
9204.48  -10.2511  8.7783
9205.16  -10.2618  8.7772
9205.85  -10.2726  8.7761
9206.53  -10.2835  8.7750
9207.21  -10.2946  8.7738
9207.9  -10.3058  8.7727
9208.58  -10.3172  8.7716
9209.27  -10.3288  8.7704
9209.95  -10.3405  8.7693
9210.63  -10.3524  8.7682
9211.32  -10.3645  8.7671
9212  -10.3768  8.7659
9212.69  -10.3892  8.7648
9213.37  -10.4018  8.7637
9214.06  -10.4147  8.7626
9214.74  -10.4277  8.7614
9215.43  -10.4409  8.7603
9216.11  -10.4544  8.7592
9216.8  -10.4681  8.7581
9217.48  -10.4820  8.7569
9218.17  -10.4961  8.7558
9218.85  -10.5105  8.7547
9219.54  -10.5251  8.7536
9220.22  -10.5399  8.7524
9220.91  -10.5551  8.7513
9221.59  -10.5704  8.7502
9222.28  -10.5861  8.7491
9222.97  -10.6021  8.7479
9223.65  -10.6183  8.7468
9224.34  -10.6349  8.7457
9225.03  -10.6517  8.7446
9225.71  -10.6689  8.7434
9226.4  -10.6865  8.7423
9227.09  -10.7044  8.7412
9227.77  -10.7226  8.7401
9228.46  -10.7413  8.7389
9229.15  -10.7603  8.7378
9229.83  -10.7797  8.7367
9230.52  -10.7996  8.7356
9231.21  -10.8198  8.7344
9231.89  -10.8406  8.7333
9232.58  -10.8618  8.7322
9233.27  -10.8835  8.7311
9233.96  -10.9058  8.7299
9234.65  -10.9286  8.7288
9235.33  -10.9519  8.7277
9236.02  -10.9759  8.7266
9236.71  -11.0005  8.7254
9237.4  -11.0257  8.7243
9238.09  -11.0516  8.7232
9238.77  -11.0783  8.7221
9239.46  -11.1057  8.7209
9240.15  -11.1339  8.7198
9240.84  -11.1629  8.7187
9241.53  -11.1929  8.7176
9242.22  -11.2238  8.7164
9242.91  -11.2558  8.7153
9243.6  -11.2888  8.7142
9244.28  -11.3229  8.7131
9244.97  -11.3583  8.7120
9245.66  -11.3950  8.7108
9246.35  -11.4331  8.7097
9247.04  -11.4727  8.7086
9247.73  -11.5140  8.7075
9248.42  -11.5570  8.7063
9249.11  -11.6020  8.7052
9249.8  -11.6490  8.7041
9250.49  -11.6984  8.7030
9251.18  -11.7502  8.7018
9251.87  -11.8048  8.7007
9252.56  -11.8626  8.6996
9253.25  -11.9237  8.6985
9253.94  -11.9887  8.6973
9254.63  -12.0581  8.6962
9255.33  -12.1324  8.6951
9256.02  -12.2125  8.6940
9256.71  -12.2992  8.6929
9257.4  -12.3938  8.6917
9258.09  -12.4976  8.6906
9258.78  -12.6128  8.6895
9259.47  -12.7421  8.6884
9260.16  -12.8894  8.6872
9260.86  -13.0602  8.6861
9261.55  -13.2637  8.6850
9262.24  -13.5148  8.6839
9262.93  -13.8429  8.6828
9263.62  -14.3162  8.6816
9264.32  -15.1744  8.6805
9265.01  -16.9670  12.1232
9265.7  -14.8232  12.1215
9266.39  -14.1415  12.1197
9267.09  -13.7229  12.1180
9267.78  -13.4196  12.1162
9268.47  -13.1814  12.1144
9269.16  -12.9852  12.1127
9269.86  -12.8183  12.1109
9270.55  -12.6729  12.1091
9271.24  -12.5441  12.1074
9271.94  -12.4285  12.1056
9272.63  -12.3236  12.1039
9273.32  -12.2275  12.1021
9274.02  -12.1388  12.1003
9274.71  -12.0566  12.0986
9275.41  -11.9798  12.0968
9276.1  -11.9078  12.0951
9276.79  -11.8400  12.0933
9277.49  -11.7760  12.0915
9278.18  -11.7153  12.0898
9278.88  -11.6577  12.0880
9279.57  -11.6027  12.0863
9280.27  -11.5502  12.0845
9280.96  -11.4999  12.0827
9281.65  -11.4517  12.0810
9282.35  -11.4054  12.0792
9283.04  -11.3608  12.0775
9283.74  -11.3179  12.0757
9284.43  -11.2764  12.0740
9285.13  -11.2363  12.0722
9285.83  -11.1976  12.0704
9286.52  -11.1600  12.0687
9287.22  -11.1236  12.0669
9287.91  -11.0882  12.0652
9288.61  -11.0539  12.0634
9289.3  -11.0205  12.0617
9290  -10.9880  12.0599
9290.7  -10.9564  12.0582
9291.39  -10.9255  12.0564
9292.09  -10.8954  12.0546
9292.79  -10.8661  12.0529
9293.48  -10.8374  12.0511
9294.18  -10.8094  12.0494
9294.88  -10.7820  12.0476
9295.57  -10.7552  12.0459
9296.27  -10.7289  12.0441
9296.97  -10.7032  12.0424
9297.66  -10.6781  12.0406
9298.36  -10.6534  12.0389
9299.06  -10.6292  12.0371
9299.76  -10.6055  12.0354
9300.45  -10.5822  12.0336
9301.15  -10.5594  12.0319
9301.85  -10.5369  12.0301
9302.55  -10.5149  12.0283
9303.24  -10.4932  12.0266
9303.94  -10.4719  12.0248
9304.64  -10.4509  12.0231
9305.34  -10.4303  12.0213
9306.04  -10.4100  12.0196
9306.74  -10.3901  12.0178
9307.44  -10.3704  12.0161
9308.13  -10.3511  12.0143
9308.83  -10.3320  12.0126
9309.53  -10.3132  12.0108
9310.23  -10.2947  12.0091
9310.93  -10.2765  12.0074
9311.63  -10.2585  12.0056
9312.33  -10.2408  12.0039
9313.03  -10.2233  12.0021
9313.73  -10.2060  12.0004
9314.43  -10.1890  11.9986
9315.13  -10.1722  11.9969
9315.83  -10.1556  11.9951
9316.53  -10.1392  11.9934
9317.23  -10.1230  11.9916
9317.93  -10.1070  11.9899
9318.63  -10.0912  11.9881
9319.33  -10.0756  11.9864
9320.03  -10.0602  11.9846
9320.73  -10.0450  11.9829
9321.43  -10.0299  11.9812
9322.13  -10.0150  11.9794
9322.83  -10.0003  11.9777
9323.53  -9.9858  11.9759
9324.23  -9.9714  11.9742
9324.94  -9.9572  11.9724
9325.64  -9.9431  11.9707
9326.34  -9.9291  11.9689
9327.04  -9.9153  11.9672
9327.74  -9.9017  11.9655
9328.44  -9.8882  11.9637
9329.15  -9.8748  11.9620
9329.85  -9.8616  11.9602
9330.55  -9.8485  11.9585
9331.25  -9.8355  11.9567
9331.95  -9.8227  11.9550
9332.66  -9.8100  11.9533
9333.36  -9.7974  11.9515
9334.06  -9.7849  11.9498
9334.76  -9.7725  11.9480
9335.47  -9.7603  11.9463
9336.17  -9.7481  11.9446
9336.87  -9.7361  11.9428
9337.58  -9.7242  11.9411
9338.28  -9.7124  11.9393
9338.98  -9.7006  11.9376
9339.69  -9.6890  11.9359
9340.39  -9.6775  11.9341
9341.09  -9.6661  11.9324
9341.8  -9.6548  11.9306
9342.5  -9.6436  11.9289
9343.21  -9.6325  11.9272
9343.91  -9.6214  11.9254
9344.61  -9.6105  11.9237
9345.32  -9.5996  11.9220
9346.02  -9.5889  11.9202
9346.73  -9.5782  11.9185
9347.43  -9.5676  11.9167
9348.14  -9.5571  11.9150
9348.84  -9.5466  11.9133
9349.55  -9.5363  11.9115
9350.25  -9.5260  11.9098
9350.96  -9.5158  11.9081
9351.66  -9.5057  11.9063
9352.37  -9.4957  11.9046
9353.07  -9.4857  11.9029
9353.78  -9.4758  11.9011
9354.49  -9.4660  11.8994
9355.19  -9.4562  11.8977
9355.9  -9.4466  11.8959
9356.6  -9.4370  11.8942
9357.31  -9.4274  11.8924
9392.75  -9.0208  11.8061
9464.45  -8.4662  11.6349
9537.26  -8.1136  11.4660
9611.19  -7.9228  11.2992
9649.34  -7.9051  11.2150
9650.09  -7.9055  11.2133
9650.84  -7.9059  11.2117
9651.59  -7.9064  11.2100
9652.34  -7.9069  11.2084
9653.09  -7.9075  11.2067
9653.85  -7.9081  11.2051
9654.6  -7.9087  11.2035
9655.35  -7.9094  11.2018
9656.1  -7.9101  11.2002
9656.85  -7.9108  11.1985
9657.61  -7.9116  11.1969
9658.36  -7.9124  11.1952
9659.11  -7.9133  11.1936
9659.86  -7.9142  11.1919
9660.62  -7.9152  11.1903
9661.37  -7.9162  11.1887
9662.12  -7.9172  11.1870
9662.87  -7.9183  11.1854
9663.63  -7.9194  11.1837
9664.38  -7.9206  11.1821
9665.13  -7.9218  11.1804
9665.89  -7.9230  11.1788
9666.64  -7.9243  11.1772
9667.4  -7.9257  11.1755
9668.15  -7.9271  11.1739
9668.9  -7.9285  11.1722
9669.66  -7.9301  11.1706
9670.41  -7.9316  11.1690
9671.17  -7.9332  11.1673
9671.92  -7.9349  11.1657
9672.67  -7.9366  11.1640
9673.43  -7.9384  11.1624
9674.18  -7.9402  11.1608
9674.94  -7.9421  11.1591
9675.69  -7.9440  11.1575
9676.45  -7.9460  11.1558
9677.2  -7.9480  11.1542
9677.96  -7.9502  11.1526
9678.72  -7.9523  11.1509
9679.47  -7.9546  11.1493
9680.23  -7.9569  11.1477
9680.98  -7.9593  11.1460
9681.74  -7.9617  11.1444
9682.49  -7.9642  11.1427
9683.25  -7.9668  11.1411
9684.01  -7.9694  11.1395
9684.76  -7.9722  11.1378
9685.52  -7.9749  11.1362
9686.28  -7.9778  11.1346
9687.03  -7.9808  11.1329
9687.79  -7.9838  11.1313
9688.55  -7.9869  11.1297
9689.3  -7.9901  11.1280
9690.06  -7.9934  11.1264
9690.82  -7.9967  11.1247
9691.58  -8.0002  11.1231
9692.33  -8.0037  11.1215
9693.09  -8.0074  11.1198
9693.85  -8.0111  11.1182
9694.61  -8.0149  11.1166
9695.37  -8.0189  11.1149
9696.12  -8.0229  11.1133
9696.88  -8.0270  11.1117
9697.64  -8.0313  11.1100
9698.4  -8.0357  11.1084
9699.16  -8.0401  11.1068
9699.92  -8.0447  11.1051
9700.68  -8.0494  11.1035
9701.44  -8.0543  11.1019
9702.19  -8.0592  11.1002
9702.95  -8.0643  11.0986
9703.71  -8.0696  11.0970
9704.47  -8.0750  11.0954
9705.23  -8.0805  11.0937
9705.99  -8.0861  11.0921
9706.75  -8.0920  11.0905
9707.51  -8.0980  11.0888
9708.27  -8.1041  11.0872
9709.03  -8.1104  11.0856
9709.79  -8.1169  11.0839
9710.55  -8.1236  11.0823
9711.31  -8.1305  11.0807
9712.07  -8.1375  11.0791
9712.84  -8.1448  11.0774
9713.6  -8.1523  11.0758
9714.36  -8.1600  11.0742
9715.12  -8.1679  11.0725
9715.88  -8.1761  11.0709
9716.64  -8.1845  11.0693
9717.4  -8.1932  11.0677
9718.16  -8.2022  11.0660
9718.93  -8.2114  11.0644
9719.69  -8.2209  11.0628
9720.45  -8.2308  11.0612
9721.21  -8.3196  11.0596
9721.97  -8.3301  11.0581
9722.74  -8.3409  11.0566
9723.5  -8.3522  11.0552
9724.26  -8.3638  11.0537
9725.03  -8.3759  11.0522
9725.79  -8.3884  11.0508
9726.55  -8.4014  11.0493
9727.31  -8.4148  11.0478
9728.08  -8.4288  11.0464
9728.84  -8.4434  11.0449
9729.6  -8.4586  11.0434
9730.37  -8.4744  11.0419
9731.13  -8.4909  11.0405
9731.9  -8.5081  11.0390
9732.66  -8.5262  11.0375
9733.42  -8.5451  11.0361
9734.19  -8.5650  11.0346
9734.95  -8.5858  11.0331
9735.72  -8.6078  11.0317
9736.48  -8.6310  11.0302
9737.25  -8.6556  11.0287
9738.01  -8.6817  11.0273
9738.77  -8.7094  11.0258
9739.54  -8.7389  11.0243
9740.31  -8.7706  11.0228
9741.07  -8.8047  11.0214
9741.84  -8.8414  11.0199
9742.6  -8.8814  11.0184
9743.37  -8.9250  11.0170
9744.13  -8.9731  11.0155
9744.9  -9.0264  11.0140
9745.66  -9.0863  11.0126
9746.43  -9.1545  11.0111
9747.2  -9.2334  11.0096
9747.96  -9.3268  11.0082
9748.73  -9.4411  11.0067
9749.5  -9.5878  11.0052
9750.26  -9.7919  11.0038
9751.03  -10.1268  11.0023
9751.8  -11.1843  11.0008
9752.56  -10.3093  12.7190
9753.33  -9.8742  12.7175
9754.1  -9.6326  12.7159
9754.87  -9.4639  12.7144
9755.63  -9.3338  12.7129
9756.4  -9.2277  12.7113
9757.17  -9.1379  12.7098
9757.94  -9.0600  12.7083
9758.7  -8.9911  12.7067
9759.47  -8.9292  12.7052
9760.24  -8.8731  12.7037
9761.01  -8.8216  12.7021
9761.78  -8.7741  12.7006
9762.55  -8.7299  12.6991
9763.32  -8.6885  12.6975
9764.08  -8.6497  12.6960
9764.85  -8.6131  12.6945
9765.62  -8.5784  12.6929
9766.39  -8.5454  12.6914
9767.16  -8.5140  12.6899
9767.93  -8.4840  12.6883
9768.7  -8.4552  12.6868
9769.47  -8.4276  12.6853
9770.24  -8.4011  12.6837
9771.01  -8.3755  12.6822
9771.78  -8.3508  12.6807
9772.55  -8.3270  12.6791
9773.32  -8.3039  12.6776
9774.09  -8.2815  12.6761
9774.86  -8.2598  12.6746
9775.63  -8.2387  12.6730
9776.4  -8.2182  12.6715
9777.17  -8.1982  12.6700
9777.95  -8.1787  12.6684
9778.72  -8.1598  12.6669
9779.49  -8.1412  12.6654
9780.26  -8.1231  12.6638
9781.03  -8.1055  12.6623
9781.8  -8.0882  12.6608
9782.57  -8.0712  12.6592
9783.35  -8.0546  12.6577
9784.12  -8.0384  12.6562
9784.89  -8.0224  12.6546
9785.66  -8.0068  12.6531
9786.43  -7.9914  12.6516
9787.21  -7.9764  12.6500
9787.98  -7.9616  12.6485
9788.75  -7.9470  12.6470
9789.53  -7.9327  12.6454
9790.3  -7.9186  12.6439
9791.07  -7.9047  12.6424
9791.85  -7.8911  12.6408
9792.62  -7.8777  12.6393
9793.39  -7.8644  12.6378
9794.17  -7.8514  12.6362
9794.94  -7.8385  12.6347
9795.71  -7.8258  12.6332
9796.49  -7.8133  12.6317
9797.26  -7.8010  12.6301
9798.04  -7.7888  12.6286
9798.81  -7.7768  12.6271
9799.58  -7.7649  12.6255
9800.36  -7.7532  12.6240
9801.13  -7.7416  12.6225
9801.91  -7.7302  12.6209
9802.68  -7.7189  12.6194
9803.46  -7.7077  12.6179
9804.23  -7.6966  12.6163
9805.01  -7.6857  12.6148
9805.78  -7.6749  12.6133
9806.56  -7.6641  12.6117
9807.34  -7.6536  12.6102
9808.11  -7.6431  12.6087
9808.89  -7.6327  12.6072
9809.66  -7.6224  12.6056
9810.44  -7.6123  12.6041
9811.22  -7.6022  12.6026
9811.99  -7.5922  12.6010
9812.77  -7.5823  12.5995
9813.55  -7.5725  12.5980
9814.32  -7.5628  12.5964
9815.1  -7.5532  12.5949
9815.88  -7.5437  12.5934
9816.65  -7.5342  12.5918
9817.43  -7.5249  12.5903
9818.21  -7.5156  12.5888
9818.99  -7.5063  12.5873
9819.76  -7.4972  12.5857
9820.54  -7.4881  12.5842
9821.32  -7.4792  12.5827
9822.1  -7.4702  12.5811
9822.88  -7.4614  12.5796
9823.65  -7.4526  12.5781
9824.43  -7.4439  12.5765
9825.21  -7.4352  12.5750
9825.99  -7.4266  12.5735
9826.77  -7.4181  12.5720
9827.55  -7.4096  12.5704
9828.33  -7.4012  12.5689
9829.11  -7.3929  12.5674
9829.89  -7.3846  12.5658
9830.66  -7.3764  12.5643
9831.44  -7.3682  12.5628
9832.22  -7.3601  12.5612
9833  -7.3520  12.5597
9833.78  -7.3440  12.5582
9834.56  -7.3360  12.5567
9835.34  -7.3281  12.5551
9836.12  -7.3202  12.5536
9836.9  -7.3124  12.5521
9837.69  -7.3046  12.5505
9838.47  -7.2969  12.5490
9839.25  -7.2892  12.5475
9840.03  -7.2816  12.5459
9840.81  -7.2740  12.5444
9841.59  -7.2665  12.5429
9842.37  -7.2590  12.5414
9843.15  -7.2515  12.5398
9843.93  -7.2441  12.5383
9844.72  -7.2368  12.5368
9845.5  -7.2294  12.5352
9846.28  -7.2221  12.5337
9847.06  -7.2149  12.5322
9847.84  -7.2077  12.5307
9848.63  -7.2005  12.5291
9849.41  -7.1934  12.5276
9850.19  -7.1863  12.5261
9850.97  -7.1792  12.5245
9851.76  -7.1722  12.5230
9852.54  -7.1652  12.5215
9853.32  -7.1582  12.5200
9854.1  -7.1513  12.5184
9854.89  -7.1444  12.5169
9855.67  -7.1376  12.5154
9856.45  -7.1308  12.5138
9857.24  -7.1240  12.5123
9858.02  -7.1172  12.5108
9858.81  -7.1105  12.5093
9859.59  -7.1038  12.5077
9860.37  -7.0971  12.5062
9861.16  -7.0905  12.5047
9861.94  -7.0839  12.5031
9862.73  -7.0773  12.5016
9863.51  -7.0708  12.5001
9918.75  -6.6690  12.3932
9998.74  -6.2130  12.2409
10080  -5.8337  12.0889
10162.7  -5.5027  11.9373
10246.6  -5.1967  11.7858
10332  -4.9273  11.6331
10418.9  -4.6798  11.4810
10507.1  -4.4507  11.3295
10597  -4.2371  11.1785
10688.3  -4.0373  11.0281
10781.2  -3.8495  10.8784
10875.8  -3.6731  10.7292
10972.1  -3.5059  10.5806
11070  -3.3477  10.4327
11169.8  -3.1978  10.2853
11271.3  -3.0554  10.1386
11374.7  -2.9201  9.9925
11480  -2.7913  9.8470
11587.3  -2.6687  9.7021
11696.6  -2.5519  9.5579
11808  -2.4406  9.4143
11921.6  -2.3345  9.2714
12037.3  -2.2332  9.1291
12155.3  -2.1322  8.9871
12275.7  -2.0402  8.8458
12398.4  -1.9526  8.7051
12523.7  -1.8690  8.5652
12651.5  -1.7893  8.4260
12781.9  -1.7124  8.2874
12915  -1.6402  8.1495
13051  -1.5714  8.0124
13189.8  -1.5059  7.8760
13331.6  -1.4437  7.7404
13476.6  -1.3843  7.6055
13624.7  -1.3283  7.4714
13776  -1.2752  7.3381
13930.8  -1.2250  7.2055
14089.1  -1.1775  7.0738
14251.1  -1.1326  6.9428
14416.8  -1.0904  6.8126
14586.4  -1.0507  6.6833
14760  -1.0135  6.5547
14937.9  -0.9786  6.4270
15120  -0.9461  6.3001
15306.7  -0.9159  6.1741
15498  -0.8879  6.0489
15694.2  -0.8620  5.9245
15895.4  -0.8383  5.8011
16101.9  -0.8166  5.6785
16313.7  -0.7970  5.5568
16531.2  -0.7793  5.4359
16754.6  -0.7601  5.3160
16984.2  -0.7465  5.1967
17220  -0.7347  5.0784
17462.6  -0.7248  4.9610
17712  -0.7166  4.8446
17968.7  -0.7102  4.7292
18233  -0.7056  4.6148
18505.1  -0.7026  4.5013
18785.5  -0.6986  4.3886
19074.5  -0.6991  4.2770
19372.6  -0.7012  4.1664
19680.1  -0.7033  4.0568
19997.5  -0.7087  3.9481
20325.3  -0.7156  3.8406
20664.1  -0.7240  3.7342
21014.3  -0.7340  3.6289
21376.6  -0.7453  3.5247
21751.6  -0.7582  3.4217
22140.1  -0.7724  3.3198
22542.6  -0.7881  3.2191
22960.1  -0.8052  3.1195
23393.3  -0.8237  3.0211
23843.1  -0.8436  2.9239
24310.7  -0.8648  2.8279
24796.9  -0.8874  2.7331
25302.9  -0.9114  2.6395
25830.1  -0.9368  2.5472
26379.6  -0.9635  2.4562
26953.1  -0.9918  2.3661
27552.1  -1.0217  2.2772
28178.3  -1.0530  2.1896
28833.6  -1.0859  2.1034
29520.1  -1.1204  2.0186
30240.1  -1.1565  1.9352
30996.1  -1.1943  1.8532
31790.9  -1.2340  1.7727
32627.5  -1.2757  1.6936
33509.3  -1.3195  1.6159
34440.1  -1.3657  1.5398
35424.1  -1.4146  1.4651
36466  -1.4639  1.3919
37571  -1.5196  1.3201
38745.1  -1.5794  1.2499
39994.9  -1.6444  1.1812
41328.1  -1.7136  1.1140
42753.2  -1.7889  1.0483
44280.1  -1.8797  0.9840
45920.1  -1.9856  0.9215
47686.3  -2.1135  0.8608
49593.7  -2.2764  0.8019
51660.1  -2.5018  0.7448
53906.2  -2.8653  0.6896
53929.7  -2.8703  0.6890
53953.2  -2.8753  0.6885
53976.6  -2.8803  0.6880
54000.1  -2.8854  0.6874
54023.7  -2.8905  0.6869
54047.2  -2.8956  0.6863
54070.8  -2.9008  0.6858
54094.4  -2.9061  0.6852
54118  -2.9114  0.6847
54141.6  -2.9167  0.6842
54165.3  -2.9220  0.6836
54189  -2.9275  0.6831
54212.7  -2.9329  0.6825
54236.4  -2.9384  0.6820
54260.1  -2.9440  0.6815
54283.9  -2.9496  0.6809
54307.6  -2.9552  0.6804
54331.4  -2.9609  0.6798
54355.3  -2.9667  0.6793
54379.1  -2.9725  0.6788
54403  -2.9783  0.6782
54426.8  -2.9842  0.6777
54450.7  -2.9902  0.6771
54474.7  -2.9962  0.6766
54498.6  -3.0023  0.6761
54522.6  -3.0084  0.6755
54546.6  -3.0146  0.6750
54570.6  -3.0209  0.6745
54594.6  -3.0272  0.6739
54618.7  -3.0335  0.6734
54642.7  -3.0400  0.6728
54666.8  -3.0464  0.6723
54690.9  -3.0530  0.6718
54715.1  -3.0596  0.6712
54739.2  -3.0663  0.6707
54763.4  -3.0731  0.6702
54787.6  -3.0799  0.6696
54811.8  -3.0868  0.6691
54836.1  -3.0938  0.6685
54860.3  -3.1008  0.6680
54884.6  -3.1079  0.6675
54908.9  -3.1151  0.6669
54933.2  -3.1224  0.6664
54957.6  -3.1298  0.6659
54982  -3.1372  0.6653
55006.4  -3.1447  0.6648
55030.8  -3.1523  0.6643
55055.2  -3.1600  0.6637
55079.7  -3.1678  0.6632
55104.2  -3.1757  0.6627
55128.7  -3.1836  0.6621
55153.2  -3.1917  0.6616
55177.7  -3.1999  0.6611
55202.3  -3.2081  0.6605
55226.9  -3.2165  0.6600
55251.5  -3.2249  0.6595
55276.1  -3.2335  0.6589
55300.8  -3.2422  0.6584
55325.5  -3.2510  0.6579
55350.2  -3.2599  0.6573
55374.9  -3.2689  0.6568
55399.6  -3.2780  0.6563
55424.4  -3.2873  0.6557
55449.2  -3.2967  0.6552
55474  -3.3062  0.6547
55498.8  -3.3159  0.6541
55523.7  -3.3257  0.6536
55548.5  -3.3356  0.6531
55573.4  -3.3457  0.6526
55598.4  -3.3559  0.6520
55623.3  -3.3663  0.6515
55648.3  -3.3768  0.6510
55673.3  -3.3875  0.6504
55698.3  -3.3983  0.6499
55723.3  -3.4094  0.6494
55748.4  -3.4206  0.6489
55773.4  -3.4320  0.6483
55798.5  -3.4436  0.6478
55823.7  -3.4553  0.6473
55848.8  -3.4673  0.6467
55874  -3.4795  0.6462
55899.2  -3.4919  0.6457
55924.4  -3.5045  0.6452
55949.6  -3.5173  0.6446
55974.9  -3.5304  0.6441
56000.2  -3.5437  0.6436
56025.5  -3.5572  0.6430
56050.8  -3.5711  0.6425
56076.1  -3.5852  0.6420
56101.5  -3.5995  0.6415
56126.9  -3.6142  0.6409
56152.3  -3.6292  0.6404
56177.8  -3.6445  0.6399
56203.2  -3.6601  0.6394
56228.7  -3.6760  0.6388
56254.2  -3.6924  0.6383
56279.8  -3.7091  0.6378
56305.3  -3.7261  0.6373
56330.9  -3.7436  0.6367
56356.5  -3.7615  0.6362
56382.1  -3.7799  0.6357
56407.8  -3.7987  0.6352
56433.5  -3.8180  0.6346
56459.2  -3.8379  0.6341
56484.9  -3.8582  0.6336
56510.6  -3.8792  0.6331
56536.4  -3.9007  0.6325
56562.2  -3.9229  0.6320
56588  -3.9457  0.6315
56613.9  -3.9693  0.6310
56639.7  -3.9936  0.6305
56665.6  -4.0188  0.6299
56691.5  -4.0448  0.6294
56717.4  -4.0717  0.6289
56743.4  -4.0996  0.6284
56769.4  -4.1285  0.6278
56795.4  -4.1586  0.6273
56821.4  -4.1899  0.6268
56847.5  -4.2225  0.6263
56873.6  -4.2566  0.6258
56899.7  -4.2922  0.6252
56925.8  -4.3295  0.6247
56951.9  -4.3687  0.6242
56978.1  -4.4099  0.6237
57004.3  -4.4535  0.6232
57030.5  -4.4995  0.6226
57056.8  -4.5484  0.6221
57083  -4.6005  0.6216
57109.3  -4.6562  0.6211
57135.6  -4.7161  0.6206
57162  -4.7807  0.6200
57188.4  -4.8510  0.6195
57214.7  -4.9280  0.6190
57241.2  -5.0130  0.6185
57267.6  -5.1079  0.6180
57294.1  -5.2152  0.6175
57320.5  -5.3385  0.6169
57347.1  -5.4834  0.6164
57373.6  -5.6589  0.6159
57400.2  -5.8811  0.6154
57426.7  -6.1838  0.6149
57453.4  -6.6590  0.6144
57480  -7.8266  0.6138
57506.7  -7.2776  3.3228
57533.3  -6.4740  3.3204
57560  -6.0627  3.3181
57586.8  -5.7836  3.3157
57613.5  -5.5719  3.3134
57640.3  -5.4010  3.3110
57667.1  -5.2576  3.3087
57694  -5.1341  3.3063
57720.8  -5.0254  3.3039
57747.7  -4.9285  3.3016
57774.6  -4.8409  3.2992
57801.6  -4.7609  3.2969
57828.5  -4.6875  3.2945
57855.5  -4.6194  3.2922
57882.5  -4.5561  3.2898
57909.5  -4.4968  3.2875
57936.6  -4.4411  3.2851
57963.7  -4.3885  3.2828
57990.8  -4.3387  3.2804
58017.9  -4.2915  3.2780
58045.1  -4.2465  3.2757
58072.3  -4.2036  3.2733
58099.5  -4.1625  3.2710
58126.7  -4.1231  3.2686
58154  -4.0854  3.2663
58181.3  -4.0490  3.2639
58208.6  -4.0140  3.2616
58236  -3.9803  3.2592
58263.3  -3.9476  3.2569
58290.7  -3.9161  3.2545
58318.1  -3.8856  3.2522
58345.6  -3.8560  3.2498
58373  -3.8272  3.2475
58400.5  -3.7993  3.2451
58428.1  -3.7722  3.2428
58455.6  -3.7459  3.2404
58483.2  -3.7202  3.2381
58510.8  -3.6952  3.2357
58538.4  -3.6708  3.2334
58566.1  -3.6470  3.2310
58593.7  -3.6237  3.2286
58621.4  -3.6010  3.2263
58649.2  -3.5788  3.2239
58676.9  -3.5571  3.2216
58704.7  -3.5359  3.2192
58732.5  -3.5151  3.2169
58760.4  -3.4947  3.2145
58788.2  -3.4748  3.2122
58816.1  -3.4552  3.2098
58844  -3.4360  3.2075
58872  -3.4172  3.2051
58899.9  -3.3987  3.2028
58927.9  -3.3806  3.2004
58955.9  -3.3628  3.1981
58984  -3.3453  3.1957
59012.1  -3.3281  3.1934
59040.2  -3.3112  3.1910
59068.3  -3.2945  3.1887
59096.4  -3.2782  3.1863
59124.6  -3.2621  3.1840
59152.8  -3.2462  3.1816
59181.1  -3.2306  3.1793
59209.3  -3.2152  3.1769
59237.6  -3.2001  3.1746
59265.9  -3.1852  3.1722
59294.3  -3.1705  3.1699
59322.7  -3.1560  3.1676
59351.1  -3.1417  3.1652
59379.5  -3.1276  3.1629
59407.9  -3.1137  3.1605
59436.4  -3.1000  3.1582
59464.9  -3.0865  3.1558
59493.4  -3.0731  3.1535
59522  -3.0600  3.1511
59550.6  -3.0469  3.1488
59579.2  -3.0341  3.1464
59607.9  -3.0214  3.1441
59636.5  -3.0089  3.1417
59665.2  -2.9965  3.1394
59694  -2.9842  3.1370
59722.7  -2.9722  3.1347
59751.5  -2.9602  3.1323
59780.3  -2.9484  3.1300
59809.1  -2.9367  3.1276
59838  -2.9252  3.1253
59866.9  -2.9137  3.1230
59895.8  -2.9024  3.1206
59924.8  -2.8913  3.1183
59953.7  -2.8802  3.1159
59982.7  -2.8693  3.1136
60011.8  -2.8584  3.1112
60040.8  -2.8477  3.1089
60069.9  -2.8371  3.1065
60099.1  -2.8266  3.1042
60128.2  -2.8162  3.1018
60157.4  -2.8059  3.0995
60186.6  -2.7958  3.0972
60215.8  -2.7857  3.0948
60245.1  -2.7757  3.0925
60274.4  -2.7658  3.0901
60303.7  -2.7560  3.0878
60333  -2.7393  3.0854
60362.4  -2.7297  3.0830
60391.8  -2.7202  3.0805
60421.2  -2.7108  3.0781
60450.7  -2.7014  3.0757
60480.2  -2.6921  3.0733
60509.7  -2.6829  3.0708
60539.2  -2.6738  3.0684
60568.8  -2.6648  3.0660
60598.4  -2.6559  3.0636
60628  -2.6470  3.0611
60657.7  -2.6382  3.0587
60687.4  -2.6295  3.0563
60717.1  -2.6208  3.0539
60746.9  -2.6122  3.0515
60776.6  -2.6037  3.0490
60806.4  -2.5953  3.0466
60836.3  -2.5869  3.0442
60866.1  -2.5786  3.0418
60896  -2.5704  3.0394
60926  -2.5622  3.0369
60955.9  -2.5541  3.0345
60985.9  -2.5461  3.0321
61015.9  -2.5381  3.0297
61046  -2.5302  3.0273
61076  -2.5223  3.0249
61106.1  -2.5145  3.0225
61136.3  -2.5068  3.0200
61166.4  -2.4991  3.0176
61196.6  -2.4915  3.0152
61226.8  -2.4839  3.0128
61257.1  -2.4764  3.0104
61287.4  -2.4689  3.0080
61317.7  -2.4615  3.0056
61348  -2.4542  3.0032
61378.4  -2.4469  3.0008
61992.2  -2.3109  2.9527
65254.9  -1.8191  2.7164
68880.2  -1.5002  2.4865
72932  -1.2749  2.2634
77490.2  -1.1106  2.0475
82656.2  -0.9887  1.8375
88560.2  -0.9021  1.6346
95372.6  -0.8438  1.4407
103320  -0.8083  1.2560
112713  -0.7918  1.0811
123984  -0.7810  0.9119
