4290.12 -4.6492 8.8166
4305.01 -4.6558 8.7701
4320.01 -4.6627 8.7237
4335.12 -4.6698 8.6773
4350.33 -4.6771 8.6311
4365.65 -4.6846 8.5848
4381.07 -4.6923 8.5387
4396.61 -4.7003 8.4926
4412.25 -4.7084 8.4466
4428.01 -4.7168 8.4007
4443.88 -4.7254 8.3548
4459.87 -4.7342 8.3090
4475.97 -4.7432 8.2633
4492.19 -4.7525 8.2176
4508.52 -4.7620 8.1720
4524.98 -4.7717 8.1265
4541.55 -4.7817 8.0811
4558.25 -4.7919 8.0357
4575.07 -4.8023 7.9904
4592.01 -4.8130 7.9452
4609.08 -4.8239 7.9000
4626.28 -4.8351 7.8549
4643.61 -4.8465 7.8099
4661.07 -4.8582 7.7650
4678.65 -4.8701 7.7201
4696.38 -4.8824 7.6753
4714.23 -4.8948 7.6306
4732.23 -4.9076 7.5859
4750.36 -4.9206 7.5414
4768.63 -4.9339 7.4969
4787.04 -4.9475 7.4524
4805.59 -4.9614 7.4081
4824.29 -4.9755 7.3638
4843.14 -4.9900 7.3196
4862.13 -5.0048 7.2755
4881.27 -5.0199 7.2315
4900.57 -5.0352 7.1875
4920.01 -5.0509 7.1436
4939.62 -5.0670 7.0998
4959.37 -5.0833 7.0561
4979.29 -5.1000 7.0124
4999.37 -5.1171 6.9688
5019.61 -5.1345 6.9253
5040.01 -5.1522 6.8819
5060.59 -5.1703 6.8386
5081.33 -5.1888 6.7953
5102.24 -5.2077 6.7521
5123.32 -5.2270 6.7090
5144.58 -5.2466 6.6660
5166.01 -5.2667 6.6230
5187.63 -5.2871 6.5802
5209.43 -5.3080 6.5374
5231.41 -5.3294 6.4947
5253.57 -5.3512 6.4521
5275.93 -5.3734 6.4096
5298.48 -5.3961 6.3671
5321.22 -5.4193 6.3247
5344.15 -5.4430 6.2825
5367.29 -5.4665 6.2402
5390.62 -5.4877 6.1981
5414.16 -5.5130 6.1560
5437.91 -5.5389 6.1140
5461.87 -5.5653 6.0721
5486.03 -5.5924 6.0303
5510.42 -5.6200 5.9885
5535.02 -5.6433 5.9469
5559.84 -5.6723 5.9052
5584.88 -5.7020 5.8637
5610.15 -5.7323 5.8223
5635.65 -5.7634 5.7809
5661.39 -5.7952 5.7396
5687.36 -5.8278 5.6985
5713.56 -5.8611 5.6574
5740.02 -5.8953 5.6164
5766.71 -5.9303 5.5755
5793.66 -5.9662 5.5347
5820.86 -6.0031 5.4940
5848.32 -6.0402 5.4534
5876.04 -6.0790 5.4128
5904.02 -6.1189 5.3724
5932.27 -6.1598 5.3321
5960.79 -6.2019 5.2918
5989.58 -6.2451 5.2517
6018.66 -6.2897 5.2116
6048.02 -6.3355 5.1717
6077.66 -6.3827 5.1318
6107.6 -6.4313 5.0920
6137.84 -6.4815 5.0524
6168.38 -6.5332 5.0128
6199.22 -6.5867 4.9733
6230.37 -6.6419 4.9340
6261.84 -6.6991 4.8947
6293.62 -6.7582 4.8555
6325.73 -6.8195 4.8164
6358.17 -6.8831 4.7775
6390.95 -6.9491 4.7386
6424.06 -7.0177 4.6998
6457.52 -7.0891 4.6611
6491.33 -7.1635 4.6226
6525.49 -7.2412 4.5841
6560.02 -7.3223 4.5457
6594.91 -7.4072 4.5075
6630.18 -7.4963 4.4693
6665.82 -7.5898 4.4312
6701.86 -7.6883 4.3933
6738.28 -7.7923 4.3554
6775.1 -7.9022 4.3177
6812.33 -8.0189 4.2800
6849.96 -8.1430 4.2425
6888.02 -8.2756 4.2051
6926.5 -8.4178 4.1677
6965.41 -8.5711 4.1305
7004.77 -8.7334 4.0934
7044.57 -8.9144 4.0563
7084.82 -9.1133 4.0193
7125.54 -9.3336 3.9825
7166.73 -9.5804 3.9457
7208.39 -9.8609 3.9091
7250.55 -10.1853 3.8726
7293.2 -10.5699 3.8362
7336.35 -11.0416 3.7999
7380.02 -11.6514 3.7638
7424.21 -12.5145 3.7277
7455.91 -13.4525 3.7022
7456.36 -13.4692 3.7018
7456.81 -13.4860 3.7015
7457.26 -13.5030 3.7011
7457.7 -13.5201 3.7008
7458.15 -13.5373 3.7004
7458.6 -13.5546 3.7000
7459.05 -13.5722 3.6997
7459.5 -13.5898 3.6993
7459.95 -13.6076 3.6990
7460.4 -13.6256 3.6986
7460.85 -13.6437 3.6983
7461.3 -13.6619 3.6979
7461.74 -13.6804 3.6975
7462.19 -13.6989 3.6972
7462.64 -13.7177 3.6968
7463.09 -13.7366 3.6965
7463.54 -13.7557 3.6961
7463.99 -13.7749 3.6957
7464.44 -13.7943 3.6954
7464.89 -13.8140 3.6950
7465.34 -13.8337 3.6947
7465.79 -13.8537 3.6943
7466.24 -13.8739 3.6939
7466.69 -13.8942 3.6936
7467.14 -13.9148 3.6932
7467.59 -13.9355 3.6929
7468.04 -13.9565 3.6925
7468.49 -13.9777 3.6921
7468.94 -13.9990 3.6918
7469.39 -14.0206 3.6914
7469.84 -14.0424 3.6911
7470.29 -14.0645 3.6907
7470.74 -14.0868 3.6904
7471.19 -14.1093 3.6900
7471.64 -14.1320 3.6896
7472.09 -14.1551 3.6893
7472.54 -14.1782 3.6889
7472.99 -14.2018 3.6886
7473.44 -14.2256 3.6882
7473.89 -14.2496 3.6878
7474.34 -14.2739 3.6875
7474.79 -14.2985 3.6871
7475.24 -14.3234 3.6868
7475.69 -14.3485 3.6864
7476.14 -14.3740 3.6861
7476.59 -14.3997 3.6857
7477.04 -14.4258 3.6853
7477.49 -14.4522 3.6850
7477.95 -14.4789 3.6846
7478.4 -14.5060 3.6843
7478.85 -14.5334 3.6839
7479.3 -14.5611 3.6835
7479.75 -14.5893 3.6832
7480.2 -14.6178 3.6828
7480.65 -14.6467 3.6825
7481.1 -14.6759 3.6821
7481.56 -14.7056 3.6817
7482.01 -14.7357 3.6814
7482.46 -14.7662 3.6810
7482.91 -14.7972 3.6807
7483.36 -14.8286 3.6803
7483.81 -14.8605 3.6800
7484.27 -14.8929 3.6796
7484.72 -14.9257 3.6792
7485.17 -14.9591 3.6789
7485.62 -14.9930 3.6785
7486.07 -15.0275 3.6782
7486.53 -15.0625 3.6778
7486.98 -15.0980 3.6774
7487.43 -15.1342 3.6771
7487.88 -15.1710 3.6767
7488.33 -15.2085 3.6764
7488.79 -15.2466 3.6760
7489.24 -15.2854 3.6757
7489.69 -15.3249 3.6753
7490.14 -15.3651 3.6749
7490.6 -15.4061 3.6746
7491.05 -15.4479 3.6742
7491.5 -15.4905 3.6739
7491.95 -15.5340 3.6735
7492.41 -15.5784 3.6731
7492.86 -15.6237 3.6728
7493.31 -15.6699 3.6724
7493.77 -15.7172 3.6721
7494.22 -15.7656 3.6717
7494.67 -15.8150 3.6714
7495.12 -15.8656 3.6710
7495.58 -15.9175 3.6706
7496.03 -15.9706 3.6703
7496.48 -16.0250 3.6699
7496.94 -16.0808 3.6696
7497.39 -16.1381 3.6692
7497.84 -16.1970 3.6689
7498.3 -16.2575 3.6685
7498.75 -16.3197 3.6681
7499.2 -16.3838 3.6678
7499.66 -16.4499 3.6674
7500.11 -16.5180 3.6671
7500.57 -16.5883 3.6667
7501.02 -16.6609 3.6663
7501.47 -16.7361 3.6660
7501.93 -16.8140 3.6656
7502.38 -16.8948 3.6653
7502.83 -16.9786 3.6649
7503.29 -17.0659 3.6646
7503.74 -17.1568 3.6642
7504.2 -17.2516 3.6638
7504.65 -17.3507 3.6635
7505.11 -17.4546 3.6631
7505.56 -17.5637 3.6628
7506.01 -17.6785 3.6624
7506.47 -17.7997 3.6621
7506.92 -17.9280 3.6617
7507.38 -18.0643 3.6613
7507.83 -18.2096 3.6610
7508.29 -18.3654 3.6606
7508.74 -18.5330 3.6603
7509.2 -18.7146 3.6599
7509.65 -18.9126 3.6595
7510.11 -19.1302 3.6592
7510.56 -19.3719 3.6588
7511.02 -19.6435 3.6585
7511.47 -19.9535 3.6581
7511.93 -20.3146 3.6578
7512.38 -20.7468 3.6574
7512.84 -21.2852 3.6570
7513.29 -21.9996 3.6567
7513.75 -23.0634 3.6563
7514.2 -25.1836 3.6560
7514.66 -26.2632 10.6165
7515.11 -23.4317 10.6149
7515.57 -22.2266 10.6134
7516.02 -21.4495 10.6119
7516.48 -20.8746 10.6104
7516.94 -20.4181 10.6089
7517.39 -20.0393 10.6074
7517.85 -19.7156 10.6059
7518.3 -19.4329 10.6044
7518.76 -19.1820 10.6029
7519.22 -18.9564 10.6014
7519.67 -18.7515 10.5999
7520.13 -18.5637 10.5984
7520.58 -18.3905 10.5969
7521.04 -18.2298 10.5954
7521.5 -18.0797 10.5939
7521.95 -17.9391 10.5924
7522.41 -17.8068 10.5909
7522.87 -17.6818 10.5894
7523.32 -17.5635 10.5879
7523.78 -17.4510 10.5864
7524.23 -17.3439 10.5849
7524.69 -17.2417 10.5834
7525.15 -17.1439 10.5819
7525.61 -17.0502 10.5804
7526.06 -16.9603 10.5790
7526.52 -16.8737 10.5775
7526.98 -16.7904 10.5760
7527.43 -16.7101 10.5745
7527.89 -16.6325 10.5730
7528.35 -16.5575 10.5715
7528.8 -16.4849 10.5700
7529.26 -16.4146 10.5685
7529.72 -16.3464 10.5670
7530.18 -16.2803 10.5655
7530.63 -16.2160 10.5640
7531.09 -16.1534 10.5625
7531.55 -16.0926 10.5610
7532.01 -16.0334 10.5595
7532.46 -15.9756 10.5581
7532.92 -15.9193 10.5566
7533.38 -15.8644 10.5551
7533.84 -15.8108 10.5536
7534.29 -15.7584 10.5521
7534.75 -15.7073 10.5506
7535.21 -15.6572 10.5491
7535.67 -15.6082 10.5476
7536.13 -15.5603 10.5461
7536.58 -15.5134 10.5447
7537.04 -15.4674 10.5432
7537.5 -15.4224 10.5417
7537.96 -15.3782 10.5402
7538.42 -15.3349 10.5387
7538.88 -15.2923 10.5372
7539.33 -15.2506 10.5357
7539.79 -15.2096 10.5343
7540.25 -15.1694 10.5328
7540.71 -15.1299 10.5313
7541.17 -15.0910 10.5298
7541.63 -15.0528 10.5283
7542.09 -15.0153 10.5268
7542.54 -14.9783 10.5253
7543 -14.9420 10.5239
7543.46 -14.9062 10.5224
7543.92 -14.8710 10.5209
7544.38 -14.8363 10.5194
7544.84 -14.8021 10.5179
7545.3 -14.7685 10.5165
7545.76 -14.7353 10.5150
7546.22 -14.7027 10.5135
7546.68 -14.6705 10.5120
7547.14 -14.6387 10.5105
7547.6 -14.6074 10.5091
7548.05 -14.5765 10.5076
7548.51 -14.5461 10.5061
7548.97 -14.5160 10.5046
7549.43 -14.4863 10.5032
7549.89 -14.4571 10.5017
7550.35 -14.4282 10.5002
7550.81 -14.3996 10.4987
7551.27 -14.3715 10.4972
7551.73 -14.3436 10.4958
7552.19 -14.3161 10.4943
7552.65 -14.2890 10.4928
7553.11 -14.2622 10.4913
7553.57 -14.2356 10.4899
7554.03 -14.2094 10.4884
7554.49 -14.1835 10.4869
7554.95 -14.1579 10.4855
7555.41 -14.1326 10.4840
7555.87 -14.1076 10.4825
7556.33 -14.0828 10.4810
7556.8 -14.0583 10.4796
7557.26 -14.0341 10.4781
7557.72 -14.0101 10.4766
7558.18 -13.9864 10.4752
7558.64 -13.9629 10.4737
7559.1 -13.9397 10.4722
7559.56 -13.9167 10.4707
7560.02 -13.8940 10.4693
7560.48 -13.8714 10.4678
7560.94 -13.8491 10.4663
7561.4 -13.8271 10.4649
7561.87 -13.8052 10.4634
7562.33 -13.7836 10.4619
7562.79 -13.7621 10.4605
7563.25 -13.7409 10.4590
7563.71 -13.7198 10.4575
7564.17 -13.6990 10.4561
7564.63 -13.6783 10.4546
7565.1 -13.6579 10.4531
7565.56 -13.6376 10.4517
7566.02 -13.6175 10.4502
7566.48 -13.5976 10.4487
7566.94 -13.5779 10.4473
7567.4 -13.5583 10.4458
7567.87 -13.5389 10.4444
7568.33 -13.5197 10.4429
7568.79 -13.5006 10.4414
7569.25 -13.4817 10.4400
7569.71 -13.4630 10.4385
7570.18 -13.4444 10.4370
7570.64 -13.4260 10.4356
7571.1 -13.4077 10.4341
7571.56 -13.3896 10.4327
7572.03 -13.3716 10.4312
7572.49 -13.3538 10.4297
7572.95 -13.3361 10.4283
7573.41 -13.3186 10.4268
7573.88 -13.3011 10.4254
7574.34 -13.2839 10.4239
7574.8 -13.2667 10.4224
7575.26 -13.2497 10.4210
7575.73 -13.2328 10.4195
7576.19 -13.2161 10.4181
7576.65 -13.1995 10.4166
7577.12 -13.1830 10.4152
7577.58 -13.1666 10.4137
7578.04 -13.1503 10.4123
7578.51 -13.1342 10.4108
7578.97 -13.1182 10.4093
7579.43 -13.1023 10.4079
7579.9 -13.0865 10.4064
7580.36 -13.0708 10.4050
7580.82 -13.0552 10.4035
7581.29 -13.0398 10.4021
7581.75 -13.0244 10.4006
7582.21 -13.0092 10.3992
7582.68 -12.9941 10.3977
7583.14 -12.9790 10.3963
7606.4 -12.3359 10.3241
7653.35 -11.4481 10.1825
7700.89 -10.8431 10.0442
7749.02 -10.4037 9.9093
7797.76 -10.0751 9.7776
7847.11 -9.8307 9.6492
7897.09 -9.7986 9.5297
7947.71 -9.6825 9.4284
7998.99 -9.6298 9.3274
8050.93 -9.6512 9.2267
8103.55 -9.7739 9.1262
8156.86 -10.0690 9.0260
8178.93 -10.2836 8.9850
8179.47 -10.2899 8.9840
8180.01 -10.2963 8.9830
8180.55 -10.3027 8.9820
8181.09 -10.3093 8.9810
8181.62 -10.3159 8.9800
8182.16 -10.3225 8.9790
8182.7 -10.3292 8.9780
8183.24 -10.3360 8.9770
8183.79 -10.3429 8.9760
8184.33 -10.3498 8.9750
8184.87 -10.3568 8.9740
8185.41 -10.3639 8.9730
8185.95 -10.3711 8.9720
8186.49 -10.3783 8.9710
8187.03 -10.3856 8.9700
8187.57 -10.3930 8.9690
8188.11 -10.4005 8.9680
8188.65 -10.4080 8.9670
8189.19 -10.4156 8.9660
8189.73 -10.4234 8.9650
8190.27 -10.4311 8.9640
8190.81 -10.4390 8.9630
8191.35 -10.4470 8.9620
8191.9 -10.4551 8.9610
8192.44 -10.4632 8.9600
8192.98 -10.4715 8.9590
8193.52 -10.4798 8.9580
8194.06 -10.4882 8.9570
8194.6 -10.4968 8.9560
8195.14 -10.5054 8.9550
8195.69 -10.5142 8.9540
8196.23 -10.5230 8.9530
8196.77 -10.5320 8.9520
8197.31 -10.5410 8.9510
8197.85 -10.5502 8.9500
8198.4 -10.5595 8.9490
8198.94 -10.5688 8.9480
8199.48 -10.5784 8.9470
8200.02 -10.5880 8.9460
8200.57 -10.5977 8.9450
8201.11 -10.6076 8.9441
8201.65 -10.6176 8.9431
8202.19 -10.6278 8.9421
8202.74 -10.6380 8.9411
8203.28 -10.6484 8.9401
8203.82 -10.6590 8.9391
8204.36 -10.6696 8.9381
8204.91 -10.6805 8.9371
8205.45 -10.6915 8.9361
8205.99 -10.7026 8.9351
8206.54 -10.7139 8.9341
8207.08 -10.7253 8.9331
8207.62 -10.7369 8.9321
8208.17 -10.7487 8.9311
8208.71 -10.7606 8.9301
8209.25 -10.7727 8.9291
8209.8 -10.7850 8.9281
8210.34 -10.7975 8.9271
8210.88 -10.8102 8.9261
8211.43 -10.8231 8.9251
8211.97 -10.8361 8.9241
8212.52 -10.8494 8.9231
8213.06 -10.8629 8.9221
8213.6 -10.8766 8.9211
8214.15 -10.8905 8.9201
8214.69 -10.9047 8.9191
8215.24 -10.9190 8.9181
8215.78 -10.9337 8.9171
8216.32 -10.9485 8.9161
8216.87 -10.9637 8.9151
8217.41 -10.9791 8.9141
8217.96 -10.9948 8.9131
8218.5 -11.0107 8.9121
8219.05 -11.0270 8.9111
8219.59 -11.0435 8.9101
8220.14 -11.0604 8.9091
8220.68 -11.0776 8.9081
8221.23 -11.0951 8.9071
8221.77 -11.1130 8.9061
8222.32 -11.1312 8.9051
8222.86 -11.1498 8.9041
8223.41 -11.1688 8.9032
8223.95 -11.1882 8.9022
8224.5 -11.2080 8.9012
8225.05 -11.2283 8.9002
8225.59 -11.2490 8.8992
8226.14 -11.2701 8.8982
8226.68 -11.2918 8.8972
8227.23 -11.3139 8.8962
8227.78 -11.3366 8.8952
8228.32 -11.3599 8.8942
8228.87 -11.3837 8.8932
8229.41 -11.4082 8.8922
8229.96 -11.4333 8.8912
8230.51 -11.4590 8.8902
8231.05 -11.4855 8.8892
8231.6 -11.5127 8.8882
8232.15 -11.5408 8.8872
8232.69 -11.5696 8.8862
8233.24 -11.5993 8.8852
8233.79 -11.6299 8.8842
8234.33 -11.6616 8.8832
8234.88 -11.6942 8.8822
8235.43 -11.7280 8.8812
8235.97 -11.7630 8.8802
8236.52 -11.7993 8.8792
8237.07 -11.8369 8.8782
8237.62 -11.8759 8.8772
8238.16 -11.9166 8.8762
8238.71 -11.9589 8.8752
8239.26 -12.0031 8.8742
8239.8 -12.0493 8.8733
8240.35 -12.0977 8.8723
8240.9 -12.1485 8.8713
8241.45 -12.2019 8.8703
8242 -12.2582 8.8693
8242.54 -12.3178 8.8683
8243.09 -12.3810 8.8673
8243.64 -12.4482 8.8663
8244.19 -12.5201 8.8653
8244.74 -12.5973 8.8643
8245.28 -12.6805 8.8633
8245.83 -12.7709 8.8623
8246.38 -12.8697 8.8613
8246.93 -12.9786 8.8603
8247.48 -13.0998 8.8593
8248.03 -13.2366 8.8583
8248.58 -13.3933 8.8573
8249.12 -13.5766 8.8563
8249.67 -13.7974 8.8553
8250.22 -14.0749 8.8543
8250.77 -14.4479 8.8533
8251.32 -15.0182 8.8523
8251.87 -16.2714 8.8513
8252.42 -16.1704 12.3319
8252.97 -14.9897 12.3302
8253.52 -14.4292 12.3286
8254.07 -14.0573 12.3269
8254.62 -13.7784 12.3252
8255.17 -13.5549 12.3236
8255.72 -13.3684 12.3219
8256.27 -13.2082 12.3203
8256.82 -13.0678 12.3186
8257.37 -12.9427 12.3169
8257.92 -12.8300 12.3153
8258.47 -12.7273 12.3136
8259.02 -12.6330 12.3120
8259.57 -12.5458 12.3103
8260.12 -12.4647 12.3086
8260.67 -12.3889 12.3070
8261.22 -12.3177 12.3053
8261.77 -12.2506 12.3037
8262.32 -12.1871 12.3020
8262.87 -12.1269 12.3004
8263.42 -12.0696 12.2987
8263.97 -12.0149 12.2971
8264.52 -11.9627 12.2954
8265.07 -11.9126 12.2937
8265.62 -11.8646 12.2921
8266.17 -11.8184 12.2904
8266.73 -11.7739 12.2888
8267.28 -11.7310 12.2871
8267.83 -11.6896 12.2855
8268.38 -11.6496 12.2838
8268.93 -11.6108 12.2822
8269.48 -11.5733 12.2805
8270.03 -11.5368 12.2789
8270.59 -11.5014 12.2772
8271.14 -11.4671 12.2756
8271.69 -11.4336 12.2739
8272.24 -11.4010 12.2723
8272.79 -11.3693 12.2707
8273.34 -11.3384 12.2690
8273.9 -11.3082 12.2674
8274.45 -11.2788 12.2657
8275 -11.2500 12.2641
8275.55 -11.2219 12.2624
8276.11 -11.1944 12.2608
8276.66 -11.1675 12.2591
8277.21 -11.1412 12.2575
8277.76 -11.1154 12.2559
8278.32 -11.0901 12.2542
8278.87 -11.0653 12.2526
8279.42 -11.0410 12.2509
8279.97 -11.0172 12.2493
8280.53 -10.9938 12.2477
8281.08 -10.9708 12.2460
8281.63 -10.9482 12.2444
8282.19 -10.9260 12.2427
8282.74 -10.9042 12.2411
8283.29 -10.8828 12.2395
8283.85 -10.8617 12.2378
8284.4 -10.8410 12.2362
8284.95 -10.8206 12.2345
8285.51 -10.8005 12.2329
8286.06 -10.7807 12.2313
8286.62 -10.7612 12.2296
8287.17 -10.7420 12.2280
8287.72 -10.7231 12.2264
8288.28 -10.7045 12.2247
8288.83 -10.6861 12.2231
8289.39 -10.6680 12.2215
8289.94 -10.6501 12.2198
8290.49 -10.6325 12.2182
8291.05 -10.6151 12.2166
8291.6 -10.5979 12.2149
8292.16 -10.5810 12.2133
8292.71 -10.5642 12.2117
8293.27 -10.5477 12.2101
8293.82 -10.5314 12.2084
8294.38 -10.5153 12.2068
8294.93 -10.4994 12.2052
8295.49 -10.4836 12.2035
8296.04 -10.4681 12.2019
8296.6 -10.4527 12.2003
8297.15 -10.4375 12.1987
8297.71 -10.4225 12.1970
8298.26 -10.4077 12.1954
8298.82 -10.3930 12.1938
8299.37 -10.3785 12.1922
8299.93 -10.3641 12.1905
8300.48 -10.3499 12.1889
8301.04 -10.3358 12.1873
8301.6 -10.3219 12.1857
8302.15 -10.3081 12.1841
8302.71 -10.2945 12.1824
8303.26 -10.2810 12.1808
8303.82 -10.2676 12.1792
8304.38 -10.2544 12.1776
8304.93 -10.2413 12.1759
8305.49 -10.2283 12.1743
8306.05 -10.2154 12.1727
8306.6 -10.2027 12.1711
8307.16 -10.1901 12.1695
8307.72 -10.1776 12.1679
8308.27 -10.1652 12.1662
8308.83 -10.1529 12.1646
8309.39 -10.1407 12.1630
8309.94 -10.1287 12.1614
8310.5 -10.1167 12.1598
8311.06 -10.1049 12.1582
8311.61 -10.0932 12.1565
8312.17 -10.0815 12.1549
8312.73 -10.0700 12.1533
8313.29 -10.0585 12.1517
8313.84 -10.0472 12.1501
8314.4 -10.0359 12.1485
8314.96 -10.0247 12.1469
8315.52 -10.0137 12.1453
8316.07 -10.0027 12.1437
8316.63 -9.9918 12.1420
8317.19 -9.9809 12.1404
8317.75 -9.9702 12.1388
8318.31 -9.9596 12.1372
8318.86 -9.9490 12.1356
8319.42 -9.9385 12.1340
8319.98 -9.9281 12.1324
8320.54 -9.9178 12.1308
8321.1 -9.9075 12.1292
8321.66 -9.8974 12.1276
8322.21 -9.8873 12.1260
8322.77 -9.8772 12.1244
8323.33 -9.8673 12.1228
8323.89 -9.8574 12.1212
8324.45 -9.8476 12.1195
8325.01 -9.8378 12.1179
8325.57 -9.8282 12.1163
8326.13 -9.8185 12.1147
8326.69 -9.8090 12.1131
8327.24 -9.7995 12.1115
8327.8 -9.7901 12.1099
8328.36 -9.7808 12.1083
8328.92 -9.7715 12.1067
8329.48 -9.7622 12.1051
8330.04 -9.7531 12.1035
8330.6 -9.7440 12.1019
8331.16 -9.7349 12.1003
8331.72 -9.7259 12.0987
8332.28 -9.7170 12.0971
8377.32 -9.1424 11.9708
8434.31 -8.6599 11.8169
8492.08 -8.3294 11.6673
8550.64 -8.1178 11.5220
8610.02 -8.0435 11.3808
8634.61 -8.0759 11.3241
8635.21 -8.0774 11.3228
8635.81 -8.0790 11.3214
8636.41 -8.0805 11.3200
8637.01 -8.0822 11.3186
8637.62 -8.0838 11.3173
8638.22 -8.0856 11.3159
8638.82 -8.0873 11.3145
8639.42 -8.0891 11.3131
8640.02 -8.0910 11.3118
8640.63 -8.0929 11.3104
8641.23 -8.0948 11.3090
8641.83 -8.0968 11.3077
8642.43 -8.0988 11.3063
8643.04 -8.1009 11.3049
8643.64 -8.1031 11.3036
8644.24 -8.1053 11.3022
8644.84 -8.1075 11.3008
8645.45 -8.1098 11.2995
8646.05 -8.1121 11.2981
8646.65 -8.1146 11.2967
8647.26 -8.1170 11.2954
8647.86 -8.1195 11.2940
8648.46 -8.1221 11.2926
8649.06 -8.1247 11.2913
8649.67 -8.1274 11.2899
8650.27 -8.1302 11.2885
8650.88 -8.1330 11.2872
8651.48 -8.1359 11.2858
8652.08 -8.1389 11.2844
8652.69 -8.1419 11.2831
8653.29 -8.1450 11.2817
8653.89 -8.1481 11.2804
8654.5 -8.1513 11.2790
8655.1 -8.1546 11.2776
8655.71 -8.1580 11.2763
8656.31 -8.1615 11.2749
8656.92 -8.1650 11.2736
8657.52 -8.1686 11.2722
8658.12 -8.1723 11.2708
8658.73 -8.2190 11.2695
8659.33 -8.2227 11.2682
8659.94 -8.2266 11.2670
8660.54 -8.2305 11.2657
8661.15 -8.2346 11.2644
8661.75 -8.2387 11.2631
8662.36 -8.2429 11.2618
8662.96 -8.2472 11.2606
8663.57 -8.2516 11.2593
8664.17 -8.2561 11.2580
8664.78 -8.2608 11.2567
8665.39 -8.2655 11.2554
8665.99 -8.2703 11.2541
8666.6 -8.2753 11.2529
8667.2 -8.2804 11.2516
8667.81 -8.2856 11.2503
8668.42 -8.2909 11.2490
8669.02 -8.2964 11.2477
8669.63 -8.3019 11.2464
8670.23 -8.3077 11.2452
8670.84 -8.3135 11.2439
8671.45 -8.3196 11.2426
8672.05 -8.3257 11.2413
8672.66 -8.3321 11.2400
8673.27 -8.3385 11.2388
8673.87 -8.3452 11.2375
8674.48 -8.3520 11.2362
8675.09 -8.3590 11.2349
8675.69 -8.3662 11.2336
8676.3 -8.3736 11.2323
8676.91 -8.3812 11.2311
8677.52 -8.3890 11.2298
8678.12 -8.3970 11.2285
8678.73 -8.4052 11.2272
8679.34 -8.4136 11.2259
8679.95 -8.4223 11.2247
8680.55 -8.4313 11.2234
8681.16 -8.4405 11.2221
8681.77 -8.4500 11.2208
8682.38 -8.4598 11.2195
8682.99 -8.4699 11.2182
8683.59 -8.4803 11.2170
8684.2 -8.4910 11.2157
8684.81 -8.5021 11.2144
8685.42 -8.5135 11.2131
8686.03 -8.5254 11.2118
8686.64 -8.5376 11.2105
8687.24 -8.5503 11.2093
8687.85 -8.5634 11.2080
8688.46 -8.5770 11.2067
8689.07 -8.5911 11.2054
8689.68 -8.6058 11.2041
8690.29 -8.6211 11.2029
8690.9 -8.6369 11.2016
8691.51 -8.6534 11.2003
8692.12 -8.6707 11.1990
8692.73 -8.6887 11.1977
8693.34 -8.7075 11.1964
8693.94 -8.7272 11.1952
8694.55 -8.7479 11.1939
8695.16 -8.7696 11.1926
8695.77 -8.7925 11.1913
8696.38 -8.8167 11.1900
8696.99 -8.8422 11.1888
8697.6 -8.8693 11.1875
8698.21 -8.8981 11.1862
8698.82 -8.9289 11.1849
8699.43 -8.9618 11.1836
8700.05 -8.9972 11.1823
8700.66 -9.0355 11.1811
8701.27 -9.0771 11.1798
8701.88 -9.1225 11.1785
8702.49 -9.1727 11.1772
8703.1 -9.2284 11.1759
8703.71 -9.2912 11.1747
8704.32 -9.3627 11.1734
8704.93 -9.4460 11.1721
8705.54 -9.5451 11.1708
8706.15 -9.6675 11.1695
8706.77 -9.8268 11.1682
8707.38 -10.0545 11.1670
8707.99 -10.4548 11.1657
8708.6 -11.9042 12.9054
8709.21 -10.3791 12.9039
8709.82 -10.0101 12.9025
8710.44 -9.7885 12.9010
8711.05 -9.6293 12.8996
8711.66 -9.5045 12.8981
8712.27 -9.4018 12.8967
8712.88 -9.3143 12.8952
8713.5 -9.2381 12.8938
8714.11 -9.1705 12.8923
8714.72 -9.1096 12.8909
8715.33 -9.0542 12.8895
8715.95 -9.0034 12.8880
8716.56 -8.9564 12.8866
8717.17 -8.9127 12.8851
8717.79 -8.8718 12.8837
8718.4 -8.8333 12.8822
8719.01 -8.7970 12.8808
8719.62 -8.7626 12.8793
8720.24 -8.7299 12.8779
8720.85 -8.6988 12.8765
8721.46 -8.6690 12.8750
8722.08 -8.6405 12.8736
8722.69 -8.6131 12.8721
8723.31 -8.5868 12.8707
8723.92 -8.5614 12.8692
8724.53 -8.5370 12.8678
8725.15 -8.5133 12.8664
8725.76 -8.4904 12.8649
8726.38 -8.4682 12.8635
8726.99 -8.4467 12.8620
8727.6 -8.4258 12.8606
8728.22 -8.4054 12.8592
8728.83 -8.3857 12.8577
8729.45 -8.3664 12.8563
8730.06 -8.3476 12.8548
8730.68 -8.3293 12.8534
8731.29 -8.3113 12.8520
8731.91 -8.2938 12.8505
8732.52 -8.2767 12.8491
8733.14 -8.2600 12.8477
8733.75 -8.2436 12.8462
8734.37 -8.2275 12.8448
8734.98 -8.2118 12.8433
8735.6 -8.1963 12.8419
8736.21 -8.1812 12.8405
8736.83 -8.1663 12.8390
8737.44 -8.1517 12.8376
8738.06 -8.1373 12.8362
8738.68 -8.1232 12.8347
8739.29 -8.1093 12.8333
8739.91 -8.0956 12.8319
8740.52 -8.0822 12.8304
8741.14 -8.0689 12.8290
8741.76 -8.0559 12.8276
8742.37 -8.0431 12.8261
8742.99 -8.0304 12.8247
8743.61 -8.0179 12.8233
8744.22 -8.0056 12.8218
8744.84 -7.9935 12.8204
8745.46 -7.9815 12.8190
8746.07 -7.9697 12.8175
8746.69 -7.9580 12.8161
8747.31 -7.9465 12.8147
8747.93 -7.9351 12.8133
8748.54 -7.9239 12.8118
8749.16 -7.9128 12.8104
8749.78 -7.9018 12.8090
8750.39 -7.8910 12.8075
8751.01 -7.8802 12.8061
8751.63 -7.8696 12.8047
8752.25 -7.8591 12.8033
8752.87 -7.8487 12.8018
8753.48 -7.8385 12.8004
8754.1 -7.8283 12.7990
8754.72 -7.8183 12.7975
8755.34 -7.8083 12.7961
8755.96 -7.7984 12.7947
8756.57 -7.7887 12.7933
8757.19 -7.7790 12.7918
8757.81 -7.7694 12.7904
8758.43 -7.7600 12.7890
8759.05 -7.7506 12.7876
8759.67 -7.7412 12.7862
8760.29 -7.7320 12.7847
8760.91 -7.7229 12.7833
8761.53 -7.7138 12.7819
8762.14 -7.7048 12.7805
8762.76 -7.6959 12.7790
8763.38 -7.6870 12.7776
8764 -7.6783 12.7762
8764.62 -7.6696 12.7748
8765.24 -7.6609 12.7734
8765.86 -7.6524 12.7719
8766.48 -7.6439 12.7705
8767.1 -7.6354 12.7691
8767.72 -7.6271 12.7677
8768.34 -7.6188 12.7663
8768.96 -7.6105 12.7648
8769.58 -7.6024 12.7634
8770.2 -7.5942 12.7620
8770.82 -7.5862 12.7606
8771.44 -7.5782 12.7592
8772.06 -7.5702 12.7577
8772.68 -7.5623 12.7563
8773.3 -7.5545 12.7549
8773.93 -7.5467 12.7535
8774.55 -7.5389 12.7521
8775.17 -7.5313 12.7507
8775.79 -7.5236 12.7492
8776.41 -7.5160 12.7478
8777.03 -7.5085 12.7464
8777.65 -7.5010 12.7450
8778.27 -7.4935 12.7436
8778.9 -7.4861 12.7422
8779.52 -7.4788 12.7408
8780.14 -7.4715 12.7394
8780.76 -7.4642 12.7379
8781.38 -7.4570 12.7365
8782 -7.4498 12.7351
8782.63 -7.4427 12.7337
8783.25 -7.4356 12.7323
8783.87 -7.4285 12.7309
8784.49 -7.4215 12.7295
8785.12 -7.4145 12.7281
8785.74 -7.4076 12.7266
8786.36 -7.4007 12.7252
8786.98 -7.3938 12.7238
8787.61 -7.3870 12.7224
8788.23 -7.3802 12.7210
8788.85 -7.3734 12.7196
8789.48 -7.3667 12.7182
8790.1 -7.3600 12.7168
8790.72 -7.3534 12.7154
8791.35 -7.3467 12.7140
8791.97 -7.3402 12.7126
8792.59 -7.3336 12.7112
8793.22 -7.3271 12.7097
8793.84 -7.3206 12.7083
8794.46 -7.3141 12.7069
8795.09 -7.3077 12.7055
8795.71 -7.3013 12.7041
8796.34 -7.2949 12.7027
8796.96 -7.2886 12.7013
8797.58 -7.2823 12.6999
8798.21 -7.2760 12.6985
8798.83 -7.2698 12.6971
8799.46 -7.2635 12.6957
8800.08 -7.2574 12.6943
8800.71 -7.2512 12.6929
8801.33 -7.2450 12.6915
8801.96 -7.2389 12.6901
8802.58 -7.2328 12.6887
8803.21 -7.2268 12.6873
8803.83 -7.2208 12.6859
8804.46 -7.2147 12.6845
8805.08 -7.2088 12.6831
8805.71 -7.2028 12.6817
8856.02 -6.7880 12.5707
8919.74 -6.3727 12.4353
8984.37 -6.0156 12.3022
9049.95 -5.7012 12.1691
9116.5 -5.4175 12.0361
9184.03 -5.1241 11.8990
9252.56 -4.8843 11.7603
9322.13 -4.6614 11.6221
9392.75 -4.4530 11.4843
9464.45 -4.2571 11.3471
9537.26 -4.0725 11.2103
9611.19 -3.8978 11.0740
9686.28 -3.7323 10.9383
9762.55 -3.5750 10.8030
9840.03 -3.4236 10.6680
9918.75 -3.2810 10.5336
9998.74 -3.1450 10.3997
10080 -3.0151 10.2663
10162.7 -2.8909 10.1334
10246.6 -2.7721 10.0011
10332 -2.6584 9.8693
10418.9 -2.5495 9.7380
10507.1 -2.4452 9.6072
10597 -2.3452 9.4770
10688.3 -2.2493 9.3474
10781.2 -2.1560 9.2182
10875.8 -2.0679 9.0895
10972.1 -1.9834 8.9614
11070 -1.9025 8.8339
11169.8 -1.8248 8.7069
11271.3 -1.7504 8.5806
11374.7 -1.6780 8.4547
11480 -1.6098 8.3294
11587.3 -1.5436 8.2047
11696.6 -1.4811 8.0806
11808 -1.4213 7.9571
11921.6 -1.3641 7.8342
12037.3 -1.3094 7.7120
12155.3 -1.2572 7.5903
12275.7 -1.2075 7.4693
12398.4 -1.1600 7.3490
12523.7 -1.1149 7.2292
12651.5 -1.0720 7.1101
12781.9 -1.0312 6.9917
12915 -0.9925 6.8739
13051 -0.9559 6.7568
13189.8 -0.9213 6.6403
13331.6 -0.8887 6.5245
13476.6 -0.8579 6.4094
13624.7 -0.8291 6.2950
13776 -0.8020 6.1812
13930.8 -0.7768 6.0682
14089.1 -0.7533 5.9559
14251.1 -0.7315 5.8442
14416.8 -0.7114 5.7333
14586.4 -0.6930 5.6231
14760 -0.6761 5.5136
14937.9 -0.6609 5.4048
15120 -0.6429 5.2967
15306.7 -0.6309 5.1892
15498 -0.6204 5.0824
15694.2 -0.6115 4.9764
15895.4 -0.6039 4.8712
16101.9 -0.5978 4.7668
16313.7 -0.5931 4.6632
16531.2 -0.5862 4.5604
16754.6 -0.5845 4.4582
16984.2 -0.5840 4.3568
17220 -0.5849 4.2563
17462.6 -0.5849 4.1566
17712 -0.5885 4.0576
17968.7 -0.5935 3.9596
18233 -0.5996 3.8624
18505.1 -0.6069 3.7661
18785.5 -0.6154 3.6707
19074.5 -0.6251 3.5763
19372.6 -0.6360 3.4828
19680.1 -0.6481 3.3902
19997.5 -0.6613 3.2985
20325.3 -0.6757 3.2078
20664.1 -0.6912 3.1180
21014.3 -0.7079 3.0292
21376.6 -0.7256 2.9414
21751.6 -0.7445 2.8546
22140.1 -0.7645 2.7687
22542.6 -0.7857 2.6839
22960.1 -0.8079 2.6001
23393.3 -0.8313 2.5173
23843.1 -0.8558 2.4355
24310.7 -0.8815 2.3547
24796.9 -0.9083 2.2750
25302.9 -0.9363 2.1964
25830.1 -0.9655 2.1188
26379.6 -0.9960 2.0424
26953.1 -1.0280 1.9668
27552.1 -1.0614 1.8923
28178.3 -1.0963 1.8189
28833.6 -1.1328 1.7467
29520.1 -1.1709 1.6756
30240.1 -1.2108 1.6058
30996.1 -1.2526 1.5373
31790.9 -1.2965 1.4699
32627.5 -1.3404 1.4038
33509.3 -1.3897 1.3387
34440.1 -1.4422 1.2749
35424.1 -1.4985 1.2125
36466 -1.5569 1.1512
37571 -1.6235 1.0912
38745.1 -1.6928 1.0322
39994.9 -1.7758 0.9747
41328.1 -1.8711 0.9185
42753.2 -1.9837 0.8638
44280.1 -2.1220 0.8106
45920.1 -2.3023 0.7589
47686.3 -2.5608 0.7086
49219.7 -2.8962 0.6690
49239.2 -2.9017 0.6686
49258.8 -2.9072 0.6681
49278.4 -2.9127 0.6676
49297.9 -2.9183 0.6671
49317.6 -2.9240 0.6666
49337.2 -2.9296 0.6661
49356.8 -2.9354 0.6657
49376.5 -2.9412 0.6652
49396.2 -2.9470 0.6647
49415.8 -2.9529 0.6642
49435.5 -2.9588 0.6637
49455.3 -2.9648 0.6633
49475 -2.9708 0.6628
49494.7 -2.9769 0.6623
49514.5 -2.9831 0.6618
49534.3 -2.9893 0.6613
49554.1 -2.9956 0.6608
49573.9 -3.0019 0.6604
49593.7 -3.0083 0.6599
49613.6 -3.0148 0.6594
49633.4 -3.0213 0.6589
49653.3 -3.0278 0.6585
49673.2 -3.0345 0.6580
49693.1 -3.0412 0.6575
49713 -3.0480 0.6570
49733 -3.0548 0.6565
49752.9 -3.0617 0.6561
49772.9 -3.0687 0.6556
49792.9 -3.0757 0.6551
49812.9 -3.0829 0.6546
49832.9 -3.0901 0.6541
49853 -3.0974 0.6537
49873 -3.1047 0.6532
49893.1 -3.1122 0.6527
49913.2 -3.1197 0.6522
49933.3 -3.1273 0.6518
49953.4 -3.1350 0.6513
49973.5 -3.1427 0.6508
49993.7 -3.1506 0.6503
50013.9 -3.1585 0.6498
50034 -3.1666 0.6494
50054.2 -3.1747 0.6489
50074.5 -3.1830 0.6484
50094.7 -3.1913 0.6479
50114.9 -3.1997 0.6475
50135.2 -3.2083 0.6470
50155.5 -3.2169 0.6465
50175.8 -3.2257 0.6460
50196.1 -3.2345 0.6456
50216.4 -3.2435 0.6451
50236.8 -3.2526 0.6446
50257.1 -3.2618 0.6441
50277.5 -3.2711 0.6437
50297.9 -3.2806 0.6432
50318.3 -3.2902 0.6427
50338.8 -3.2999 0.6422
50359.2 -3.3097 0.6418
50379.7 -3.3197 0.6413
50400.1 -3.3299 0.6408
50420.6 -3.3401 0.6403
50441.1 -3.3506 0.6399
50461.7 -3.3612 0.6394
50482.2 -3.3719 0.6389
50502.8 -3.3828 0.6385
50523.4 -3.3939 0.6380
50544 -3.4051 0.6375
50564.6 -3.4166 0.6370
50585.2 -3.4282 0.6366
50605.9 -3.4400 0.6361
50626.5 -3.4520 0.6356
50647.2 -3.4642 0.6351
50667.9 -3.4766 0.6347
50688.6 -3.4892 0.6342
50709.3 -3.5020 0.6337
50730.1 -3.5151 0.6333
50750.9 -3.5284 0.6328
50771.6 -3.5420 0.6323
50792.4 -3.5558 0.6318
50813.3 -3.5698 0.6314
50834.1 -3.5842 0.6309
50854.9 -3.5988 0.6304
50875.8 -3.6137 0.6300
50896.7 -3.6290 0.6295
50917.6 -3.6445 0.6290
50938.5 -3.6604 0.6286
50959.5 -3.6766 0.6281
50980.4 -3.6932 0.6276
51001.4 -3.7102 0.6271
51022.4 -3.7275 0.6267
51043.4 -3.7453 0.6262
51064.4 -3.7635 0.6257
51085.4 -3.7821 0.6253
51106.5 -3.8012 0.6248
51127.6 -3.8208 0.6243
51148.7 -3.8409 0.6239
51169.8 -3.8616 0.6234
51190.9 -3.8828 0.6229
51212 -3.9046 0.6225
51233.2 -3.9271 0.6220
51254.4 -3.9503 0.6215
51275.6 -3.9741 0.6211
51296.8 -3.9988 0.6206
51318 -4.0242 0.6201
51339.3 -4.0505 0.6197
51360.5 -4.0777 0.6192
51381.8 -4.1059 0.6187
51403.1 -4.1351 0.6183
51424.4 -4.1655 0.6178
51445.8 -4.1971 0.6173
51467.1 -4.2300 0.6169
51488.5 -4.2643 0.6164
51509.9 -4.3002 0.6159
51531.3 -4.3377 0.6155
51552.7 -4.3771 0.6150
51574.2 -4.4186 0.6145
51595.6 -4.4622 0.6141
51617.1 -4.5084 0.6136
51638.6 -4.5574 0.6131
51660.1 -4.6095 0.6127
51681.7 -4.6652 0.6122
51703.2 -4.7249 0.6117
51724.8 -4.7893 0.6113
51746.4 -4.8592 0.6108
51768 -4.9355 0.6104
51789.6 -5.0195 0.6099
51811.3 -5.1130 0.6094
51832.9 -5.2182 0.6090
51854.6 -5.3384 0.6085
51876.3 -5.4787 0.6080
51898 -5.6468 0.6076
51919.7 -5.8565 0.6071
51941.5 -6.1346 0.6067
51963.3 -6.5479 0.6062
51985 -7.3670 0.6057
52006.9 -7.8807 3.3604
52028.7 -6.7086 3.3582
52050.5 -6.2214 3.3561
52072.4 -5.9082 3.3539
52094.3 -5.6766 3.3518
52116.2 -5.4926 3.3496
52138.1 -5.3398 3.3475
52160 -5.2091 3.3454
52182 -5.0948 3.3432
52203.9 -4.9931 3.3411
52225.9 -4.9016 3.3389
52247.9 -4.8184 3.3368
52270 -4.7421 3.3346
52292 -4.6715 3.3325
52314.1 -4.6059 3.3303
52336.2 -4.5447 3.3282
52358.3 -4.4872 3.3260
52380.4 -4.4330 3.3239
52402.5 -4.3817 3.3217
52424.7 -4.3331 3.3196
52446.8 -4.2869 3.3174
52469 -4.2428 3.3153
52491.3 -4.2006 3.3132
52513.5 -4.1603 3.3110
52535.7 -4.1215 3.3089
52558 -4.0843 3.3067
52580.3 -4.0485 3.3046
52602.6 -4.0139 3.3024
52624.9 -3.9805 3.3003
52647.3 -3.9483 3.2981
52669.6 -3.9171 3.2960
52692 -3.8868 3.2938
52714.4 -3.8575 3.2917
52736.9 -3.8290 3.2895
52759.3 -3.8013 3.2874
52781.8 -3.7744 3.2853
52804.2 -3.7482 3.2831
52826.7 -3.7227 3.2810
52849.3 -3.6978 3.2788
52871.8 -3.6735 3.2767
52894.3 -3.6498 3.2745
52916.9 -3.6267 3.2724
52939.5 -3.6041 3.2702
52962.1 -3.5820 3.2681
52984.8 -3.5603 3.2659
53007.4 -3.5392 3.2638
53030.1 -3.5184 3.2617
53052.8 -3.4981 3.2595
53075.5 -3.4782 3.2574
53098.2 -3.4587 3.2552
53121 -3.4396 3.2531
53143.7 -3.4208 3.2509
53166.5 -3.4023 3.2488
53189.3 -3.3842 3.2466
53212.2 -3.3664 3.2445
53235 -3.3489 3.2424
53257.9 -3.3317 3.2402
53280.8 -3.3148 3.2381
53303.7 -3.2982 3.2359
53326.6 -3.2818 3.2338
53349.5 -3.2657 3.2316
53372.5 -3.2498 3.2295
53395.5 -3.2342 3.2273
53418.5 -3.2188 3.2252
53441.5 -3.2037 3.2231
53464.6 -3.1887 3.2209
53487.6 -3.1740 3.2188
53510.7 -3.1595 3.2166
53533.8 -3.1452 3.2145
53557 -3.1311 3.2123
53580.1 -3.1172 3.2102
53603.3 -3.1034 3.2080
53626.4 -3.0899 3.2059
53649.7 -3.0765 3.2038
53672.9 -3.0633 3.2016
53696.1 -3.0502 3.1995
53719.4 -3.0373 3.1973
53742.7 -3.0246 3.1952
53766 -3.0120 3.1930
53789.3 -2.9996 3.1909
53812.6 -2.9873 3.1888
53836 -2.9752 3.1866
53859.4 -2.9632 3.1845
53882.8 -2.9513 3.1823
53906.2 -2.9396 3.1802
53929.7 -2.9280 3.1780
53953.2 -2.9166 3.1759
53976.6 -2.9052 3.1737
54000.1 -2.8940 3.1716
54023.7 -2.8829 3.1695
54047.2 -2.8719 3.1673
54070.8 -2.8610 3.1652
54094.4 -2.8503 3.1630
54118 -2.8396 3.1609
54141.6 -2.8291 3.1587
54165.3 -2.8186 3.1566
54189 -2.8083 3.1545
54212.7 -2.7981 3.1523
54236.4 -2.7879 3.1502
54260.1 -2.7779 3.1480
54283.9 -2.7679 3.1459
54307.6 -2.7581 3.1438
54331.4 -2.7483 3.1416
54355.3 -2.7386 3.1395
54379.1 -2.7290 3.1373
54403 -2.7195 3.1352
54426.8 -2.7101 3.1330
54450.7 -2.7008 3.1309
54474.7 -2.6915 3.1288
54498.6 -2.6824 3.1266
54522.6 -2.6733 3.1245
54546.6 -2.6643 3.1223
54570.6 -2.6479 3.1202
54594.6 -2.6390 3.1179
54618.7 -2.6302 3.1157
54642.7 -2.6215 3.1135
54666.8 -2.6129 3.1113
54690.9 -2.6043 3.1090
54715.1 -2.5958 3.1068
54739.2 -2.5874 3.1046
54763.4 -2.5790 3.1024
54787.6 -2.5707 3.1002
54811.8 -2.5624 3.0979
54836.1 -2.5543 3.0957
54860.3 -2.5462 3.0935
54884.6 -2.5381 3.0913
54908.9 -2.5301 3.0891
54933.2 -2.5222 3.0869
54957.6 -2.5143 3.0846
54982 -2.5065 3.0824
55006.4 -2.4988 3.0802
55030.8 -2.4911 3.0780
55055.2 -2.4834 3.0758
55079.7 -2.4759 3.0736
55104.2 -2.4683 3.0713
55128.7 -2.4609 3.0691
55153.2 -2.4534 3.0669
55177.7 -2.4461 3.0647
55202.3 -2.4387 3.0625
55226.9 -2.4315 3.0603
55251.5 -2.4243 3.0581
55276.1 -2.4171 3.0559
55300.8 -2.4100 3.0537
55325.5 -2.4029 3.0515
55350.2 -2.3959 3.0492
56356.5 -2.1478 2.9613
59040.2 -1.7080 2.7451
61992.2 -1.4097 2.5340
65254.9 -1.1924 2.3285
68880.2 -1.0296 2.1287
72932 -0.9061 1.9348
77490.2 -0.8135 1.7471
82656.2 -0.7461 1.5652
88560.2 -0.7003 1.3902
95372.6 -0.6727 1.2230
103320 -0.6605 1.0642
112713 -0.6515 0.9094
123984 -0.6680 0.7654
