4290.12 -8.4275 4.0009
4305.01 -8.5045 3.9789
4320.01 -8.5844 3.9570
4335.12 -8.6676 3.9352
4350.33 -8.7541 3.9134
4365.65 -8.8443 3.8916
4381.07 -8.9385 3.8699
4396.61 -9.0371 3.8482
4412.25 -9.1403 3.8265
4428.01 -9.2487 3.8049
4443.88 -9.3627 3.7833
4459.87 -9.4829 3.7618
4475.97 -9.6100 3.7403
4492.19 -9.7447 3.7188
4508.52 -9.8880 3.6974
4524.98 -10.0410 3.6760
4541.55 -10.2050 3.6547
4558.25 -10.3816 3.6334
4575.07 -10.5730 3.6121
4592.01 -10.7816 3.5909
4609.08 -11.0107 3.5697
4626.28 -11.2649 3.5486
4643.61 -11.5500 3.5275
4661.07 -11.8747 3.5064
4678.65 -12.2515 3.4854
4696.38 -12.7004 3.4644
4714.23 -13.2558 3.4435
4732.23 -13.9845 3.4226
4750.36 -15.0465 3.4018
4757.83 -15.6741 3.3932
4758.01 -15.6917 3.3930
4758.2 -15.7095 3.3928
4758.38 -15.7274 3.3926
4758.56 -15.7454 3.3924
4758.75 -15.7635 3.3922
4758.93 -15.7818 3.3920
4759.11 -15.8003 3.3918
4759.29 -15.8189 3.3916
4759.48 -15.8376 3.3914
4759.66 -15.8565 3.3912
4759.84 -15.8755 3.3910
4760.02 -15.8947 3.3907
4760.21 -15.9141 3.3905
4760.39 -15.9336 3.3903
4760.57 -15.9532 3.3901
4760.76 -15.9731 3.3899
4760.94 -15.9931 3.3897
4761.12 -16.0133 3.3895
4761.3 -16.0336 3.3893
4761.49 -16.0542 3.3891
4761.67 -16.0749 3.3889
4761.85 -16.0958 3.3887
4762.04 -16.1169 3.3885
4762.22 -16.1381 3.3882
4762.4 -16.1596 3.3880
4762.58 -16.1813 3.3878
4762.77 -16.2032 3.3876
4762.95 -16.2252 3.3874
4763.13 -16.2475 3.3872
4763.32 -16.2700 3.3870
4763.5 -16.2927 3.3868
4763.68 -16.3157 3.3866
4763.86 -16.3388 3.3864
4764.05 -16.3622 3.3862
4764.23 -16.3859 3.3860
4764.41 -16.4097 3.3858
4764.6 -16.4338 3.3855
4764.78 -16.4582 3.3853
4764.96 -16.4828 3.3851
4765.15 -16.5077 3.3849
4765.33 -16.5329 3.3847
4765.51 -16.5583 3.3845
4765.7 -16.5840 3.3843
4765.88 -16.6099 3.3841
4766.06 -16.6362 3.3839
4766.25 -16.6628 3.3837
4766.43 -16.6896 3.3835
4766.61 -16.7168 3.3833
4766.8 -16.7443 3.3830
4766.98 -16.7721 3.3828
4767.16 -16.8003 3.3826
4767.35 -16.8288 3.3824
4767.53 -16.8576 3.3822
4767.71 -16.8868 3.3820
4767.9 -16.9164 3.3818
4768.08 -16.9463 3.3816
4768.26 -16.9767 3.3814
4768.45 -17.0074 3.3812
4768.63 -17.0385 3.3810
4768.81 -17.0701 3.3808
4769 -17.1021 3.3806
4769.18 -17.1345 3.3803
4769.36 -17.1673 3.3801
4769.55 -17.2007 3.3799
4769.73 -17.2345 3.3797
4769.91 -17.2688 3.3795
4770.1 -17.3036 3.3793
4770.28 -17.3389 3.3791
4770.46 -17.3748 3.3789
4770.65 -17.4112 3.3787
4770.83 -17.4482 3.3785
4771.01 -17.4858 3.3783
4771.2 -17.5240 3.3781
4771.38 -17.5629 3.3779
4771.56 -17.6023 3.3776
4771.75 -17.6425 3.3774
4771.93 -17.6833 3.3772
4772.12 -17.7249 3.3770
4772.3 -17.7672 3.3768
4772.48 -17.8103 3.3766
4772.67 -17.8542 3.3764
4772.85 -17.8989 3.3762
4773.03 -17.9445 3.3760
4773.22 -17.9909 3.3758
4773.4 -18.0384 3.3756
4773.59 -18.0867 3.3754
4773.77 -18.1361 3.3752
4773.95 -18.1866 3.3749
4774.14 -18.2381 3.3747
4774.32 -18.2908 3.3745
4774.5 -18.3448 3.3743
4774.69 -18.3999 3.3741
4774.87 -18.4564 3.3739
4775.06 -18.5143 3.3737
4775.24 -18.5736 3.3735
4775.42 -18.6345 3.3733
4775.61 -18.6969 3.3731
4775.79 -18.7611 3.3729
4775.98 -18.8270 3.3727
4776.16 -18.8949 3.3725
4776.34 -18.9647 3.3722
4776.53 -19.0367 3.3720
4776.71 -19.1109 3.3718
4776.9 -19.1875 3.3716
4777.08 -19.2667 3.3714
4777.26 -19.3487 3.3712
4777.45 -19.4336 3.3710
4777.63 -19.5216 3.3708
4777.82 -19.6131 3.3706
4778 -19.7082 3.3704
4778.18 -19.8073 3.3702
4778.37 -19.9107 3.3700
4778.55 -20.0189 3.3698
4778.74 -20.1322 3.3695
4778.92 -20.2513 3.3693
4779.11 -20.3766 3.3691
4779.29 -20.5089 3.3689
4779.47 -20.6491 3.3687
4779.66 -20.7981 3.3685
4779.84 -20.9570 3.3683
4780.03 -21.1274 3.3681
4780.21 -21.3110 3.3679
4780.4 -21.5100 3.3677
4780.58 -21.7272 3.3675
4780.76 -21.9663 3.3673
4780.95 -22.2322 3.3671
4781.13 -22.5317 3.3668
4781.32 -22.8745 3.3666
4781.5 -23.2753 3.3664
4781.69 -23.7576 3.3662
4781.87 -24.3634 3.3660
4782.06 -25.1783 3.3658
4782.24 -26.4276 3.3656
4782.42 -29.2189 3.3654
4782.61 -28.7767 10.8713
4782.79 -26.3045 10.8704
4782.98 -25.1148 10.8694
4783.16 -24.3236 10.8684
4783.35 -23.7299 10.8675
4783.53 -23.2544 10.8665
4783.72 -22.8578 10.8656
4783.9 -22.5175 10.8646
4784.08 -22.2196 10.8637
4784.27 -21.9546 10.8627
4784.45 -21.7159 10.8617
4784.64 -21.4988 10.8608
4784.82 -21.2997 10.8598
4785.01 -21.1159 10.8589
4785.19 -20.9451 10.8579
4785.38 -20.7856 10.8570
4785.56 -20.6361 10.8560
4785.75 -20.4953 10.8550
4785.93 -20.3623 10.8541
4786.12 -20.2362 10.8531
4786.3 -20.1165 10.8522
4786.49 -20.0024 10.8512
4786.67 -19.8934 10.8503
4786.86 -19.7892 10.8493
4787.04 -19.6893 10.8484
4787.23 -19.5934 10.8474
4787.41 -19.5011 10.8464
4787.59 -19.4123 10.8455
4787.78 -19.3266 10.8445
4787.96 -19.2439 10.8436
4788.15 -19.1639 10.8426
4788.33 -19.0864 10.8417
4788.52 -19.0114 10.8407
4788.7 -18.9387 10.8398
4788.89 -18.8680 10.8388
4789.07 -18.7994 10.8379
4789.26 -18.7327 10.8369
4789.44 -18.6678 10.8359
4789.63 -18.6046 10.8350
4789.81 -18.5430 10.8340
4790 -18.4829 10.8331
4790.18 -18.4243 10.8321
4790.37 -18.3671 10.8312
4790.55 -18.3112 10.8302
4790.74 -18.2565 10.8293
4790.92 -18.2031 10.8283
4791.11 -18.1509 10.8274
4791.3 -18.0997 10.8264
4791.48 -18.0496 10.8255
4791.67 -18.0006 10.8245
4791.85 -17.9525 10.8235
4792.04 -17.9053 10.8226
4792.22 -17.8591 10.8216
4792.41 -17.8137 10.8207
4792.59 -17.7692 10.8197
4792.78 -17.7255 10.8188
4792.96 -17.6825 10.8178
4793.15 -17.6403 10.8169
4793.33 -17.5988 10.8159
4793.52 -17.5581 10.8150
4793.7 -17.5180 10.8140
4793.89 -17.4786 10.8131
4794.07 -17.4398 10.8121
4794.26 -17.4016 10.8112
4794.44 -17.3640 10.8102
4794.63 -17.3270 10.8093
4794.82 -17.2905 10.8083
4795 -17.2546 10.8074
4795.19 -17.2193 10.8064
4795.37 -17.1844 10.8055
4795.56 -17.1500 10.8045
4795.74 -17.1162 10.8036
4795.93 -17.0827 10.8026
4796.11 -17.0498 10.8017
4796.3 -17.0173 10.8007
4796.49 -16.9852 10.7998
4796.67 -16.9536 10.7988
4796.86 -16.9223 10.7979
4797.04 -16.8915 10.7969
4797.23 -16.8610 10.7960
4797.41 -16.8310 10.7950
4797.6 -16.8013 10.7941
4797.78 -16.7719 10.7931
4797.97 -16.7430 10.7922
4798.16 -16.7143 10.7912
4798.34 -16.6860 10.7903
4798.53 -16.6581 10.7893
4798.71 -16.6304 10.7884
4798.9 -16.6031 10.7874
4799.08 -16.5761 10.7865
4799.27 -16.5494 10.7855
4799.46 -16.5230 10.7846
4799.64 -16.4968 10.7836
4799.83 -16.4710 10.7827
4800.01 -16.4454 10.7817
4800.2 -16.4201 10.7808
4800.39 -16.3951 10.7798
4800.57 -16.3703 10.7789
4800.76 -16.3457 10.7779
4800.94 -16.3215 10.7770
4801.13 -16.2974 10.7761
4801.31 -16.2736 10.7751
4801.5 -16.2501 10.7742
4801.69 -16.2268 10.7732
4801.87 -16.2037 10.7723
4802.06 -16.1808 10.7713
4802.24 -16.1581 10.7704
4802.43 -16.1357 10.7694
4802.62 -16.1134 10.7685
4802.8 -16.0914 10.7675
4802.99 -16.0695 10.7666
4803.17 -16.0479 10.7656
4803.36 -16.0265 10.7647
4803.55 -16.0052 10.7638
4803.73 -15.9842 10.7628
4803.92 -15.9633 10.7619
4804.11 -15.9426 10.7609
4804.29 -15.9221 10.7600
4804.48 -15.9017 10.7590
4804.66 -15.8816 10.7581
4804.85 -15.8616 10.7571
4805.04 -15.8417 10.7562
4805.22 -15.8221 10.7552
4805.41 -15.8026 10.7543
4805.59 -15.7832 10.7534
4805.78 -15.7640 10.7524
4805.97 -15.7450 10.7515
4806.15 -15.7261 10.7505
4806.34 -15.7074 10.7496
4806.53 -15.6888 10.7486
4806.71 -15.6703 10.7477
4806.9 -15.6520 10.7467
4807.09 -15.6339 10.7458
4807.27 -15.6159 10.7449
4807.46 -15.5980 10.7439
4807.64 -15.5802 10.7430
4807.83 -15.5626 10.7420
4808.02 -15.5451 10.7411
4808.2 -15.5278 10.7401
4808.39 -15.5105 10.7392
4808.58 -15.4934 10.7383
4808.76 -15.4764 10.7373
4808.95 -15.4596 10.7364
4809.14 -15.4428 10.7354
4809.32 -15.4262 10.7345
4824.29 -14.3776 10.6595
4843.14 -13.5181 10.5667
4862.13 -12.9121 10.4750
4881.27 -12.4569 10.3844
4900.57 -12.1050 10.2948
4920.01 -11.8311 10.2064
4939.62 -11.6212 10.1189
4959.37 -11.4681 10.0325
4979.29 -11.3689 9.9471
4999.37 -11.3279 9.8627
5019.61 -11.5267 9.7808
5040.01 -11.6419 9.7156
5060.59 -11.9016 9.6504
5075.29 -12.2559 9.6042
5075.5 -12.2626 9.6036
5075.71 -12.2694 9.6029
5075.92 -12.2762 9.6023
5076.12 -12.2831 9.6016
5076.33 -12.2901 9.6010
5076.54 -12.2972 9.6003
5076.75 -12.3043 9.5997
5076.96 -12.3115 9.5990
5077.16 -12.3187 9.5984
5077.37 -12.3261 9.5977
5077.58 -12.3335 9.5971
5077.79 -12.3410 9.5964
5078 -12.3485 9.5958
5078.2 -12.3561 9.5951
5078.41 -12.3639 9.5945
5078.62 -12.3717 9.5938
5078.83 -12.3795 9.5932
5079.04 -12.3875 9.5925
5079.24 -12.3955 9.5919
5079.45 -12.4036 9.5912
5079.66 -12.4119 9.5906
5079.87 -12.4202 9.5899
5080.08 -12.4285 9.5893
5080.28 -12.4370 9.5886
5080.49 -12.4456 9.5880
5080.7 -12.4543 9.5873
5080.91 -12.4630 9.5867
5081.12 -12.4719 9.5860
5081.33 -12.4808 9.5854
5081.53 -12.4899 9.5847
5081.74 -12.4991 9.5841
5081.95 -12.5083 9.5834
5082.16 -12.5177 9.5828
5082.37 -12.5272 9.5821
5082.58 -12.5368 9.5815
5082.78 -12.5465 9.5808
5082.99 -12.5563 9.5802
5083.2 -12.5663 9.5795
5083.41 -12.5763 9.5789
5083.62 -12.5865 9.5782
5083.83 -12.5968 9.5776
5084.03 -12.6073 9.5769
5084.24 -12.6178 9.5763
5084.45 -12.6285 9.5756
5084.66 -12.6394 9.5750
5084.87 -12.6503 9.5743
5085.08 -12.6614 9.5737
5085.29 -12.6727 9.5730
5085.49 -12.6841 9.5724
5085.7 -12.6957 9.5717
5085.91 -12.7074 9.5711
5086.12 -12.7193 9.5704
5086.33 -12.7313 9.5698
5086.54 -12.7435 9.5691
5086.75 -12.7559 9.5685
5086.95 -12.7684 9.5678
5087.16 -12.7812 9.5672
5087.37 -12.7941 9.5665
5087.58 -12.8072 9.5659
5087.79 -12.8205 9.5652
5088 -12.8339 9.5646
5088.21 -12.8476 9.5639
5088.42 -12.8615 9.5633
5088.62 -12.8756 9.5626
5088.83 -12.8900 9.5620
5089.04 -12.9045 9.5613
5089.25 -12.9193 9.5607
5089.46 -12.9343 9.5600
5089.67 -12.9496 9.5594
5089.88 -12.9651 9.5587
5090.09 -12.9809 9.5581
5090.3 -12.9970 9.5574
5090.51 -13.0133 9.5568
5090.71 -13.0299 9.5561
5090.92 -13.0468 9.5555
5091.13 -13.0640 9.5548
5091.34 -13.0815 9.5542
5091.55 -13.0994 9.5536
5091.76 -13.1176 9.5529
5091.97 -13.1361 9.5523
5092.18 -13.1550 9.5516
5092.39 -13.1742 9.5510
5092.6 -13.1939 9.5503
5092.81 -13.2139 9.5497
5093.01 -13.2344 9.5490
5093.22 -13.2552 9.5484
5093.43 -13.2766 9.5477
5093.64 -13.2984 9.5471
5093.85 -13.3206 9.5464
5094.06 -13.3434 9.5458
5094.27 -13.3667 9.5451
5094.48 -13.3905 9.5445
5094.69 -13.4150 9.5438
5094.9 -13.4400 9.5432
5095.11 -13.4656 9.5425
5095.32 -13.4919 9.5419
5095.53 -13.5189 9.5412
5095.74 -13.5466 9.5406
5095.95 -13.5751 9.5399
5096.15 -13.6043 9.5393
5096.36 -13.6344 9.5386
5096.57 -13.6654 9.5380
5096.78 -13.6973 9.5373
5096.99 -13.7302 9.5367
5097.2 -13.7642 9.5360
5097.41 -13.7993 9.5354
5097.62 -13.8356 9.5347
5097.83 -13.8731 9.5341
5098.04 -13.9120 9.5334
5098.25 -13.9524 9.5328
5098.46 -13.9943 9.5321
5098.67 -14.0379 9.5315
5098.88 -14.0833 9.5308
5099.09 -14.1307 9.5302
5099.3 -14.1803 9.5295
5099.51 -14.2321 9.5289
5099.72 -14.2865 9.5282
5099.93 -14.3438 9.5276
5100.14 -14.4041 9.5269
5100.35 -14.4679 9.5263
5100.56 -14.5356 9.5256
5100.77 -14.6076 9.5250
5100.98 -14.6845 9.5243
5101.19 -14.7670 9.5237
5101.4 -14.8560 9.5230
5101.61 -14.9526 9.5224
5101.82 -15.0581 9.5218
5102.03 -15.1744 9.5211
5102.24 -15.3037 9.5205
5102.45 -15.4495 9.5198
5102.66 -15.6163 9.5192
5102.87 -15.8113 9.5185
5103.08 -16.0456 9.5179
5103.29 -16.3392 9.5172
5103.5 -16.7319 9.5166
5103.71 -17.3263 9.5159
5103.92 -18.5839 9.5153
5104.13 -18.7348 13.2465
5104.34 -17.3831 13.2455
5104.55 -16.7654 13.2444
5104.76 -16.3598 13.2434
5104.97 -16.0570 13.2424
5105.18 -15.8152 13.2414
5105.39 -15.6137 13.2403
5105.6 -15.4409 13.2393
5105.81 -15.2896 13.2383
5106.02 -15.1550 13.2373
5106.23 -15.0338 13.2362
5106.44 -14.9234 13.2352
5106.65 -14.8221 13.2342
5106.86 -14.7284 13.2331
5107.07 -14.6413 13.2321
5107.28 -14.5600 13.2311
5107.49 -14.4836 13.2301
5107.7 -14.4116 13.2290
5107.91 -14.3435 13.2280
5108.12 -14.2789 13.2270
5108.33 -14.2174 13.2260
5108.54 -14.1588 13.2249
5108.75 -14.1028 13.2239
5108.96 -14.0491 13.2229
5109.17 -13.9976 13.2219
5109.39 -13.9481 13.2208
5109.6 -13.9004 13.2198
5109.81 -13.8545 13.2188
5110.02 -13.8101 13.2178
5110.23 -13.7672 13.2167
5110.44 -13.7256 13.2157
5110.65 -13.6854 13.2147
5110.86 -13.6463 13.2137
5111.07 -13.6084 13.2126
5111.28 -13.5715 13.2116
5111.49 -13.5357 13.2106
5111.7 -13.5008 13.2096
5111.91 -13.4668 13.2085
5112.12 -13.4336 13.2075
5112.33 -13.4013 13.2065
5112.55 -13.3697 13.2055
5112.76 -13.3388 13.2044
5112.97 -13.3087 13.2034
5113.18 -13.2792 13.2024
5113.39 -13.2503 13.2014
5113.6 -13.2221 13.2003
5113.81 -13.1944 13.1993
5114.02 -13.1673 13.1983
5114.23 -13.1407 13.1973
5114.44 -13.1146 13.1962
5114.65 -13.0890 13.1952
5114.87 -13.0639 13.1942
5115.08 -13.0392 13.1932
5115.29 -13.0150 13.1921
5115.5 -12.9912 13.1911
5115.71 -12.9678 13.1901
5115.92 -12.9447 13.1891
5116.13 -12.9221 13.1880
5116.34 -12.8998 13.1870
5116.55 -12.8779 13.1860
5116.77 -12.8563 13.1850
5116.98 -12.8350 13.1839
5117.19 -12.8141 13.1829
5117.4 -12.7934 13.1819
5117.61 -12.7731 13.1809
5117.82 -12.7530 13.1799
5118.03 -12.7333 13.1788
5118.24 -12.7138 13.1778
5118.46 -12.6945 13.1768
5118.67 -12.6756 13.1758
5118.88 -12.6568 13.1747
5119.09 -12.6383 13.1737
5119.3 -12.6201 13.1727
5119.51 -12.6021 13.1717
5119.72 -12.5843 13.1707
5119.93 -12.5667 13.1696
5120.15 -12.5493 13.1686
5120.36 -12.5321 13.1676
5120.57 -12.5152 13.1666
5120.78 -12.4984 13.1655
5120.99 -12.4818 13.1645
5121.2 -12.4654 13.1635
5121.42 -12.4492 13.1625
5121.63 -12.4332 13.1615
5121.84 -12.4173 13.1604
5122.05 -12.4016 13.1594
5122.26 -12.3861 13.1584
5122.47 -12.3707 13.1574
5122.68 -12.3555 13.1563
5122.9 -12.3405 13.1553
5123.11 -12.3256 13.1543
5123.32 -12.3108 13.1533
5123.53 -12.2962 13.1523
5123.74 -12.2817 13.1512
5123.96 -12.2674 13.1502
5124.17 -12.2532 13.1492
5124.38 -12.2391 13.1482
5124.59 -12.2252 13.1472
5124.8 -12.2114 13.1461
5125.01 -12.1977 13.1451
5125.23 -12.1841 13.1441
5125.44 -12.1707 13.1431
5125.65 -12.1574 13.1421
5125.86 -12.1442 13.1410
5126.07 -12.1311 13.1400
5126.29 -12.1181 13.1390
5126.5 -12.1052 13.1380
5126.71 -12.0925 13.1370
5126.92 -12.0798 13.1359
5127.13 -12.0673 13.1349
5127.35 -12.0548 13.1339
5127.56 -12.0425 13.1329
5127.77 -12.0302 13.1319
5127.98 -12.0180 13.1308
5128.19 -12.0060 13.1298
5128.41 -11.9940 13.1288
5128.62 -11.9821 13.1278
5128.83 -11.9703 13.1268
5129.04 -11.9586 13.1257
5129.25 -11.9470 13.1247
5129.47 -11.9355 13.1237
5129.68 -11.9240 13.1227
5129.89 -11.9127 13.1217
5130.1 -11.9014 13.1206
5130.32 -11.8902 13.1196
5130.53 -11.8791 13.1186
5130.74 -11.8680 13.1176
5130.95 -11.8570 13.1166
5131.17 -11.8461 13.1155
5131.38 -11.8353 13.1145
5131.59 -11.8246 13.1135
5131.8 -11.8139 13.1125
5132.01 -11.8033 13.1115
5132.23 -11.7928 13.1105
5132.44 -11.7823 13.1094
5132.65 -11.7719 13.1084
5132.86 -11.7616 13.1074
5133.08 -11.7513 13.1064
5133.29 -11.7411 13.1054
5133.5 -11.7310 13.1043
5133.71 -11.7209 13.1033
5133.93 -11.7109 13.1023
5144.58 -11.2746 13.0515
5166.01 -10.6347 12.9504
5187.63 -10.1588 12.8500
5209.43 -9.7772 12.7502
5231.41 -9.4596 12.6511
5253.57 -9.1902 12.5526
5275.93 -8.9607 12.4548
5298.48 -8.7664 12.3576
5321.22 -8.6061 12.2610
5344.15 -8.4816 12.1651
5367.29 -8.4823 12.0745
5390.62 -8.4569 11.9884
5414.16 -8.5315 11.9025
5419.13 -8.5698 11.8845
5419.37 -8.5719 11.8836
5419.61 -8.5741 11.8828
5419.84 -8.5762 11.8819
5420.08 -8.5784 11.8811
5420.32 -8.5807 11.8802
5420.55 -8.5830 11.8793
5420.79 -8.5853 11.8785
5421.03 -8.5876 11.8776
5421.27 -8.5900 11.8768
5421.5 -8.5924 11.8759
5421.74 -8.5948 11.8751
5421.98 -8.5973 11.8742
5422.21 -8.5998 11.8733
5422.45 -8.6023 11.8725
5422.69 -8.6049 11.8716
5422.93 -8.6075 11.8708
5423.16 -8.6101 11.8699
5423.4 -8.6128 11.8691
5423.64 -8.6155 11.8682
5423.87 -8.6183 11.8673
5424.11 -8.6211 11.8665
5424.35 -8.6239 11.8656
5424.59 -8.6268 11.8648
5424.82 -8.6297 11.8639
5425.06 -8.6327 11.8630
5425.3 -8.6357 11.8622
5425.54 -8.6388 11.8613
5425.77 -8.6418 11.8605
5426.01 -8.6450 11.8596
5426.25 -8.6482 11.8588
5426.49 -8.6514 11.8579
5426.72 -8.6547 11.8570
5426.96 -8.6580 11.8562
5427.2 -8.6614 11.8553
5427.44 -8.6648 11.8545
5427.67 -8.6683 11.8536
5427.91 -8.6718 11.8528
5428.15 -8.6754 11.8519
5428.39 -8.6790 11.8510
5428.62 -8.6827 11.8502
5428.86 -8.6864 11.8493
5429.1 -8.6902 11.8485
5429.34 -8.6941 11.8476
5429.57 -8.6980 11.8468
5429.81 -8.7020 11.8459
5430.05 -8.7060 11.8450
5430.29 -8.7101 11.8442
5430.53 -8.7143 11.8433
5430.76 -8.7185 11.8425
5431 -8.7228 11.8416
5431.24 -8.7271 11.8408
5431.48 -8.7316 11.8399
5431.72 -8.7361 11.8390
5431.95 -8.7406 11.8382
5432.19 -8.7453 11.8373
5432.43 -8.7500 11.8365
5432.67 -8.7548 11.8356
5432.91 -8.7597 11.8348
5433.14 -8.7647 11.8339
5433.38 -8.7697 11.8330
5433.62 -8.7748 11.8322
5433.86 -8.7800 11.8313
5434.1 -8.7854 11.8305
5434.33 -8.7908 11.8296
5434.57 -8.7962 11.8288
5434.81 -8.8018 11.8279
5435.05 -8.8075 11.8270
5435.29 -8.8133 11.8262
5435.53 -8.8192 11.8253
5435.76 -8.8252 11.8245
5436 -8.8313 11.8236
5436.24 -8.8375 11.8228
5436.48 -8.8439 11.8219
5436.72 -8.8503 11.8210
5436.96 -8.8569 11.8202
5437.19 -8.8636 11.8193
5437.43 -8.8705 11.8185
5437.67 -8.8774 11.8176
5437.91 -8.8846 11.8168
5438.15 -8.8918 11.8159
5438.39 -8.8992 11.8150
5438.63 -8.9068 11.8142
5438.86 -8.9145 11.8133
5439.1 -8.9224 11.8125
5439.34 -8.9304 11.8116
5439.58 -8.9386 11.8108
5439.82 -8.9470 11.8099
5440.06 -8.9556 11.8090
5440.3 -8.9644 11.8082
5440.53 -8.9734 11.8073
5440.77 -8.9826 11.8065
5441.01 -8.9920 11.8056
5441.25 -9.0016 11.8048
5441.49 -9.0115 11.8039
5441.73 -9.0216 11.8031
5441.97 -9.0319 11.8022
5442.21 -9.0426 11.8013
5442.45 -9.0535 11.8005
5442.68 -9.0647 11.7996
5442.92 -9.0762 11.7988
5443.16 -9.0880 11.7979
5443.4 -9.1001 11.7971
5443.64 -9.1126 11.7962
5443.88 -9.1255 11.7953
5444.12 -9.1387 11.7945
5444.36 -9.1524 11.7936
5444.6 -9.1665 11.7928
5444.84 -9.1810 11.7919
5445.07 -9.1961 11.7911
5445.31 -9.2116 11.7902
5445.55 -9.2277 11.7894
5445.79 -9.2443 11.7885
5446.03 -9.2616 11.7876
5446.27 -9.2795 11.7868
5446.51 -9.2981 11.7859
5446.75 -9.3175 11.7851
5446.99 -9.3377 11.7842
5447.23 -9.3587 11.7834
5447.47 -9.3807 11.7825
5447.71 -9.4038 11.7816
5447.95 -9.4279 11.7808
5448.18 -9.4533 11.7799
5448.42 -9.4800 11.7791
5448.66 -9.5083 11.7782
5448.9 -9.5381 11.7774
5449.14 -9.5699 11.7765
5449.38 -9.6037 11.7757
5449.62 -9.6398 11.7748
5449.86 -9.6786 11.7739
5450.1 -9.7205 11.7731
5450.34 -9.7660 11.7722
5450.58 -9.8157 11.7714
5450.82 -9.8705 11.7705
5451.06 -9.9314 11.7697
5451.3 -10.0000 11.7688
5451.54 -10.0783 11.7679
5451.78 -10.1697 11.7671
5452.02 -10.2789 11.7662
5452.26 -10.4148 11.7654
5452.5 -10.5941 11.7645
5452.74 -10.8574 11.7637
5452.98 -11.3598 11.7628
5453.22 -11.9077 13.5825
5453.46 -11.0267 13.5816
5453.7 -10.6904 13.5807
5453.94 -10.4779 13.5797
5454.18 -10.3218 13.5788
5454.42 -10.1983 13.5779
5454.66 -10.0960 13.5770
5454.9 -10.0085 13.5761
5455.14 -9.9320 13.5752
5455.38 -9.8641 13.5743
5455.62 -9.8029 13.5734
5455.86 -9.7473 13.5725
5456.1 -9.6962 13.5716
5456.34 -9.6490 13.5707
5456.58 -9.6051 13.5698
5456.82 -9.5640 13.5689
5457.06 -9.5254 13.5680
5457.3 -9.4890 13.5671
5457.54 -9.4546 13.5662
5457.78 -9.4219 13.5652
5458.02 -9.3907 13.5643
5458.26 -9.3610 13.5634
5458.5 -9.3326 13.5625
5458.74 -9.3053 13.5616
5458.98 -9.2791 13.5607
5459.22 -9.2538 13.5598
5459.46 -9.2295 13.5589
5459.7 -9.2061 13.5580
5459.94 -9.1834 13.5571
5460.18 -9.1614 13.5562
5460.42 -9.1401 13.5553
5460.66 -9.1195 13.5544
5460.9 -9.0994 13.5535
5461.14 -9.0799 13.5526
5461.38 -9.0609 13.5517
5461.62 -9.0424 13.5508
5461.87 -9.0244 13.5498
5462.11 -9.0068 13.5489
5462.35 -8.9897 13.5480
5462.59 -8.9729 13.5471
5462.83 -8.9565 13.5462
5463.07 -8.9405 13.5453
5463.31 -8.9248 13.5444
5463.55 -8.9095 13.5435
5463.79 -8.8944 13.5426
5464.03 -8.8797 13.5417
5464.27 -8.8652 13.5408
5464.51 -8.8510 13.5399
5464.75 -8.8371 13.5390
5465 -8.8234 13.5381
5465.24 -8.8099 13.5372
5465.48 -8.7967 13.5363
5465.72 -8.7837 13.5354
5465.96 -8.7710 13.5344
5466.2 -8.7584 13.5335
5466.44 -8.7460 13.5326
5466.68 -8.7338 13.5317
5466.92 -8.7218 13.5308
5467.16 -8.7100 13.5299
5467.41 -8.6983 13.5290
5467.65 -8.6869 13.5281
5467.89 -8.6755 13.5272
5468.13 -8.6644 13.5263
5468.37 -8.6533 13.5254
5468.61 -8.6425 13.5245
5468.85 -8.6317 13.5236
5469.09 -8.6211 13.5227
5469.33 -8.6107 13.5218
5469.58 -8.6003 13.5209
5469.82 -8.5901 13.5200
5470.06 -8.5800 13.5190
5470.3 -8.5701 13.5181
5470.54 -8.5602 13.5172
5470.78 -8.5505 13.5163
5471.02 -8.5408 13.5154
5471.27 -8.5313 13.5145
5471.51 -8.5219 13.5136
5471.75 -8.5126 13.5127
5471.99 -8.5033 13.5118
5472.23 -8.4942 13.5109
5472.47 -8.4852 13.5100
5472.71 -8.4762 13.5091
5472.96 -8.4674 13.5082
5473.2 -8.4586 13.5073
5473.44 -8.4499 13.5064
5473.68 -8.4413 13.5055
5473.92 -8.4328 13.5046
5474.16 -8.4243 13.5037
5474.41 -8.4160 13.5028
5474.65 -8.4077 13.5018
5474.89 -8.3995 13.5009
5475.13 -8.3913 13.5000
5475.37 -8.3832 13.4991
5475.61 -8.3752 13.4982
5475.86 -8.3673 13.4973
5476.1 -8.3594 13.4964
5476.34 -8.3516 13.4955
5476.58 -8.3439 13.4946
5476.82 -8.3362 13.4937
5477.07 -8.3285 13.4928
5477.31 -8.3210 13.4919
5477.55 -8.3135 13.4910
5477.79 -8.3060 13.4901
5478.03 -8.2986 13.4892
5478.28 -8.2913 13.4883
5478.52 -8.2840 13.4874
5478.76 -8.2768 13.4865
5479 -8.2696 13.4856
5479.24 -8.2625 13.4846
5479.49 -8.2554 13.4837
5479.73 -8.2484 13.4828
5479.97 -8.2414 13.4819
5480.21 -8.2345 13.4810
5480.46 -8.2276 13.4801
5480.7 -8.2208 13.4792
5480.94 -8.2140 13.4783
5481.18 -8.2072 13.4774
5481.42 -8.2005 13.4765
5481.67 -8.1939 13.4756
5481.91 -8.1873 13.4747
5482.15 -8.1807 13.4738
5482.39 -8.1741 13.4729
5482.64 -8.1677 13.4720
5482.88 -8.1612 13.4711
5483.12 -8.1548 13.4702
5483.36 -8.1484 13.4693
5483.61 -8.1421 13.4684
5483.85 -8.1358 13.4675
5484.09 -8.1295 13.4665
5484.33 -8.1233 13.4656
5484.58 -8.1171 13.4647
5484.82 -8.1109 13.4638
5485.06 -8.1048 13.4629
5485.3 -8.0987 13.4620
5485.55 -8.0926 13.4611
5485.79 -8.0866 13.4602
5486.03 -8.0806 13.4593
5510.42 -7.5933 13.3689
5535.02 -7.2276 13.2786
5559.84 -6.9221 13.1885
5584.88 -6.6538 13.0984
5610.15 -6.4115 13.0085
5635.65 -6.1888 12.9188
5661.39 -5.9817 12.8291
5687.36 -5.7874 12.7397
5713.56 -5.6039 12.6503
5740.02 -5.4294 12.5610
5766.71 -5.2636 12.4719
5793.66 -5.1051 12.3829
5820.86 -4.9533 12.2940
5848.32 -4.8075 12.2053
5876.04 -4.6673 12.1167
5904.02 -4.5321 12.0283
5932.27 -4.4017 11.9400
5960.79 -4.2756 11.8519
5989.58 -4.1538 11.7639
6018.66 -4.0357 11.6761
6048.02 -3.9214 11.5884
6077.66 -3.8105 11.5008
6107.6 -3.7029 11.4135
6137.84 -3.5984 11.3262
6168.38 -3.4969 11.2392
6199.22 -3.3983 11.1522
6230.37 -3.2958 11.0653
6261.84 -3.2026 10.9784
6293.62 -3.1119 10.8917
6325.73 -3.0236 10.8051
6358.17 -2.9376 10.7187
6390.95 -2.8539 10.6325
6424.06 -2.7723 10.5465
6457.52 -2.6929 10.4606
6491.33 -2.6154 10.3749
6525.49 -2.5399 10.2894
6560.02 -2.4663 10.2041
6594.91 -2.3945 10.1190
6630.18 -2.3246 10.0341
6665.82 -2.2525 9.9492
6701.86 -2.1860 9.8644
6738.28 -2.1212 9.7799
6775.1 -2.0580 9.6955
6812.33 -1.9963 9.6114
6849.96 -1.9361 9.5274
6888.02 -1.8775 9.4437
6926.5 -1.8203 9.3602
6965.41 -1.7645 9.2768
7004.77 -1.7101 9.1937
7044.57 -1.6570 9.1108
7084.82 -1.6052 9.0281
7125.54 -1.5536 8.9456
7166.73 -1.5044 8.8633
7208.39 -1.4565 8.7812
7250.55 -1.4098 8.6993
7293.2 -1.3643 8.6177
7336.35 -1.3199 8.5362
7380.02 -1.2767 8.4550
7424.21 -1.2346 8.3741
7468.94 -1.1937 8.2933
7514.2 -1.1538 8.2128
7560.02 -1.1149 8.1325
7606.4 -1.0771 8.0525
7653.35 -1.0404 7.9727
7700.89 -1.0046 7.8931
7749.02 -0.9698 7.8138
7797.76 -0.9360 7.7347
7847.11 -0.9032 7.6559
7897.09 -0.8713 7.5773
7947.71 -0.8404 7.4989
7998.99 -0.8103 7.4208
8050.93 -0.7812 7.3429
8103.55 -0.7529 7.2653
8156.86 -0.7255 7.1879
8210.88 -0.6990 7.1108
8265.62 -0.6734 7.0340
8321.1 -0.6485 6.9574
8377.32 -0.6245 6.8810
8434.31 -0.6013 6.8050
8492.08 -0.5789 6.7292
8550.64 -0.5574 6.6536
8610.02 -0.5365 6.5783
8670.23 -0.5165 6.5033
8731.29 -0.4972 6.4286
8793.22 -0.4787 6.3541
8856.02 -0.4609 6.2799
8919.74 -0.4440 6.2058
8984.37 -0.4279 6.1319
9049.95 -0.4125 6.0582
9116.5 -0.3979 5.9848
9184.03 -0.3839 5.9118
9252.56 -0.3707 5.8390
9322.13 -0.3581 5.7666
9392.75 -0.3462 5.6945
9464.45 -0.3350 5.6227
9537.26 -0.3245 5.5512
9611.19 -0.3090 5.4798
9686.28 -0.2999 5.4087
9762.55 -0.2914 5.3379
9840.03 -0.2836 5.2675
9918.75 -0.2764 5.1974
9998.74 -0.2699 5.1276
10080 -0.2639 5.0582
10162.7 -0.2586 4.9891
10246.6 -0.2493 4.9202
10332 -0.2452 4.8516
10418.9 -0.2418 4.7834
10507.1 -0.2390 4.7155
10597 -0.2367 4.6479
10688.3 -0.2350 4.5807
10781.2 -0.2339 4.5139
10875.8 -0.2333 4.4474
10972.1 -0.2300 4.3812
11070 -0.2306 4.3153
11169.8 -0.2318 4.2498
11271.3 -0.2335 4.1847
11374.7 -0.2357 4.1199
11480 -0.2385 4.0555
11587.3 -0.2418 3.9915
11696.6 -0.2456 3.9279
11808 -0.2500 3.8646
11921.6 -0.2548 3.8018
12037.3 -0.2602 3.7393
12155.3 -0.2661 3.6772
12275.7 -0.2724 3.6155
12398.4 -0.2793 3.5543
12523.7 -0.2867 3.4934
12651.5 -0.2941 3.4329
12781.9 -0.3024 3.3728
12915 -0.3108 3.3131
13051 -0.3201 3.2538
13189.8 -0.3299 3.1949
13331.6 -0.3402 3.1364
13476.6 -0.3510 3.0784
13624.7 -0.3622 3.0208
13776 -0.3739 2.9635
13930.8 -0.3860 2.9067
14089.1 -0.3986 2.8504
14251.1 -0.4117 2.7944
14416.8 -0.4253 2.7389
14586.4 -0.4393 2.6838
14760 -0.4537 2.6291
14937.9 -0.4687 2.5749
15120 -0.4841 2.5211
15306.7 -0.5000 2.4678
15498 -0.5163 2.4149
15694.2 -0.5331 2.3625
15895.4 -0.5504 2.3105
16101.9 -0.5682 2.2589
16313.7 -0.5865 2.2078
16531.2 -0.6053 2.1572
16754.6 -0.6246 2.1070
16984.2 -0.6444 2.0573
17220 -0.6648 2.0081
17462.6 -0.6856 1.9593
17712 -0.7062 1.9110
17968.7 -0.7283 1.8631
18233 -0.7509 1.8158
18505.1 -0.7742 1.7689
18785.5 -0.7975 1.7225
19074.5 -0.8221 1.6766
19372.6 -0.8475 1.6312
19680.1 -0.8736 1.5863
19997.5 -0.9006 1.5419
20325.3 -0.9283 1.4980
20664.1 -0.9570 1.4546
21014.3 -0.9859 1.4117
21376.6 -1.0167 1.3693
21751.6 -1.0487 1.3274
22140.1 -1.0813 1.2861
22542.6 -1.1160 1.2453
22960.1 -1.1523 1.2050
23393.3 -1.1903 1.1653
23843.1 -1.2299 1.1261
24310.7 -1.2723 1.0875
24796.9 -1.3174 1.0494
25302.9 -1.3654 1.0119
25830.1 -1.4171 0.9750
26379.6 -1.4731 0.9387
26953.1 -1.5339 0.9027
27552.1 -1.6008 0.8669
28178.3 -1.6763 0.8319
28833.6 -1.7626 0.7975
29520.1 -1.8635 0.7637
30240.1 -1.9847 0.7306
30996.1 -2.1357 0.6982
31790.9 -2.3351 0.6664
32627.5 -2.6235 0.6353
33248.7 -2.9413 0.6136
33257.6 -2.9470 0.6133
33266.5 -2.9527 0.6130
33275.5 -2.9585 0.6127
33284.4 -2.9643 0.6124
33293.3 -2.9701 0.6121
33302.3 -2.9760 0.6118
33311.2 -2.9819 0.6115
33320.2 -2.9879 0.6112
33329.1 -2.9939 0.6109
33338.1 -3.0000 0.6106
33347.1 -3.0062 0.6103
33356 -3.0123 0.6100
33365 -3.0186 0.6097
33374 -3.0249 0.6094
33383 -3.0312 0.6091
33392 -3.0376 0.6088
33401 -3.0441 0.6085
33410 -3.0506 0.6082
33419 -3.0572 0.6079
33428 -3.0638 0.6076
33437 -3.0705 0.6073
33446 -3.0772 0.6070
33455 -3.0840 0.6067
33464.1 -3.0909 0.6064
33473.1 -3.0978 0.6061
33482.1 -3.1048 0.6058
33491.2 -3.1119 0.6055
33500.2 -3.1191 0.6052
33509.3 -3.1263 0.6049
33518.3 -3.1335 0.6046
33527.4 -3.1409 0.6043
33536.5 -3.1483 0.6040
33545.5 -3.1558 0.6037
33554.6 -3.1633 0.6034
33563.7 -3.1710 0.6031
33572.8 -3.1787 0.6028
33581.9 -3.1865 0.6025
33591 -3.1944 0.6022
33600.1 -3.2024 0.6019
33609.2 -3.2104 0.6016
33618.3 -3.2185 0.6013
33627.4 -3.2268 0.6010
33636.6 -3.2351 0.6007
33645.7 -3.2435 0.6004
33654.8 -3.2520 0.6001
33664 -3.2606 0.5998
33673.1 -3.2693 0.5995
33682.2 -3.2780 0.5992
33691.4 -3.2869 0.5989
33700.6 -3.2959 0.5986
33709.7 -3.3050 0.5983
33718.9 -3.3142 0.5980
33728.1 -3.3236 0.5977
33737.2 -3.3330 0.5974
33746.4 -3.3425 0.5971
33755.6 -3.3522 0.5968
33764.8 -3.3620 0.5965
33774 -3.3719 0.5962
33783.2 -3.3820 0.5959
33792.4 -3.3921 0.5956
33801.6 -3.4024 0.5953
33810.8 -3.4129 0.5950
33820.1 -3.4235 0.5947
33829.3 -3.4342 0.5944
33838.5 -3.4451 0.5941
33847.8 -3.4561 0.5938
33857 -3.4673 0.5935
33866.3 -3.4787 0.5932
33875.5 -3.4902 0.5929
33884.8 -3.5019 0.5926
33894 -3.5138 0.5923
33903.3 -3.5258 0.5920
33912.6 -3.5380 0.5917
33921.8 -3.5504 0.5914
33931.1 -3.5631 0.5911
33940.4 -3.5759 0.5908
33949.7 -3.5889 0.5905
33959 -3.6022 0.5902
33968.3 -3.6156 0.5899
33977.6 -3.6293 0.5896
33986.9 -3.6433 0.5893
33996.3 -3.6574 0.5890
34005.6 -3.6719 0.5887
34014.9 -3.6866 0.5884
34024.2 -3.7015 0.5881
34033.6 -3.7168 0.5878
34042.9 -3.7323 0.5875
34052.3 -3.7482 0.5872
34061.6 -3.7643 0.5869
34071 -3.7808 0.5866
34080.4 -3.7977 0.5863
34089.7 -3.8148 0.5860
34099.1 -3.8324 0.5857
34108.5 -3.8503 0.5854
34117.9 -3.8686 0.5851
34127.3 -3.8874 0.5848
34136.7 -3.9066 0.5845
34146.1 -3.9262 0.5843
34155.5 -3.9463 0.5840
34164.9 -3.9669 0.5837
34174.3 -3.9880 0.5834
34183.7 -4.0097 0.5831
34193.1 -4.0320 0.5828
34202.6 -4.0548 0.5825
34212 -4.0784 0.5822
34221.5 -4.1025 0.5819
34230.9 -4.1274 0.5816
34240.4 -4.1531 0.5813
34249.8 -4.1795 0.5810
34259.3 -4.2069 0.5807
34268.8 -4.2351 0.5804
34278.2 -4.2643 0.5801
34287.7 -4.2945 0.5798
34297.2 -4.3258 0.5795
34306.7 -4.3583 0.5792
34316.2 -4.3921 0.5789
34325.7 -4.4273 0.5786
34335.2 -4.4640 0.5783
34344.7 -4.5022 0.5780
34354.2 -4.5423 0.5777
34363.7 -4.5843 0.5775
34373.3 -4.6284 0.5772
34382.8 -4.6749 0.5769
34392.3 -4.7240 0.5766
34401.9 -4.7759 0.5763
34411.4 -4.8312 0.5760
34421 -4.8901 0.5757
34430.5 -4.9533 0.5754
34440.1 -5.0212 0.5751
34449.7 -5.0948 0.5748
34459.2 -5.1750 0.5745
34468.8 -5.2631 0.5742
34478.4 -5.3608 0.5739
34488 -5.4704 0.5736
34497.6 -5.5952 0.5733
34507.2 -5.7399 0.5730
34516.8 -5.9120 0.5727
34526.4 -6.1242 0.5725
34536 -6.4010 0.5722
34545.7 -6.7986 0.5719
34555.3 -7.5117 0.5716
34564.9 -9.2564 3.5056
34574.6 -7.2618 3.5040
34584.2 -6.6687 3.5024
34593.8 -6.3072 3.5008
34603.5 -6.0462 3.4992
34613.2 -5.8415 3.4976
34622.8 -5.6731 3.4960
34632.5 -5.5299 3.4944
34642.2 -5.4053 3.4929
34651.9 -5.2949 3.4913
34661.5 -5.1959 3.4897
34671.2 -5.1061 3.4881
34680.9 -5.0238 3.4865
34690.6 -4.9480 3.4849
34700.3 -4.8776 3.4833
34710.1 -4.8119 3.4817
34719.8 -4.7503 3.4801
34729.5 -4.6924 3.4785
34739.2 -4.6377 3.4769
34749 -4.5858 3.4753
34758.7 -4.5365 3.4738
34768.5 -4.4896 3.4722
34778.2 -4.4448 3.4706
34788 -4.4018 3.4690
34797.7 -4.3607 3.4674
34807.5 -4.3212 3.4658
34817.3 -4.2831 3.4642
34827.1 -4.2465 3.4626
34836.8 -4.2111 3.4610
34846.6 -4.1770 3.4595
34856.4 -4.1439 3.4579
34866.2 -4.1119 3.4563
34876 -4.0809 3.4547
34885.9 -4.0508 3.4531
34895.7 -4.0216 3.4515
34905.5 -3.9931 3.4499
34915.3 -3.9655 3.4484
34925.2 -3.9386 3.4468
34935 -3.9123 3.4452
34944.9 -3.8867 3.4436
34954.7 -3.8618 3.4420
34964.6 -3.8374 3.4404
34974.4 -3.8136 3.4388
34984.3 -3.7903 3.4373
34994.2 -3.7675 3.4357
35004 -3.7453 3.4341
35013.9 -3.7235 3.4325
35023.8 -3.7021 3.4309
35033.7 -3.6812 3.4293
35043.6 -3.6606 3.4278
35053.5 -3.6405 3.4262
35063.4 -3.6208 3.4246
35073.4 -3.6014 3.4230
35083.3 -3.5824 3.4214
35093.2 -3.5637 3.4199
35103.2 -3.5453 3.4183
35113.1 -3.5273 3.4167
35123 -3.5096 3.4151
35133 -3.4921 3.4135
35143 -3.4750 3.4120
35152.9 -3.4581 3.4104
35162.9 -3.4415 3.4088
35172.9 -3.4251 3.4072
35182.8 -3.4090 3.4056
35192.8 -3.3931 3.4041
35202.8 -3.3775 3.4025
35212.8 -3.3621 3.4009
35222.8 -3.3469 3.3993
35232.8 -3.3319 3.3977
35242.8 -3.3171 3.3962
35252.9 -3.3026 3.3946
35262.9 -3.2882 3.3930
35272.9 -3.2740 3.3914
35283 -3.2600 3.3899
35293 -3.2462 3.3883
35303.1 -3.2325 3.3867
35313.1 -3.2191 3.3851
35323.2 -3.2058 3.3836
35333.2 -3.1926 3.3820
35343.3 -3.1797 3.3804
35353.4 -3.1668 3.3788
35363.5 -3.1542 3.3773
35373.6 -3.1416 3.3757
35383.7 -3.1292 3.3741
35393.8 -3.1170 3.3725
35403.9 -3.1049 3.3710
35414 -3.0929 3.3694
35424.1 -3.0811 3.3678
35434.2 -3.0694 3.3663
35444.4 -3.0578 3.3647
35454.5 -3.0463 3.3631
35464.6 -3.0350 3.3615
35474.8 -3.0238 3.3600
35484.9 -3.0126 3.3584
35495.1 -3.0016 3.3568
35505.3 -2.9907 3.3553
35515.4 -2.9800 3.3537
35525.6 -2.9693 3.3521
35535.8 -2.9587 3.3505
35546 -2.9482 3.3490
35556.2 -2.9379 3.3474
35566.4 -2.9276 3.3458
35576.6 -2.9174 3.3443
35586.8 -2.9073 3.3427
35597 -2.8973 3.3411
35607.2 -2.8874 3.3396
35617.5 -2.8776 3.3380
35627.7 -2.8679 3.3364
35637.9 -2.8583 3.3349
35648.2 -2.8487 3.3333
35658.4 -2.8392 3.3317
35668.7 -2.8298 3.3302
35678.9 -2.8205 3.3286
35689.2 -2.8113 3.3270
35699.5 -2.8021 3.3255
35709.8 -2.7930 3.3239
35720.1 -2.7840 3.3223
35730.4 -2.7751 3.3208
35740.7 -2.7662 3.3192
35751 -2.7574 3.3176
35761.3 -2.7487 3.3161
35771.6 -2.7401 3.3145
35781.9 -2.7315 3.3130
35792.2 -2.7230 3.3114
35802.6 -2.7145 3.3098
35812.9 -2.7061 3.3083
35823.3 -2.6978 3.3067
35833.6 -2.6895 3.3051
35844 -2.6813 3.3036
35854.4 -2.6732 3.3020
35864.7 -2.6651 3.3005
35875.1 -2.6571 3.2989
35885.5 -2.6491 3.2973
35895.9 -2.6412 3.2958
35906.3 -2.6333 3.2942
35916.7 -2.6255 3.2927
35927.1 -2.6178 3.2911
35937.5 -2.6101 3.2895
36466 -2.2829 3.2122
37571 -1.8219 3.0603
38745.1 -1.4982 2.9105
39994.9 -1.2517 2.7630
41328.1 -1.0557 2.6179
42753.2 -0.8961 2.4752
44280.1 -0.7644 2.3349
45920.1 -0.6538 2.1971
47686.3 -0.5627 2.0618
49593.7 -0.4872 1.9294
51660.1 -0.4250 1.7999
53906.2 -0.3746 1.6735
56356.5 -0.3345 1.5503
59040.2 -0.3038 1.4303
61992.2 -0.2813 1.3138
65254.9 -0.2665 1.2008
68880.2 -0.2586 1.0915
72932 -0.2564 0.9858
77490.2 -0.2612 0.8843
82656.2 -0.2702 0.7861
88560.2 -0.2847 0.6919
95372.6 -0.3044 0.6033
103320 -0.3283 0.5203
112713 -0.3553 0.4429
123984 -0.3849 0.3712
