4290.12  -4.8091  13.9207
4305.01  -4.7967  13.8494
4320.01  -4.7735  13.7782
4335.12  -4.7616  13.7071
4350.33  -4.7500  13.6360
4365.65  -4.7387  13.5651
4381.07  -4.7277  13.4942
4396.61  -4.7012  13.4233
4412.25  -4.6908  13.3523
4428.01  -4.6807  13.2814
4443.88  -4.6709  13.2106
4459.87  -4.6614  13.1399
4475.97  -4.6522  13.0693
4492.19  -4.6433  12.9988
4508.52  -4.6346  12.9284
4524.98  -4.6263  12.8581
4541.55  -4.6079  12.7878
4558.25  -4.6002  12.7176
4575.07  -4.5928  12.6476
4592.01  -4.5857  12.5776
4609.08  -4.5789  12.5077
4626.28  -4.5723  12.4380
4643.61  -4.5660  12.3683
4661.07  -4.5600  12.2987
4678.65  -4.5543  12.2293
4696.38  -4.5489  12.1599
4714.23  -4.5437  12.0907
4732.23  -4.5389  12.0215
4750.36  -4.5343  11.9525
4768.63  -4.5300  11.8835
4787.04  -4.5260  11.8147
4805.59  -4.5223  11.7459
4824.29  -4.5188  11.6773
4843.14  -4.5157  11.6088
4862.13  -4.5128  11.5404
4881.27  -4.5102  11.4721
4900.57  -4.5079  11.4039
4920.01  -4.5059  11.3358
4939.62  -4.4927  11.2678
4959.37  -4.4914  11.1996
4979.29  -4.4903  11.1316
4999.37  -4.4896  11.0637
5019.61  -4.4892  10.9960
5040.01  -4.4890  10.9283
5060.59  -4.4892  10.8607
5081.33  -4.4897  10.7933
5102.24  -4.4904  10.7260
5123.32  -4.4915  10.6588
5144.58  -4.4929  10.5917
5166.01  -4.4945  10.5247
5187.63  -4.4965  10.4579
5209.43  -4.4988  10.3911
5231.41  -4.5014  10.3245
5253.57  -4.5043  10.2580
5275.93  -4.5075  10.1917
5298.48  -4.5110  10.1254
5321.22  -4.5149  10.0593
5344.15  -4.5190  9.9933
5367.29  -4.5235  9.9274
5390.62  -4.5283  9.8616
5414.16  -4.5334  9.7960
5437.91  -4.5349  9.7304
5461.87  -4.5408  9.6649
5486.03  -4.5469  9.5996
5510.42  -4.5534  9.5343
5535.02  -4.5602  9.4692
5559.84  -4.5674  9.4043
5584.88  -4.5749  9.3394
5610.15  -4.5827  9.2747
5635.65  -4.5909  9.2101
5661.39  -4.5995  9.1457
5687.36  -4.6084  9.0813
5713.56  -4.6176  9.0172
5740.02  -4.6273  8.9531
5766.71  -4.6373  8.8892
5793.66  -4.6476  8.8254
5820.86  -4.6584  8.7617
5848.32  -4.6695  8.6982
5876.04  -4.6810  8.6348
5904.02  -4.6929  8.5716
5932.27  -4.7052  8.5085
5960.79  -4.7178  8.4455
5989.58  -4.7309  8.3826
6018.66  -4.7444  8.3199
6048.02  -4.7583  8.2574
6077.66  -4.7727  8.1950
6107.6  -4.7875  8.1327
6137.84  -4.8027  8.0705
6168.38  -4.8183  8.0085
6199.22  -4.8344  7.9467
6230.37  -4.8510  7.8850
6261.84  -4.8680  7.8234
6293.62  -4.8855  7.7620
6325.73  -4.9035  7.7007
6358.17  -4.9220  7.6395
6390.95  -4.9410  7.5785
6424.06  -4.9605  7.5177
6457.52  -4.9805  7.4570
6491.33  -5.0011  7.3965
6525.49  -5.0222  7.3360
6560.02  -5.0439  7.2758
6594.91  -5.0662  7.2157
6630.18  -5.0891  7.1557
6665.82  -5.1126  7.0959
6701.86  -5.1367  7.0363
6738.28  -5.1614  6.9768
6775.1  -5.1868  6.9175
6812.33  -5.2129  6.8583
6849.96  -5.2397  6.7992
6888.02  -5.2672  6.7404
6926.5  -5.2955  6.6816
6965.41  -5.3245  6.6231
7004.77  -5.3543  6.5647
7044.57  -5.3849  6.5064
7084.82  -5.4164  6.4483
7125.54  -5.4488  6.3904
7166.73  -5.4821  6.3326
7208.39  -5.5163  6.2750
7250.55  -5.5515  6.2176
7293.2  -5.5878  6.1603
7336.35  -5.6251  6.1032
7380.02  -5.6635  6.0462
7424.21  -5.7031  5.9894
7468.94  -5.7439  5.9328
7514.2  -5.7860  5.8763
7560.02  -5.8286  5.8200
7606.4  -5.8732  5.7639
7653.35  -5.9195  5.7079
7700.89  -5.9675  5.6521
7749.02  -6.0170  5.5965
7797.76  -6.0672  5.5411
7847.11  -6.1204  5.4858
7897.09  -6.1756  5.4307
7947.71  -6.2328  5.3757
7998.99  -6.2923  5.3210
8050.93  -6.3541  5.2664
8103.55  -6.4184  5.2120
8156.86  -6.4854  5.1578
8210.88  -6.5554  5.1038
8265.62  -6.6285  5.0499
8321.1  -6.7050  4.9962
8377.32  -6.7851  4.9428
8434.31  -6.8693  4.8895
8492.08  -6.9580  4.8364
8550.64  -7.0514  4.7835
8610.02  -7.1502  4.7307
8670.23  -7.2550  4.6782
8731.29  -7.3663  4.6258
8793.22  -7.4851  4.5737
8856.02  -7.6124  4.5217
8919.74  -7.7487  4.4698
8984.37  -7.8953  4.4177
9049.95  -8.0553  4.3658
9116.5  -8.2309  4.3142
9184.03  -8.4250  4.2628
9252.56  -8.6416  4.2116
9322.13  -8.8862  4.1606
9392.75  -9.1668  4.1099
9464.45  -9.4956  4.0593
9537.26  -9.8812  4.0090
9611.19  -10.3793  3.9587
9686.28  -11.0489  3.9086
9762.55  -12.0699  3.8588
9771.01  -12.2224  3.8533
9771.78  -12.2368  3.8528
9772.55  -12.2514  3.8523
9773.32  -12.2661  3.8518
9774.09  -12.2809  3.8513
9774.86  -12.2957  3.8508
9775.63  -12.3107  3.8503
9776.4  -12.3258  3.8498
9777.17  -12.3411  3.8493
9777.95  -12.3564  3.8488
9778.72  -12.3719  3.8483
9779.49  -12.3875  3.8478
9780.26  -12.4032  3.8473
9781.03  -12.4190  3.8468
9781.8  -12.4349  3.8463
9782.57  -12.4510  3.8458
9783.35  -12.4672  3.8453
9784.12  -12.4836  3.8448
9784.89  -12.5000  3.8443
9785.66  -12.5166  3.8439
9786.43  -12.5334  3.8434
9787.21  -12.5503  3.8429
9787.98  -12.5673  3.8424
9788.75  -12.5845  3.8419
9789.53  -12.6018  3.8414
9790.3  -12.6193  3.8409
9791.07  -12.6369  3.8404
9791.85  -12.6547  3.8399
9792.62  -12.6727  3.8394
9793.39  -12.6908  3.8389
9794.17  -12.7091  3.8384
9794.94  -12.7275  3.8379
9795.71  -12.7461  3.8374
9796.49  -12.7649  3.8369
9797.26  -12.7838  3.8364
9798.04  -12.8030  3.8359
9798.81  -12.8223  3.8354
9799.58  -12.8418  3.8349
9800.36  -12.8615  3.8344
9801.13  -12.8814  3.8339
9801.91  -12.9015  3.8334
9802.68  -12.9218  3.8329
9803.46  -12.9423  3.8324
9804.23  -12.9630  3.8319
9805.01  -12.9839  3.8314
9805.78  -13.0051  3.8310
9806.56  -13.0264  3.8305
9807.34  -13.0480  3.8300
9808.11  -13.0699  3.8295
9808.89  -13.0919  3.8290
9809.66  -13.1142  3.8285
9810.44  -13.1368  3.8280
9811.22  -13.1596  3.8275
9811.99  -13.1827  3.8270
9812.77  -13.2060  3.8265
9813.55  -13.2296  3.8260
9814.32  -13.2535  3.8255
9815.1  -13.2777  3.8250
9815.88  -13.3021  3.8245
9816.65  -13.3269  3.8240
9817.43  -13.3520  3.8235
9818.21  -13.3773  3.8230
9818.99  -13.4030  3.8225
9819.76  -13.4291  3.8220
9820.54  -13.4554  3.8215
9821.32  -13.4822  3.8210
9822.1  -13.5092  3.8205
9822.88  -13.5366  3.8201
9823.65  -13.5645  3.8196
9824.43  -13.5926  3.8191
9825.21  -13.6212  3.8186
9825.99  -13.6502  3.8181
9826.77  -13.6796  3.8176
9827.55  -13.7095  3.8171
9828.33  -13.7397  3.8166
9829.11  -13.7705  3.8161
9829.89  -13.8017  3.8156
9830.66  -13.8334  3.8151
9831.44  -13.8656  3.8146
9832.22  -13.8983  3.8141
9833  -13.9315  3.8136
9833.78  -13.9653  3.8131
9834.56  -13.9996  3.8126
9835.34  -14.0346  3.8121
9836.12  -14.0701  3.8116
9836.9  -14.1063  3.8111
9837.69  -14.1431  3.8106
9838.47  -14.1806  3.8101
9839.25  -14.2188  3.8097
9840.03  -14.2577  3.8092
9840.81  -14.2973  3.8087
9841.59  -14.3378  3.8082
9842.37  -14.3790  3.8077
9843.15  -14.4211  3.8072
9843.93  -14.4641  3.8067
9844.72  -14.5079  3.8062
9845.5  -14.5528  3.8057
9846.28  -14.5986  3.8052
9847.06  -14.6455  3.8047
9847.84  -14.6934  3.8042
9848.63  -14.7425  3.8037
9849.41  -14.7928  3.8032
9850.19  -14.8444  3.8027
9850.97  -14.8973  3.8022
9851.76  -14.9515  3.8017
9852.54  -15.0072  3.8012
9853.32  -15.0645  3.8008
9854.1  -15.1233  3.8003
9854.89  -15.1839  3.7998
9855.67  -15.2464  3.7993
9856.45  -15.3107  3.7988
9857.24  -15.3771  3.7983
9858.02  -15.4457  3.7978
9858.81  -15.5166  3.7973
9859.59  -15.5900  3.7968
9860.37  -15.6662  3.7963
9861.16  -15.7452  3.7958
9861.94  -15.8273  3.7953
9862.73  -15.9127  3.7948
9863.51  -16.0018  3.7943
9864.3  -16.0949  3.7938
9865.08  -16.1923  3.7933
9865.87  -16.2945  3.7928
9866.65  -16.4019  3.7924
9867.44  -16.5151  3.7919
9868.22  -16.6347  3.7914
9869.01  -16.7616  3.7909
9869.79  -16.8967  3.7904
9870.58  -17.0410  3.7899
9871.36  -17.1959  3.7894
9872.15  -17.3631  3.7889
9872.94  -17.5448  3.7884
9873.72  -17.7436  3.7879
9874.51  -17.9631  3.7874
9875.3  -18.2080  3.7869
9876.08  -18.4850  3.7864
9876.87  -18.8039  3.7859
9877.66  -19.1793  3.7854
9878.44  -19.6358  3.7849
9879.23  -20.2181  3.7845
9880.02  -21.0226  3.7840
9880.81  -22.3318  3.7835
9881.59  -26.3523  3.7830
9882.38  -23.1395  10.5101
9883.17  -21.4306  10.5082
9883.96  -20.4907  10.5062
9884.74  -19.8386  10.5043
9885.53  -19.3386  10.5023
9886.32  -18.9329  10.5004
9887.11  -18.5914  10.4985
9887.9  -18.2965  10.4965
9888.69  -18.0371  10.4946
9889.47  -17.8053  10.4926
9890.26  -17.5960  10.4907
9891.05  -17.4050  10.4888
9891.84  -17.2295  10.4868
9892.63  -17.0671  10.4849
9893.42  -16.9159  10.4829
9894.21  -16.7746  10.4810
9895  -16.6419  10.4791
9895.79  -16.5168  10.4771
9896.58  -16.3984  10.4752
9897.37  -16.2862  10.4733
9898.16  -16.1794  10.4713
9898.95  -16.0776  10.4694
9899.74  -15.9803  10.4675
9900.53  -15.8872  10.4655
9901.32  -15.7979  10.4636
9902.11  -15.7120  10.4617
9902.9  -15.6294  10.4597
9903.69  -15.5498  10.4578
9904.49  -15.4730  10.4559
9905.28  -15.3988  10.4539
9906.07  -15.3270  10.4520
9906.86  -15.2575  10.4501
9907.65  -15.1901  10.4481
9908.44  -15.1247  10.4462
9909.23  -15.0612  10.4443
9910.03  -14.9995  10.4424
9910.82  -14.9394  10.4404
9911.61  -14.8810  10.4385
9912.4  -14.8241  10.4366
9913.2  -14.7686  10.4347
9913.99  -14.7144  10.4327
9914.78  -14.6616  10.4308
9915.57  -14.6100  10.4289
9916.37  -14.5596  10.4270
9917.16  -14.5103  10.4250
9917.95  -14.4621  10.4231
9918.75  -14.4149  10.4212
9919.54  -14.3687  10.4193
9920.33  -14.3235  10.4173
9921.13  -14.2792  10.4154
9921.92  -14.2357  10.4135
9922.72  -14.1931  10.4116
9923.51  -14.1513  10.4097
9924.31  -14.1102  10.4077
9925.1  -14.0700  10.4058
9925.89  -14.0304  10.4039
9926.69  -13.9915  10.4020
9927.48  -13.9533  10.4001
9928.28  -13.9158  10.3981
9929.07  -13.8789  10.3962
9929.87  -13.8426  10.3943
9930.66  -13.8069  10.3924
9931.46  -13.7717  10.3905
9932.26  -13.7371  10.3886
9933.05  -13.7030  10.3867
9933.85  -13.6695  10.3847
9934.64  -13.6365  10.3828
9935.44  -13.6039  10.3809
9936.24  -13.5718  10.3790
9937.03  -13.5402  10.3771
9937.83  -13.5090  10.3752
9938.62  -13.4783  10.3733
9939.42  -13.4480  10.3714
9940.22  -13.4180  10.3694
9941.02  -13.3885  10.3675
9941.81  -13.3594  10.3656
9942.61  -13.3307  10.3637
9943.41  -13.3023  10.3618
9944.2  -13.2743  10.3599
9945  -13.2467  10.3580
9945.8  -13.2194  10.3561
9946.6  -13.1924  10.3542
9947.4  -13.1657  10.3523
9948.19  -13.1394  10.3504
9948.99  -13.1134  10.3485
9949.79  -13.0877  10.3466
9950.59  -13.0622  10.3447
9951.39  -13.0371  10.3428
9952.19  -13.0123  10.3409
9952.99  -12.9877  10.3389
9953.78  -12.9634  10.3370
9954.58  -12.9394  10.3351
9955.38  -12.9156  10.3332
9956.18  -12.8921  10.3313
9956.98  -12.8688  10.3294
9957.78  -12.8458  10.3275
9958.58  -12.8230  10.3256
9959.38  -12.8005  10.3237
9960.18  -12.7782  10.3218
9960.98  -12.7561  10.3199
9961.78  -12.7342  10.3180
9962.58  -12.7126  10.3162
9963.38  -12.6911  10.3143
9964.18  -12.6699  10.3124
9964.99  -12.6489  10.3105
9965.79  -12.6280  10.3086
9966.59  -12.6074  10.3067
9967.39  -12.5869  10.3048
9968.19  -12.5667  10.3029
9968.99  -12.5466  10.3010
9969.79  -12.5268  10.2991
9970.59  -12.5071  10.2972
9971.4  -12.4875  10.2953
9972.2  -12.4682  10.2934
9973  -12.4490  10.2915
9973.8  -12.4300  10.2896
9974.61  -12.4111  10.2878
9975.41  -12.3924  10.2859
9976.21  -12.3739  10.2840
9977.01  -12.3555  10.2821
9977.82  -12.3373  10.2802
9978.62  -12.3193  10.2783
9979.42  -12.3013  10.2764
9980.23  -12.2836  10.2745
9981.03  -12.2660  10.2726
9981.83  -12.2485  10.2708
9982.64  -12.2311  10.2689
9983.44  -12.2139  10.2670
9984.24  -12.1969  10.2651
9985.05  -12.1799  10.2632
9985.85  -12.1631  10.2613
9986.66  -12.1464  10.2595
9987.46  -12.1299  10.2576
9988.27  -12.1135  10.2557
9989.07  -12.0972  10.2538
9989.88  -12.0810  10.2519
9990.68  -12.0649  10.2500
9998.74  -11.9107  10.2313
10080  -10.7868  10.0459
10162.7  -10.0770  9.8651
10246.6  -9.5786  9.6886
10332  -9.2143  9.5164
10418.9  -9.1047  9.3674
10507.1  -8.9097  9.2333
10597  -8.7815  9.0999
10688.3  -8.7215  8.9672
10781.2  -8.7297  8.8349
10875.8  -8.8510  8.7032
10972.1  -9.1500  8.5722
10992.5  -9.2523  8.5448
10993.5  -9.2577  8.5435
10994.4  -9.2631  8.5422
10995.4  -9.2686  8.5409
10996.4  -9.2741  8.5395
10997.4  -9.2797  8.5382
10998.3  -9.2853  8.5369
10999.3  -9.2910  8.5356
11000.3  -9.2968  8.5343
11001.3  -9.3026  8.5330
11002.2  -9.3085  8.5317
11003.2  -9.3144  8.5304
11004.2  -9.3204  8.5291
11005.2  -9.3264  8.5278
11006.2  -9.3325  8.5265
11007.1  -9.3387  8.5252
11008.1  -9.3449  8.5239
11009.1  -9.3512  8.5226
11010.1  -9.3575  8.5213
11011  -9.3639  8.5200
11012  -9.3704  8.5187
11013  -9.3769  8.5174
11014  -9.3836  8.5161
11015  -9.3902  8.5148
11015.9  -9.3970  8.5135
11016.9  -9.4038  8.5122
11017.9  -9.4107  8.5109
11018.9  -9.4177  8.5095
11019.9  -9.4247  8.5082
11020.8  -9.4318  8.5069
11021.8  -9.4390  8.5056
11022.8  -9.4463  8.5043
11023.8  -9.4536  8.5030
11024.8  -9.4611  8.5017
11025.7  -9.4686  8.5004
11026.7  -9.4762  8.4991
11027.7  -9.4839  8.4978
11028.7  -9.4916  8.4965
11029.7  -9.4995  8.4952
11030.6  -9.5075  8.4939
11031.6  -9.5155  8.4926
11032.6  -9.5236  8.4913
11033.6  -9.5319  8.4900
11034.6  -9.5402  8.4887
11035.5  -9.5486  8.4874
11036.5  -9.5571  8.4861
11037.5  -9.5658  8.4848
11038.5  -9.5745  8.4835
11039.5  -9.5833  8.4822
11040.5  -9.5923  8.4809
11041.4  -9.6013  8.4796
11042.4  -9.6105  8.4783
11043.4  -9.6198  8.4770
11044.4  -9.6292  8.4757
11045.4  -9.6387  8.4744
11046.4  -9.6484  8.4731
11047.3  -9.6582  8.4718
11048.3  -9.6681  8.4705
11049.3  -9.6781  8.4692
11050.3  -9.6883  8.4679
11051.3  -9.6986  8.4666
11052.3  -9.7090  8.4653
11053.3  -9.7196  8.4640
11054.2  -9.7304  8.4627
11055.2  -9.7413  8.4614
11056.2  -9.7523  8.4601
11057.2  -9.7635  8.4588
11058.2  -9.7749  8.4575
11059.2  -9.7864  8.4562
11060.2  -9.7981  8.4549
11061.1  -9.8100  8.4536
11062.1  -9.8220  8.4523
11063.1  -9.8343  8.4510
11064.1  -9.8467  8.4497
11065.1  -9.8593  8.4484
11066.1  -9.8722  8.4471
11067.1  -9.8852  8.4458
11068.1  -9.8984  8.4445
11069  -9.9119  8.4432
11070  -9.9256  8.4419
11071  -9.9395  8.4406
11072  -9.9536  8.4393
11073  -9.9680  8.4380
11074  -9.9827  8.4367
11075  -9.9976  8.4354
11076  -10.0127  8.4341
11077  -10.0282  8.4328
11077.9  -10.0439  8.4315
11078.9  -10.0600  8.4302
11079.9  -10.0763  8.4289
11080.9  -10.0930  8.4276
11081.9  -10.1099  8.4263
11082.9  -10.1273  8.4250
11083.9  -10.1450  8.4237
11084.9  -10.1630  8.4224
11085.9  -10.1814  8.4211
11086.9  -10.2003  8.4198
11087.9  -10.2195  8.4185
11088.8  -10.2392  8.4172
11089.8  -10.2593  8.4159
11090.8  -10.2798  8.4146
11091.8  -10.3009  8.4133
11092.8  -10.3225  8.4120
11093.8  -10.3446  8.4107
11094.8  -10.3672  8.4094
11095.8  -10.3904  8.4081
11096.8  -10.4143  8.4068
11097.8  -10.4388  8.4055
11098.8  -10.4639  8.4042
11099.8  -10.4898  8.4029
11100.8  -10.5164  8.4016
11101.8  -10.5438  8.4003
11102.7  -10.5721  8.3990
11103.7  -10.6012  8.3977
11104.7  -10.6313  8.3964
11105.7  -10.6624  8.3951
11106.7  -10.6945  8.3938
11107.7  -10.7278  8.3925
11108.7  -10.7623  8.3912
11109.7  -10.7980  8.3899
11110.7  -10.8352  8.3886
11111.7  -10.8739  8.3873
11112.7  -10.9143  8.3860
11113.7  -10.9564  8.3847
11114.7  -11.0004  8.3834
11115.7  -11.0465  8.3821
11116.7  -11.0950  8.3808
11117.7  -11.1460  8.3795
11118.7  -11.1998  8.3782
11119.7  -11.2567  8.3770
11120.7  -11.3172  8.3757
11121.7  -11.3816  8.3744
11122.7  -11.4505  8.3731
11123.7  -11.5246  8.3718
11124.7  -11.6046  8.3705
11125.7  -11.6917  8.3692
11126.7  -11.7870  8.3679
11127.7  -11.8925  8.3666
11128.7  -12.0103  8.3653
11129.7  -12.1437  8.3640
11130.7  -12.2974  8.3627
11131.7  -12.4788  8.3614
11132.7  -12.6996  8.3601
11133.7  -12.9819  8.3588
11134.7  -13.3729  8.3575
11135.7  -14.0127  8.3562
11136.7  -16.0448  8.3549
11137.7  -14.3606  11.6083
11138.7  -13.5445  11.6066
11139.7  -13.0924  11.6048
11140.7  -12.7778  11.6030
11141.7  -12.5360  11.6013
11142.7  -12.3396  11.5995
11143.7  -12.1740  11.5977
11144.7  -12.0309  11.5960
11145.7  -11.9048  11.5942
11146.7  -11.7920  11.5924
11147.7  -11.6901  11.5907
11148.7  -11.5970  11.5889
11149.7  -11.5113  11.5871
11150.7  -11.4320  11.5854
11151.7  -11.3581  11.5836
11152.7  -11.2890  11.5818
11153.7  -11.2240  11.5801
11154.7  -11.1626  11.5783
11155.7  -11.1046  11.5766
11156.7  -11.0495  11.5748
11157.7  -10.9970  11.5730
11158.7  -10.9469  11.5713
11159.7  -10.8990  11.5695
11160.7  -10.8531  11.5677
11161.7  -10.8091  11.5660
11162.7  -10.7667  11.5642
11163.7  -10.7259  11.5624
11164.7  -10.6866  11.5607
11165.7  -10.6485  11.5589
11166.7  -10.6118  11.5572
11167.7  -10.5762  11.5554
11168.8  -10.5417  11.5536
11169.8  -10.5083  11.5519
11170.8  -10.4758  11.5501
11171.8  -10.4442  11.5483
11172.8  -10.4135  11.5466
11173.8  -10.3836  11.5448
11174.8  -10.3545  11.5430
11175.8  -10.3261  11.5413
11176.8  -10.2984  11.5395
11177.8  -10.2714  11.5378
11178.8  -10.2450  11.5360
11179.8  -10.2192  11.5342
11180.8  -10.1940  11.5325
11181.8  -10.1693  11.5307
11182.9  -10.1451  11.5290
11183.9  -10.1214  11.5272
11184.9  -10.0983  11.5254
11185.9  -10.0755  11.5237
11186.9  -10.0533  11.5219
11187.9  -10.0314  11.5201
11188.9  -10.0099  11.5184
11189.9  -9.9889  11.5166
11190.9  -9.9682  11.5149
11191.9  -9.9479  11.5131
11193  -9.9279  11.5113
11194  -9.9083  11.5096
11195  -9.8890  11.5078
11196  -9.8700  11.5061
11197  -9.8513  11.5043
11198  -9.8329  11.5025
11199  -9.8148  11.5008
11200  -9.7970  11.4990
11201  -9.7794  11.4973
11202.1  -9.7622  11.4955
11203.1  -9.7451  11.4937
11204.1  -9.7283  11.4920
11205.1  -9.7118  11.4902
11206.1  -9.6954  11.4885
11207.1  -9.6793  11.4867
11208.1  -9.6635  11.4849
11209.1  -9.6478  11.4832
11210.2  -9.6323  11.4814
11211.2  -9.6171  11.4797
11212.2  -9.6020  11.4779
11213.2  -9.5871  11.4761
11214.2  -9.5724  11.4744
11215.2  -9.5579  11.4726
11216.2  -9.5436  11.4709
11217.3  -9.5294  11.4691
11218.3  -9.5154  11.4673
11219.3  -9.5016  11.4656
11220.3  -9.4879  11.4638
11221.3  -9.4744  11.4621
11222.3  -9.4611  11.4603
11223.3  -9.4479  11.4586
11224.4  -9.4348  11.4568
11225.4  -9.4219  11.4550
11226.4  -9.4091  11.4533
11227.4  -9.3965  11.4515
11228.4  -9.3840  11.4498
11229.4  -9.3716  11.4480
11230.5  -9.3594  11.4463
11231.5  -9.3472  11.4445
11232.5  -9.3352  11.4427
11233.5  -9.3234  11.4410
11234.5  -9.3116  11.4392
11235.6  -9.3000  11.4375
11236.6  -9.2884  11.4357
11237.6  -9.2770  11.4340
11238.6  -9.2657  11.4322
11239.6  -9.2545  11.4304
11240.6  -9.2434  11.4287
11241.7  -9.2324  11.4269
11242.7  -9.2215  11.4252
11243.7  -9.2108  11.4234
11244.7  -9.2001  11.4217
11245.7  -9.1895  11.4199
11246.8  -9.1790  11.4181
11247.8  -9.1686  11.4164
11248.8  -9.1583  11.4146
11249.8  -9.1480  11.4129
11250.8  -9.1379  11.4111
11251.9  -9.1278  11.4094
11252.9  -9.1179  11.4076
11253.9  -9.1080  11.4059
11254.9  -9.0982  11.4041
11256  -9.0885  11.4024
11257  -9.0789  11.4006
11258  -9.0693  11.3988
11259  -9.0598  11.3971
11260  -9.0504  11.3953
11261.1  -9.0411  11.3936
11262.1  -9.0319  11.3918
11263.1  -9.0227  11.3901
11264.1  -9.0136  11.3883
11265.2  -9.0045  11.3866
11266.2  -8.9956  11.3848
11267.2  -8.9867  11.3831
11268.2  -8.9779  11.3813
11269.3  -8.9691  11.3795
11270.3  -8.9604  11.3778
11271.3  -8.9518  11.3760
11374.7  -8.3219  11.2012
11480  -7.9884  11.0272
11534.5  -7.9175  10.9389
11535.6  -7.9170  10.9372
11536.6  -7.9165  10.9354
11537.7  -7.9160  10.9337
11538.8  -7.9156  10.9320
11539.9  -7.9152  10.9303
11540.9  -7.9148  10.9285
11542  -7.9145  10.9268
11543.1  -7.9142  10.9251
11544.2  -7.9139  10.9233
11545.2  -7.9137  10.9216
11546.3  -7.9136  10.9199
11547.4  -7.9135  10.9181
11548.5  -7.9134  10.9164
11549.5  -7.9133  10.9147
11550.6  -7.9133  10.9130
11551.7  -7.9134  10.9112
11552.8  -7.9135  10.9095
11553.8  -7.9136  10.9078
11554.9  -7.9138  10.9061
11556  -7.9141  10.9043
11557.1  -7.9143  10.9026
11558.2  -7.9147  10.9009
11559.2  -7.9150  10.8991
11560.3  -7.9155  10.8974
11561.4  -7.9159  10.8957
11562.5  -7.9165  10.8940
11563.5  -7.9170  10.8922
11564.6  -7.9177  10.8905
11565.7  -7.9183  10.8888
11566.8  -7.9191  10.8871
11567.9  -7.9199  10.8853
11568.9  -7.9207  10.8836
11570  -7.9216  10.8819
11571.1  -7.9226  10.8801
11572.2  -7.9236  10.8784
11573.3  -7.9247  10.8767
11574.3  -7.9258  10.8750
11575.4  -7.9270  10.8732
11576.5  -7.9282  10.8715
11577.6  -7.9296  10.8698
11578.7  -7.9310  10.8681
11579.7  -7.9324  10.8663
11580.8  -7.9339  10.8646
11581.9  -7.9355  10.8629
11583  -7.9372  10.8612
11584.1  -7.9389  10.8594
11585.2  -7.9407  10.8577
11586.2  -7.9426  10.8560
11587.3  -7.9445  10.8543
11588.4  -7.9465  10.8525
11589.5  -7.9486  10.8508
11590.6  -7.9508  10.8491
11591.7  -7.9531  10.8474
11592.7  -7.9554  10.8456
11593.8  -7.9579  10.8439
11594.9  -7.9604  10.8422
11596  -7.9630  10.8405
11597.1  -7.9657  10.8387
11598.2  -7.9685  10.8370
11599.2  -7.9714  10.8353
11600.3  -7.9744  10.8336
11601.4  -7.9775  10.8318
11602.5  -7.9807  10.8301
11603.6  -7.9840  10.8284
11604.7  -7.9874  10.8267
11605.8  -7.9909  10.8250
11606.8  -7.9945  10.8232
11607.9  -7.9983  10.8215
11609  -8.0021  10.8198
11610.1  -8.0061  10.8181
11611.2  -8.0103  10.8163
11612.3  -8.0145  10.8146
11613.4  -8.0189  10.8129
11614.5  -8.0234  10.8112
11615.5  -8.0281  10.8094
11616.6  -8.0329  10.8077
11617.7  -8.0379  10.8060
11618.8  -8.0431  10.8043
11619.9  -8.0484  10.8026
11621  -8.0538  10.8008
11622.1  -8.0595  10.7991
11623.2  -8.0653  10.7974
11624.3  -8.0713  10.7957
11625.3  -8.0775  10.7940
11626.4  -8.0839  10.7922
11627.5  -8.0906  10.7905
11628.6  -8.0974  10.7888
11629.7  -8.1045  10.7871
11630.8  -8.1118  10.7853
11631.9  -8.1193  10.7836
11633  -8.1271  10.7819
11634.1  -8.1352  10.7802
11635.2  -8.1436  10.7785
11636.3  -8.1522  10.7767
11637.4  -8.1612  10.7750
11638.4  -8.1705  10.7733
11639.5  -8.1801  10.7716
11640.6  -8.1901  10.7699
11641.7  -8.2004  10.7681
11642.8  -8.2112  10.7664
11643.9  -8.2223  10.7647
11645  -8.2339  10.7630
11646.1  -8.2460  10.7613
11647.2  -8.2586  10.7595
11648.3  -8.2716  10.7578
11649.4  -8.2853  10.7561
11650.5  -8.2995  10.7544
11651.6  -8.3144  10.7527
11652.7  -8.3300  10.7509
11653.8  -8.3463  10.7492
11654.9  -8.3634  10.7475
11656  -8.3814  10.7458
11657  -8.4003  10.7441
11658.1  -8.4202  10.7424
11659.2  -8.4412  10.7406
11660.3  -8.4634  10.7389
11661.4  -8.4870  10.7372
11662.5  -8.5121  10.7355
11663.6  -8.5388  10.7338
11664.7  -8.5674  10.7320
11665.8  -8.5981  10.7303
11666.9  -8.6311  10.7286
11668  -8.6670  10.7269
11669.1  -8.7060  10.7252
11670.2  -8.7487  10.7235
11671.3  -8.7959  10.7217
11672.4  -8.8485  10.7200
11673.5  -8.9079  10.7183
11674.6  -8.9757  10.7166
11675.7  -9.0546  10.7149
11676.8  -9.1488  10.7131
11677.9  -9.2653  10.7114
11679  -9.4170  10.7097
11680.1  -9.6340  10.7080
11681.2  -10.0141  10.7063
11682.3  -11.5365  12.3789
11683.4  -9.9521  12.3772
11684.5  -9.5929  12.3754
11685.6  -9.3832  12.3736
11686.7  -9.2286  12.3718
11687.8  -9.1074  12.3701
11688.9  -9.0075  12.3683
11690  -8.9224  12.3665
11691.1  -8.8481  12.3648
11692.2  -8.7820  12.3630
11693.3  -8.7226  12.3612
11694.4  -8.6684  12.3594
11695.5  -8.6186  12.3577
11696.6  -8.5725  12.3559
11697.7  -8.5295  12.3541
11698.8  -8.4893  12.3524
11699.9  -8.4514  12.3506
11701.1  -8.4156  12.3488
11702.2  -8.3816  12.3471
11703.3  -8.3493  12.3453
11704.4  -8.3185  12.3435
11705.5  -8.2890  12.3418
11706.6  -8.2606  12.3400
11707.7  -8.2334  12.3382
11708.8  -8.2073  12.3365
11709.9  -8.1820  12.3347
11711  -8.1576  12.3329
11712.1  -8.1340  12.3312
11713.2  -8.1111  12.3294
11714.3  -8.0889  12.3276
11715.4  -8.0673  12.3259
11716.5  -8.0463  12.3241
11717.6  -8.0259  12.3223
11718.7  -8.0060  12.3206
11719.9  -7.9866  12.3188
11721  -7.9677  12.3170
11722.1  -7.9492  12.3152
11723.2  -7.9311  12.3135
11724.3  -7.9135  12.3117
11725.4  -7.8961  12.3099
11726.5  -7.8792  12.3082
11727.6  -7.8626  12.3064
11728.7  -7.8463  12.3046
11729.8  -7.8303  12.3029
11730.9  -7.8146  12.3011
11732.1  -7.7992  12.2993
11733.2  -7.7840  12.2976
11734.3  -7.7691  12.2958
11735.4  -7.7546  12.2940
11736.5  -7.7392  12.2923
11737.6  -7.7251  12.2905
11738.7  -7.7111  12.2887
11739.8  -7.6973  12.2870
11740.9  -7.6838  12.2852
11742.1  -7.6704  12.2834
11743.2  -7.6572  12.2817
11744.3  -7.6442  12.2799
11745.4  -7.6314  12.2781
11746.5  -7.6187  12.2764
11747.6  -7.6062  12.2746
11748.7  -7.5939  12.2728
11749.8  -7.5817  12.2711
11751  -7.5697  12.2693
11752.1  -7.5578  12.2675
11753.2  -7.5460  12.2658
11754.3  -7.5344  12.2640
11755.4  -7.5229  12.2622
11756.5  -7.5115  12.2605
11757.6  -7.5003  12.2587
11758.8  -7.4892  12.2569
11759.9  -7.4782  12.2552
11761  -7.4673  12.2534
11762.1  -7.4565  12.2516
11763.2  -7.4458  12.2499
11764.3  -7.4352  12.2481
11765.5  -7.4247  12.2463
11766.6  -7.4144  12.2446
11767.7  -7.4041  12.2428
11768.8  -7.3939  12.2411
11769.9  -7.3838  12.2393
11771  -7.3738  12.2375
11772.2  -7.3639  12.2358
11773.3  -7.3540  12.2340
11774.4  -7.3443  12.2322
11775.5  -7.3346  12.2305
11776.6  -7.3250  12.2287
11777.7  -7.3155  12.2269
11778.9  -7.3061  12.2252
11780  -7.2967  12.2234
11781.1  -7.2874  12.2216
11782.2  -7.2782  12.2199
11783.3  -7.2691  12.2181
11784.5  -7.2600  12.2163
11785.6  -7.2510  12.2146
11786.7  -7.2420  12.2128
11787.8  -7.2332  12.2110
11788.9  -7.2243  12.2093
11790.1  -7.2156  12.2075
11791.2  -7.2069  12.2057
11792.3  -7.1982  12.2040
11793.4  -7.1897  12.2022
11794.6  -7.1811  12.2005
11795.7  -7.1727  12.1987
11796.8  -7.1643  12.1969
11797.9  -7.1559  12.1952
11799  -7.1476  12.1934
11800.2  -7.1393  12.1916
11801.3  -7.1311  12.1899
11802.4  -7.1230  12.1881
11803.5  -7.1149  12.1863
11804.7  -7.1068  12.1846
11805.8  -7.0988  12.1828
11806.9  -7.0909  12.1810
11808  -7.0830  12.1793
11809.2  -7.0751  12.1775
11810.3  -7.0673  12.1758
11811.4  -7.0595  12.1740
11812.5  -7.0518  12.1722
11813.7  -7.0441  12.1705
11814.8  -7.0364  12.1687
11815.9  -7.0288  12.1669
11817  -7.0212  12.1652
11818.2  -7.0137  12.1634
11819.3  -7.0062  12.1616
11820.4  -6.9988  12.1599
11821.5  -6.9913  12.1581
11822.7  -6.9840  12.1563
11823.8  -6.9766  12.1546
11824.9  -6.9693  12.1528
11826.1  -6.9621  12.1511
11827.2  -6.9548  12.1493
11828.3  -6.9476  12.1475
11829.4  -6.9405  12.1458
11830.6  -6.9333  12.1440
11831.7  -6.9262  12.1422
11832.8  -6.9192  12.1405
11834  -6.9122  12.1387
11835.1  -6.9052  12.1370
11836.2  -6.8982  12.1352
11837.3  -6.8913  12.1334
11838.5  -6.8844  12.1317
11839.6  -6.8775  12.1299
11840.7  -6.8706  12.1281
11841.9  -6.8638  12.1264
11921.6  -6.4444  12.0031
12037.3  -5.9671  11.8273
12155.3  -5.5705  11.6521
12275.7  -5.2127  11.4767
12398.4  -4.9056  11.2993
12523.7  -4.6280  11.1227
12651.5  -4.3743  10.9468
12781.9  -4.1406  10.7718
12915  -3.9224  10.5974
13051  -3.7211  10.4238
13189.8  -3.5331  10.2510
13331.6  -3.3570  10.0791
13476.6  -3.1917  9.9080
13624.7  -3.0364  9.7378
13776  -2.8901  9.5684
13930.8  -2.7521  9.3999
14089.1  -2.6220  9.2323
14251.1  -2.4992  9.0656
14416.8  -2.3832  8.8998
14586.4  -2.2701  8.7347
14760  -2.1667  8.5704
14937.9  -2.0691  8.4070
15120  -1.9769  8.2447
15306.7  -1.8895  8.0833
15498  -1.8076  7.9228
15694.2  -1.7303  7.7634
15895.4  -1.6577  7.6051
16101.9  -1.5894  7.4477
16313.7  -1.5253  7.2914
16531.2  -1.4652  7.1362
16754.6  -1.4090  6.9821
16984.2  -1.3566  6.8290
17220  -1.3077  6.6770
17462.6  -1.2624  6.5262
17712  -1.2204  6.3765
17968.7  -1.1817  6.2279
18233  -1.1462  6.0805
18505.1  -1.1137  5.9342
18785.5  -1.0843  5.7891
19074.5  -1.0578  5.6452
19372.6  -1.0341  5.5025
19680.1  -1.0133  5.3610
19997.5  -0.9930  5.2206
20325.3  -0.9776  5.0815
20664.1  -0.9648  4.9436
21014.3  -0.9545  4.8071
21376.6  -0.9466  4.6719
21751.6  -0.9412  4.5380
22140.1  -0.9381  4.4055
22542.6  -0.9359  4.2742
22960.1  -0.9376  4.1443
23393.3  -0.9408  4.0159
23843.1  -0.9470  3.8889
24310.7  -0.9552  3.7633
24796.9  -0.9656  3.6393
25302.9  -0.9781  3.5168
25830.1  -0.9925  3.3958
26379.6  -1.0090  3.2764
26953.1  -1.0273  3.1582
27552.1  -1.0475  3.0411
28178.3  -1.0698  2.9258
28833.6  -1.0943  2.8122
29520.1  -1.1207  2.7004
30240.1  -1.1492  2.5904
30996.1  -1.1797  2.4821
31790.9  -1.2122  2.3757
32627.5  -1.2468  2.2712
33509.3  -1.2834  2.1685
34440.1  -1.3222  2.0676
35424.1  -1.3632  1.9687
36466  -1.4066  1.8718
37571  -1.4526  1.7767
38745.1  -1.5013  1.6837
39994.9  -1.5531  1.5927
41328.1  -1.6083  1.5037
42753.2  -1.6676  1.4167
44280.1  -1.7294  1.3316
45920.1  -1.7997  1.2487
47686.3  -1.8773  1.1679
49593.7  -1.9628  1.0893
51660.1  -2.0603  1.0127
53906.2  -2.1808  0.9383
56356.5  -2.3314  0.8664
59040.2  -2.5346  0.7969
61992.2  -2.8493  0.7300
62650  -2.9434  0.7163
62681.7  -2.9483  0.7156
62713.4  -2.9532  0.7150
62745.1  -2.9581  0.7143
62776.9  -2.9631  0.7137
62808.7  -2.9681  0.7130
62840.5  -2.9732  0.7124
62872.4  -2.9783  0.7117
62904.3  -2.9835  0.7111
62936.2  -2.9887  0.7104
62968.2  -2.9939  0.7098
63000.2  -2.9992  0.7091
63032.2  -3.0045  0.7085
63064.3  -3.0099  0.7078
63096.4  -3.0153  0.7072
63128.5  -3.0208  0.7065
63160.6  -3.0263  0.7059
63192.8  -3.0319  0.7053
63225.1  -3.0375  0.7046
63257.3  -3.0432  0.7040
63289.6  -3.0489  0.7033
63321.9  -3.0547  0.7027
63354.3  -3.0605  0.7020
63386.7  -3.0664  0.7014
63419.1  -3.0723  0.7007
63451.6  -3.0783  0.7001
63484  -3.0844  0.6994
63516.6  -3.0905  0.6988
63549.1  -3.0967  0.6982
63581.7  -3.1029  0.6975
63614.3  -3.1092  0.6969
63647  -3.1156  0.6962
63679.7  -3.1220  0.6956
63712.4  -3.1285  0.6949
63745.2  -3.1350  0.6943
63778  -3.1417  0.6937
63810.8  -3.1484  0.6930
63843.6  -3.1551  0.6924
63876.5  -3.1620  0.6917
63909.5  -3.1689  0.6911
63942.4  -3.1759  0.6904
63975.4  -3.1830  0.6898
64008.4  -3.1901  0.6892
64041.5  -3.1973  0.6885
64074.6  -3.2047  0.6879
64107.7  -3.2121  0.6872
64140.9  -3.2195  0.6866
64174.1  -3.2271  0.6860
64207.3  -3.2348  0.6853
64240.6  -3.2425  0.6847
64273.9  -3.2504  0.6841
64307.2  -3.2583  0.6834
64340.6  -3.2664  0.6828
64374  -3.2745  0.6821
64407.5  -3.2827  0.6815
64440.9  -3.2911  0.6809
64474.4  -3.2995  0.6802
64508  -3.3081  0.6796
64541.6  -3.3168  0.6790
64575.2  -3.3256  0.6783
64608.8  -3.3345  0.6777
64642.5  -3.3436  0.6770
64676.2  -3.3527  0.6764
64710  -3.3620  0.6758
64743.8  -3.3715  0.6751
64777.6  -3.3810  0.6745
64811.5  -3.3907  0.6739
64845.4  -3.4006  0.6732
64879.3  -3.4106  0.6726
64913.3  -3.4207  0.6720
64947.3  -3.4311  0.6713
64981.3  -3.4415  0.6707
65015.4  -3.4522  0.6701
65049.5  -3.4630  0.6694
65083.6  -3.4740  0.6688
65117.8  -3.4851  0.6682
65152  -3.4965  0.6675
65186.3  -3.5080  0.6669
65220.6  -3.5198  0.6663
65254.9  -3.5317  0.6657
65289.3  -3.5439  0.6650
65323.7  -3.5563  0.6644
65358.1  -3.5689  0.6638
65392.6  -3.5818  0.6631
65427.1  -3.5949  0.6625
65461.6  -3.6082  0.6619
65496.2  -3.6218  0.6612
65530.8  -3.6357  0.6606
65565.5  -3.6499  0.6600
65600.2  -3.6644  0.6594
65634.9  -3.6792  0.6587
65669.7  -3.6943  0.6581
65704.5  -3.7098  0.6575
65739.3  -3.7255  0.6569
65774.2  -3.7417  0.6562
65809.1  -3.7582  0.6556
65844  -3.7752  0.6550
65879  -3.7925  0.6543
65914.1  -3.8103  0.6537
65949.1  -3.8286  0.6531
65984.2  -3.8473  0.6525
66019.4  -3.8665  0.6518
66054.5  -3.8863  0.6512
66089.7  -3.9066  0.6506
66125  -3.9275  0.6500
66160.3  -3.9491  0.6493
66195.6  -3.9713  0.6487
66231  -3.9942  0.6481
66266.4  -4.0179  0.6475
66301.8  -4.0423  0.6469
66337.3  -4.0676  0.6462
66372.8  -4.0938  0.6456
66408.3  -4.1210  0.6450
66443.9  -4.1492  0.6444
66479.5  -4.1786  0.6437
66515.2  -4.2091  0.6431
66550.9  -4.2410  0.6425
66586.7  -4.2743  0.6419
66622.4  -4.3091  0.6413
66658.2  -4.3456  0.6406
66694.1  -4.3840  0.6400
66730  -4.4245  0.6394
66765.9  -4.4672  0.6388
66801.9  -4.5125  0.6382
66837.9  -4.5606  0.6375
66874  -4.6119  0.6369
66910.1  -4.6669  0.6363
66946.2  -4.7261  0.6357
66982.4  -4.7902  0.6351
67018.6  -4.8600  0.6344
67054.8  -4.9367  0.6338
67091.1  -5.0216  0.6332
67127.4  -5.1168  0.6326
67163.8  -5.2249  0.6320
67200.2  -5.3501  0.6314
67236.6  -5.4983  0.6307
67273.1  -5.6801  0.6301
67309.6  -5.9147  0.6295
67346.2  -6.2451  0.6289
67382.8  -6.8060  0.6283
67419.4  -9.6275  0.6277
67456.1  -6.8614  3.2547
67492.8  -6.2622  3.2520
67529.6  -5.9141  3.2494
67566.4  -5.6674  3.2468
67603.2  -5.4759  3.2442
67640.1  -5.3191  3.2415
67677  -5.1863  3.2389
67714  -5.0710  3.2363
67751  -4.9692  3.2336
67788.1  -4.8778  3.2310
67825.1  -4.7950  3.2284
67862.3  -4.7193  3.2257
67899.4  -4.6494  3.2231
67936.6  -4.5847  3.2205
67973.9  -4.5242  3.2179
68011.2  -4.4676  3.2152
68048.5  -4.4143  3.2126
68085.9  -4.3639  3.2099
68123.3  -4.3162  3.2073
68160.7  -4.2708  3.2047
68198.2  -4.2276  3.2020
68235.7  -4.1863  3.1994
68273.3  -4.1468  3.1968
68310.9  -4.1089  3.1941
68348.6  -4.0724  3.1915
68386.3  -4.0374  3.1889
68424  -4.0036  3.1862
68461.8  -3.9710  3.1836
68499.6  -3.9395  3.1809
68537.5  -3.9090  3.1783
68575.4  -3.8794  3.1757
68613.4  -3.8508  3.1730
68651.4  -3.8230  3.1704
68689.4  -3.7960  3.1677
68727.5  -3.7697  3.1651
68765.6  -3.7441  3.1624
68803.7  -3.7192  3.1598
68841.9  -3.6949  3.1572
68880.2  -3.6713  3.1545
68918.5  -3.6482  3.1519
68956.8  -3.6256  3.1492
68995.2  -3.6035  3.1466
69033.6  -3.5820  3.1439
69072.1  -3.5609  3.1413
69110.6  -3.5403  3.1386
69149.1  -3.5200  3.1360
69187.7  -3.5002  3.1333
69226.3  -3.4808  3.1307
69265  -3.4618  3.1280
69303.7  -3.4431  3.1254
69342.5  -3.4248  3.1227
69381.3  -3.4068  3.1201
69420.1  -3.3892  3.1174
69459  -3.3718  3.1148
69498  -3.3548  3.1121
69536.9  -3.3380  3.1095
69576  -3.3215  3.1068
69615  -3.3053  3.1042
69654.1  -3.2894  3.1015
69693.3  -3.2737  3.0989
69732.5  -3.2582  3.0962
69771.7  -3.2430  3.0935
69811  -3.2280  3.0909
69850.3  -3.2132  3.0882
69889.7  -3.1987  3.0856
69929.1  -3.1844  3.0829
69968.6  -3.1702  3.0803
70008.1  -3.1563  3.0776
70047.7  -3.1425  3.0749
70087.2  -3.1290  3.0723
70126.9  -3.1156  3.0696
70166.6  -3.1024  3.0670
70206.3  -3.0893  3.0643
70246.1  -3.0764  3.0616
70285.9  -3.0637  3.0590
70325.8  -3.0512  3.0563
70365.7  -3.0388  3.0537
70405.6  -3.0265  3.0510
70445.7  -3.0145  3.0483
70485.7  -3.0025  3.0457
70525.8  -2.9907  3.0430
70565.9  -2.9790  3.0403
70606.1  -2.9675  3.0377
70646.3  -2.9560  3.0350
70686.6  -2.9447  3.0323
70727  -2.9336  3.0297
70767.3  -2.9141  3.0269
70807.7  -2.9032  3.0241
70848.2  -2.8924  3.0214
70888.7  -2.8818  3.0186
70929.3  -2.8712  3.0158
70969.9  -2.8607  3.0130
71010.5  -2.8504  3.0102
71051.2  -2.8402  3.0074
71091.9  -2.8300  3.0047
71132.7  -2.8200  3.0019
71173.6  -2.8101  2.9991
71214.4  -2.8003  2.9963
71255.4  -2.7905  2.9935
71296.3  -2.7809  2.9908
71337.4  -2.7713  2.9880
71378.4  -2.7619  2.9852
71419.6  -2.7525  2.9824
71460.7  -2.7432  2.9797
71501.9  -2.7340  2.9769
71543.2  -2.7249  2.9741
71584.5  -2.7159  2.9713
71625.8  -2.7070  2.9686
71667.3  -2.6981  2.9658
71708.7  -2.6893  2.9630
71750.2  -2.6806  2.9603
71791.7  -2.6719  2.9575
71833.3  -2.6634  2.9547
71875  -2.6549  2.9520
71916.7  -2.6465  2.9492
71958.4  -2.6381  2.9464
72000.2  -2.6298  2.9437
72042  -2.6216  2.9409
72083.9  -2.6135  2.9381
72125.9  -2.6054  2.9354
72167.8  -2.5974  2.9326
72209.9  -2.5895  2.9299
72251.9  -2.5816  2.9271
72294.1  -2.5738  2.9244
72336.3  -2.5660  2.9216
72378.5  -2.5583  2.9188
72420.8  -2.5507  2.9161
72463.1  -2.5431  2.9133
72505.5  -2.5356  2.9106
72547.9  -2.5281  2.9078
72590.4  -2.5207  2.9051
72632.9  -2.5133  2.9023
72675.5  -2.5060  2.8996
72718.1  -2.4988  2.8968
72760.8  -2.4916  2.8941
72803.5  -2.4844  2.8913
72846.3  -2.4774  2.8886
72889.1  -2.4703  2.8859
72932  -2.4633  2.8831
77490.2  -1.9411  2.6131
82656.2  -1.6183  2.3522
88560.2  -1.3950  2.1000
95372.6  -1.2445  1.8554
103320  -1.1425  1.6222
112713  -1.0775  1.4008
123984  -1.0418  1.1918
