4290.12  -4.9310  14.6856
4305.01  -4.9151  14.6106
4320.01  -4.8995  14.5357
4335.12  -4.8843  14.4609
4350.33  -4.8693  14.3862
4365.65  -4.8547  14.3115
4381.07  -4.8404  14.2370
4396.61  -4.8263  14.1626
4412.25  -4.8126  14.0882
4428.01  -4.7992  14.0140
4443.88  -4.7861  13.9398
4459.87  -4.7733  13.8658
4475.97  -4.7608  13.7918
4492.19  -4.7486  13.7180
4508.52  -4.7367  13.6442
4524.98  -4.7251  13.5705
4541.55  -4.7138  13.4969
4558.25  -4.7028  13.4235
4575.07  -4.6767  13.3499
4592.01  -4.6664  13.2763
4609.08  -4.6467  13.2028
4626.28  -4.6373  13.1293
4643.61  -4.6281  13.0560
4661.07  -4.6192  12.9828
4678.65  -4.6105  12.9097
4696.38  -4.6022  12.8367
4714.23  -4.5942  12.7637
4732.23  -4.5865  12.6910
4750.36  -4.5791  12.6183
4768.63  -4.5719  12.5457
4787.04  -4.5651  12.4732
4805.59  -4.5586  12.4008
4824.29  -4.5525  12.3286
4843.14  -4.5466  12.2565
4862.13  -4.5321  12.1844
4881.27  -4.5269  12.1124
4900.57  -4.5221  12.0406
4920.01  -4.5175  11.9688
4939.62  -4.5133  11.8972
4959.37  -4.5093  11.8257
4979.29  -4.5057  11.7543
4999.37  -4.5024  11.6830
5019.61  -4.4994  11.6118
5040.01  -4.4967  11.5408
5060.59  -4.4943  11.4698
5081.33  -4.4922  11.3990
5102.24  -4.4905  11.3283
5123.32  -4.4890  11.2577
5144.58  -4.4879  11.1873
5166.01  -4.4763  11.1167
5187.63  -4.4758  11.0463
5209.43  -4.4758  10.9759
5231.41  -4.4760  10.9057
5253.57  -4.4765  10.8356
5275.93  -4.4774  10.7656
5298.48  -4.4786  10.6958
5321.22  -4.4801  10.6261
5344.15  -4.4820  10.5565
5367.29  -4.4842  10.4870
5390.62  -4.4867  10.4177
5414.16  -4.4895  10.3485
5437.91  -4.4927  10.2794
5461.87  -4.4962  10.2105
5486.03  -4.5000  10.1417
5510.42  -4.5042  10.0730
5535.02  -4.5087  10.0045
5559.84  -4.5136  9.9361
5584.88  -4.5188  9.8678
5610.15  -4.5244  9.7997
5635.65  -4.5303  9.7316
5661.39  -4.5329  9.6637
5687.36  -4.5396  9.5959
5713.56  -4.5466  9.5282
5740.02  -4.5540  9.4606
5766.71  -4.5617  9.3932
5793.66  -4.5698  9.3259
5820.86  -4.5783  9.2588
5848.32  -4.5872  9.1918
5876.04  -4.5964  9.1250
5904.02  -4.6061  9.0583
5932.27  -4.6161  8.9917
5960.79  -4.6265  8.9253
5989.58  -4.6373  8.8590
6018.66  -4.6485  8.7929
6048.02  -4.6601  8.7269
6077.66  -4.6721  8.6611
6107.6  -4.6846  8.5954
6137.84  -4.6974  8.5299
6168.38  -4.7107  8.4645
6199.22  -4.7245  8.3992
6230.37  -4.7386  8.3341
6261.84  -4.7532  8.2692
6293.62  -4.7683  8.2044
6325.73  -4.7838  8.1398
6358.17  -4.7998  8.0753
6390.95  -4.8163  8.0109
6424.06  -4.8332  7.9468
6457.52  -4.8507  7.8827
6491.33  -4.8687  7.8189
6525.49  -4.8871  7.7552
6560.02  -4.9061  7.6916
6594.91  -4.9257  7.6282
6630.18  -4.9457  7.5650
6665.82  -4.9664  7.5019
6701.86  -4.9876  7.4389
6738.28  -5.0094  7.3762
6775.1  -5.0318  7.3136
6812.33  -5.0548  7.2511
6849.96  -5.0784  7.1889
6888.02  -5.1027  7.1268
6926.5  -5.1277  7.0648
6965.41  -5.1533  7.0030
7004.77  -5.1796  6.9414
7044.57  -5.2067  6.8799
7084.82  -5.2345  6.8187
7125.54  -5.2631  6.7575
7166.73  -5.2925  6.6966
7208.39  -5.3227  6.6358
7250.55  -5.3538  6.5752
7293.2  -5.3857  6.5148
7336.35  -5.4185  6.4545
7380.02  -5.4523  6.3944
7424.21  -5.4871  6.3345
7468.94  -5.5229  6.2747
7514.2  -5.5598  6.2152
7560.02  -5.5978  6.1558
7606.4  -5.6370  6.0966
7653.35  -5.6773  6.0375
7700.89  -5.7190  5.9787
7749.02  -5.7620  5.9200
7797.76  -5.8063  5.8615
7847.11  -5.8516  5.8032
7897.09  -5.8990  5.7450
7947.71  -5.9481  5.6871
7998.99  -5.9986  5.6293
8050.93  -6.0513  5.5717
8103.55  -6.1058  5.5143
8156.86  -6.1617  5.4571
8210.88  -6.2206  5.4000
8265.62  -6.2819  5.3432
8321.1  -6.3456  5.2865
8377.32  -6.4120  5.2301
8434.31  -6.4813  5.1738
8492.08  -6.5537  5.1177
8550.64  -6.6295  5.0619
8610.02  -6.7090  5.0062
8670.23  -6.7924  4.9507
8731.29  -6.8803  4.8955
8793.22  -6.9729  4.8404
8856.02  -7.0708  4.7855
8919.74  -7.1744  4.7307
8984.37  -7.2841  4.6758
9049.95  -7.4014  4.6211
9116.5  -7.5272  4.5666
9184.03  -7.6626  4.5123
9252.56  -7.8049  4.4583
9322.13  -7.9643  4.4044
9392.75  -8.1390  4.3509
9464.45  -8.3319  4.2975
9537.26  -8.5470  4.2444
9611.19  -8.7899  4.1915
9686.28  -9.0685  4.1388
9762.55  -9.3948  4.0864
9840.03  -9.7879  4.0343
9918.75  -10.2715  3.9823
9998.74  -10.9357  3.9303
10080  -11.9480  3.8787
10089.1  -12.0991  3.8730
10089.9  -12.1135  3.8725
10090.7  -12.1279  3.8720
10091.5  -12.1424  3.8714
10092.3  -12.1571  3.8709
10093.2  -12.1718  3.8704
10094  -12.1867  3.8699
10094.8  -12.2016  3.8694
10095.6  -12.2167  3.8689
10096.4  -12.2319  3.8684
10097.3  -12.2472  3.8678
10098.1  -12.2627  3.8673
10098.9  -12.2782  3.8668
10099.7  -12.2939  3.8663
10100.6  -12.3097  3.8658
10101.4  -12.3257  3.8653
10102.2  -12.3417  3.8648
10103  -12.3579  3.8642
10103.9  -12.3742  3.8637
10104.7  -12.3907  3.8632
10105.5  -12.4073  3.8627
10106.3  -12.4240  3.8622
10107.1  -12.4409  3.8617
10108  -12.4579  3.8611
10108.8  -12.4751  3.8606
10109.6  -12.4924  3.8601
10110.4  -12.5098  3.8596
10111.3  -12.5275  3.8591
10112.1  -12.5452  3.8586
10112.9  -12.5632  3.8581
10113.7  -12.5813  3.8575
10114.6  -12.5995  3.8570
10115.4  -12.6180  3.8565
10116.2  -12.6366  3.8560
10117  -12.6553  3.8555
10117.9  -12.6743  3.8550
10118.7  -12.6934  3.8545
10119.5  -12.7128  3.8539
10120.3  -12.7323  3.8534
10121.2  -12.7520  3.8529
10122  -12.7719  3.8524
10122.8  -12.7920  3.8519
10123.7  -12.8122  3.8514
10124.5  -12.8328  3.8509
10125.3  -12.8535  3.8503
10126.1  -12.8744  3.8498
10127  -12.8956  3.8493
10127.8  -12.9169  3.8488
10128.6  -12.9385  3.8483
10129.4  -12.9604  3.8478
10130.3  -12.9825  3.8473
10131.1  -13.0048  3.8467
10131.9  -13.0274  3.8462
10132.8  -13.0502  3.8457
10133.6  -13.0733  3.8452
10134.4  -13.0967  3.8447
10135.2  -13.1203  3.8442
10136.1  -13.1442  3.8437
10136.9  -13.1684  3.8432
10137.7  -13.1929  3.8426
10138.6  -13.2177  3.8421
10139.4  -13.2428  3.8416
10140.2  -13.2683  3.8411
10141  -13.2940  3.8406
10141.9  -13.3201  3.8401
10142.7  -13.3465  3.8396
10143.5  -13.3733  3.8390
10144.4  -13.4004  3.8385
10145.2  -13.4279  3.8380
10146  -13.4558  3.8375
10146.8  -13.4841  3.8370
10147.7  -13.5127  3.8365
10148.5  -13.5418  3.8360
10149.3  -13.5713  3.8354
10150.2  -13.6012  3.8349
10151  -13.6316  3.8344
10151.8  -13.6625  3.8339
10152.7  -13.6938  3.8334
10153.5  -13.7256  3.8329
10154.3  -13.7579  3.8324
10155.2  -13.7908  3.8319
10156  -13.8242  3.8313
10156.8  -13.8581  3.8308
10157.7  -13.8926  3.8303
10158.5  -13.9277  3.8298
10159.3  -13.9634  3.8293
10160.2  -13.9998  3.8288
10161  -14.0368  3.8283
10161.8  -14.0745  3.8278
10162.7  -14.1129  3.8272
10163.5  -14.1521  3.8267
10164.3  -14.1920  3.8262
10165.2  -14.2327  3.8257
10166  -14.2742  3.8252
10166.8  -14.3166  3.8247
10167.7  -14.3599  3.8242
10168.5  -14.4041  3.8236
10169.3  -14.4493  3.8231
10170.2  -14.4955  3.8226
10171  -14.5428  3.8221
10171.8  -14.5912  3.8216
10172.7  -14.6408  3.8211
10173.5  -14.6916  3.8206
10174.3  -14.7436  3.8201
10175.2  -14.7971  3.8195
10176  -14.8519  3.8190
10176.8  -14.9083  3.8185
10177.7  -14.9662  3.8180
10178.5  -15.0258  3.8175
10179.3  -15.0872  3.8170
10180.2  -15.1505  3.8165
10181  -15.2157  3.8160
10181.8  -15.2831  3.8154
10182.7  -15.3528  3.8149
10183.5  -15.4249  3.8144
10184.4  -15.4995  3.8139
10185.2  -15.5770  3.8134
10186  -15.6575  3.8129
10186.9  -15.7412  3.8124
10187.7  -15.8285  3.8119
10188.5  -15.9195  3.8114
10189.4  -16.0148  3.8108
10190.2  -16.1146  3.8103
10191.1  -16.2194  3.8098
10191.9  -16.3298  3.8093
10192.7  -16.4463  3.8088
10193.6  -16.5698  3.8083
10194.4  -16.7010  3.8078
10195.2  -16.8410  3.8073
10196.1  -16.9910  3.8067
10196.9  -17.1526  3.8062
10197.8  -17.3277  3.8057
10198.6  -17.5188  3.8052
10199.4  -17.7290  3.8047
10200.3  -17.9626  3.8042
10201.1  -18.2255  3.8037
10202  -18.5259  3.8032
10202.8  -18.8764  3.8026
10203.6  -19.2969  3.8021
10204.5  -19.8225  3.8016
10205.3  -20.5237  3.8011
10206.2  -21.5795  3.8006
10207  -23.7794  3.8001
10207.8  -24.2409  10.4936
10208.7  -21.7469  10.4917
10209.5  -20.6270  10.4897
10210.4  -19.8955  10.4877
10211.2  -19.3510  10.4857
10212  -18.9170  10.4837
10212.9  -18.5561  10.4817
10213.7  -18.2471  10.4797
10214.6  -17.9769  10.4778
10215.4  -17.7368  10.4758
10216.2  -17.5207  10.4738
10217.1  -17.3243  10.4718
10217.9  -17.1442  10.4698
10218.8  -16.9780  10.4678
10219.6  -16.8236  10.4659
10220.5  -16.6795  10.4639
10221.3  -16.5444  10.4619
10222.1  -16.4172  10.4599
10223  -16.2970  10.4579
10223.8  -16.1831  10.4560
10224.7  -16.0749  10.4540
10225.5  -15.9718  10.4520
10226.4  -15.8733  10.4500
10227.2  -15.7792  10.4480
10228  -15.6889  10.4461
10228.9  -15.6022  10.4441
10229.7  -15.5188  10.4421
10230.6  -15.4385  10.4401
10231.4  -15.3610  10.4382
10232.3  -15.2862  10.4362
10233.1  -15.2139  10.4342
10234  -15.1439  10.4322
10234.8  -15.0760  10.4303
10235.6  -15.0102  10.4283
10236.5  -14.9463  10.4263
10237.3  -14.8842  10.4244
10238.2  -14.8239  10.4224
10239  -14.7651  10.4204
10239.9  -14.7079  10.4184
10240.7  -14.6521  10.4165
10241.6  -14.5978  10.4145
10242.4  -14.5447  10.4125
10243.3  -14.4929  10.4106
10244.1  -14.4423  10.4086
10244.9  -14.3928  10.4066
10245.8  -14.3444  10.4047
10246.6  -14.2971  10.4027
10247.5  -14.2508  10.4007
10248.3  -14.2054  10.3988
10249.2  -14.1609  10.3968
10250  -14.1173  10.3948
10250.9  -14.0746  10.3929
10251.7  -14.0327  10.3909
10252.6  -13.9916  10.3890
10253.4  -13.9512  10.3870
10254.3  -13.9115  10.3850
10255.1  -13.8726  10.3831
10256  -13.8343  10.3811
10256.8  -13.7967  10.3792
10257.7  -13.7597  10.3772
10258.5  -13.7234  10.3752
10259.4  -13.6876  10.3733
10260.2  -13.6524  10.3713
10261.1  -13.6177  10.3694
10261.9  -13.5836  10.3674
10262.8  -13.5500  10.3654
10263.6  -13.5170  10.3635
10264.5  -13.4844  10.3615
10265.3  -13.4523  10.3596
10266.2  -13.4206  10.3576
10267  -13.3894  10.3557
10267.9  -13.3586  10.3537
10268.7  -13.3283  10.3518
10269.6  -13.2984  10.3498
10270.4  -13.2689  10.3479
10271.3  -13.2397  10.3459
10272.1  -13.2110  10.3440
10273  -13.1826  10.3420
10273.8  -13.1546  10.3401
10274.7  -13.1269  10.3381
10275.5  -13.0996  10.3362
10276.4  -13.0726  10.3342
10277.2  -13.0460  10.3323
10278.1  -13.0196  10.3303
10278.9  -12.9936  10.3284
10279.8  -12.9679  10.3264
10280.6  -12.9425  10.3245
10281.5  -12.9174  10.3225
10282.3  -12.8925  10.3206
10283.2  -12.8680  10.3186
10284  -12.8437  10.3167
10284.9  -12.8197  10.3147
10285.7  -12.7959  10.3128
10286.6  -12.7724  10.3109
10287.4  -12.7491  10.3089
10288.3  -12.7261  10.3070
10289.2  -12.7034  10.3050
10290  -12.6808  10.3031
10290.9  -12.6585  10.3011
10291.7  -12.6364  10.2992
10292.6  -12.6146  10.2973
10293.4  -12.5929  10.2953
10294.3  -12.5715  10.2934
10295.1  -12.5503  10.2914
10296  -12.5293  10.2895
10296.8  -12.5085  10.2876
10297.7  -12.4879  10.2856
10298.6  -12.4674  10.2837
10299.4  -12.4472  10.2818
10300.3  -12.4272  10.2798
10301.1  -12.4073  10.2779
10302  -12.3876  10.2760
10302.8  -12.3681  10.2740
10303.7  -12.3488  10.2721
10304.5  -12.3296  10.2702
10305.4  -12.3106  10.2682
10306.3  -12.2918  10.2663
10307.1  -12.2731  10.2644
10308  -12.2546  10.2624
10308.8  -12.2363  10.2605
10309.7  -12.2181  10.2586
10310.5  -12.2000  10.2566
10311.4  -12.1821  10.2547
10312.3  -12.1644  10.2528
10313.1  -12.1468  10.2508
10314  -12.1293  10.2489
10314.8  -12.1120  10.2470
10315.7  -12.0948  10.2451
10316.6  -12.0778  10.2431
10317.4  -12.0609  10.2412
10318.3  -12.0441  10.2393
10319.1  -12.0274  10.2374
10320  -12.0109  10.2354
10320.8  -11.9945  10.2335
10321.7  -11.9783  10.2316
10322.6  -11.9621  10.2297
10323.4  -11.9461  10.2277
10332  -11.7921  10.2085
10418.9  -10.6708  10.0191
10507.1  -9.9635  9.8343
10597  -9.4674  9.6539
10688.3  -9.1054  9.4780
10781.2  -8.9907  9.3309
10875.8  -8.7974  9.1923
10972.1  -8.6714  9.0545
11070  -8.6137  8.9173
11169.8  -8.6265  8.7808
11271.3  -8.7563  8.6449
11374.7  -9.0716  8.5096
11386.2  -9.1258  8.4948
11387.2  -9.1310  8.4935
11388.3  -9.1363  8.4921
11389.3  -9.1416  8.4908
11390.4  -9.1469  8.4894
11391.4  -9.1523  8.4881
11392.5  -9.1578  8.4867
11393.5  -9.1633  8.4854
11394.6  -9.1688  8.4840
11395.6  -9.1744  8.4827
11396.7  -9.1801  8.4813
11397.7  -9.1858  8.4800
11398.8  -9.1916  8.4786
11399.8  -9.1974  8.4773
11400.9  -9.2033  8.4759
11401.9  -9.2093  8.4746
11403  -9.2153  8.4733
11404  -9.2213  8.4719
11405.1  -9.2274  8.4706
11406.1  -9.2336  8.4692
11407.2  -9.2399  8.4679
11408.2  -9.2462  8.4665
11409.3  -9.2526  8.4652
11410.3  -9.2590  8.4638
11411.4  -9.2655  8.4625
11412.4  -9.2721  8.4611
11413.5  -9.2787  8.4598
11414.5  -9.2854  8.4584
11415.6  -9.2922  8.4571
11416.6  -9.2991  8.4558
11417.7  -9.3060  8.4544
11418.7  -9.3130  8.4531
11419.8  -9.3201  8.4517
11420.8  -9.3272  8.4504
11421.9  -9.3345  8.4490
11422.9  -9.3418  8.4477
11424  -9.3492  8.4463
11425  -9.3566  8.4450
11426.1  -9.3642  8.4436
11427.1  -9.3718  8.4423
11428.2  -9.3795  8.4410
11429.2  -9.3873  8.4396
11430.3  -9.3952  8.4383
11431.3  -9.4032  8.4369
11432.4  -9.4113  8.4356
11433.5  -9.4195  8.4342
11434.5  -9.4278  8.4329
11435.6  -9.4361  8.4315
11436.6  -9.4446  8.4302
11437.7  -9.4532  8.4289
11438.7  -9.4619  8.4275
11439.8  -9.4706  8.4262
11440.8  -9.4795  8.4248
11441.9  -9.4885  8.4235
11442.9  -9.4977  8.4221
11444  -9.5069  8.4208
11445.1  -9.5162  8.4194
11446.1  -9.5257  8.4181
11447.2  -9.5353  8.4168
11448.2  -9.5450  8.4154
11449.3  -9.5548  8.4141
11450.3  -9.5648  8.4127
11451.4  -9.5749  8.4114
11452.5  -9.5851  8.4100
11453.5  -9.5955  8.4087
11454.6  -9.6060  8.4074
11455.6  -9.6167  8.4060
11456.7  -9.6275  8.4047
11457.8  -9.6385  8.4033
11458.8  -9.6496  8.4020
11459.9  -9.6609  8.4006
11460.9  -9.6723  8.3993
11462  -9.6839  8.3980
11463  -9.6957  8.3966
11464.1  -9.7077  8.3953
11465.2  -9.7198  8.3939
11466.2  -9.7322  8.3926
11467.3  -9.7447  8.3912
11468.4  -9.7574  8.3899
11469.4  -9.7703  8.3886
11470.5  -9.7835  8.3872
11471.5  -9.7968  8.3859
11472.6  -9.8104  8.3845
11473.7  -9.8242  8.3832
11474.7  -9.8382  8.3819
11475.8  -9.8525  8.3805
11476.8  -9.8670  8.3792
11477.9  -9.8818  8.3778
11479  -9.8968  8.3765
11480  -9.9121  8.3751
11481.1  -9.9277  8.3738
11482.2  -9.9436  8.3725
11483.2  -9.9598  8.3711
11484.3  -9.9763  8.3698
11485.3  -9.9931  8.3684
11486.4  -10.0103  8.3671
11487.5  -10.0278  8.3658
11488.5  -10.0457  8.3644
11489.6  -10.0639  8.3631
11490.7  -10.0826  8.3617
11491.7  -10.1016  8.3604
11492.8  -10.1211  8.3591
11493.9  -10.1410  8.3577
11494.9  -10.1613  8.3564
11496  -10.1821  8.3550
11497.1  -10.2035  8.3537
11498.1  -10.2253  8.3524
11499.2  -10.2477  8.3510
11500.3  -10.2707  8.3497
11501.3  -10.2942  8.3483
11502.4  -10.3184  8.3470
11503.5  -10.3433  8.3457
11504.5  -10.3688  8.3443
11505.6  -10.3951  8.3430
11506.7  -10.4222  8.3416
11507.7  -10.4500  8.3403
11508.8  -10.4788  8.3390
11509.9  -10.5084  8.3376
11510.9  -10.5390  8.3363
11512  -10.5707  8.3349
11513.1  -10.6034  8.3336
11514.1  -10.6374  8.3323
11515.2  -10.6726  8.3309
11516.3  -10.7092  8.3296
11517.4  -10.7472  8.3282
11518.4  -10.7868  8.3269
11519.5  -10.8282  8.3256
11520.6  -10.8713  8.3242
11521.6  -10.9166  8.3229
11522.7  -10.9640  8.3216
11523.8  -11.0139  8.3202
11524.9  -11.0665  8.3189
11525.9  -11.1221  8.3175
11527  -11.1810  8.3162
11528.1  -11.2438  8.3149
11529.1  -11.3108  8.3135
11530.2  -11.3826  8.3122
11531.3  -11.4602  8.3109
11532.4  -11.5443  8.3095
11533.4  -11.6362  8.3082
11534.5  -11.7373  8.3068
11535.6  -11.8499  8.3055
11536.6  -11.9768  8.3042
11537.7  -12.1219  8.3028
11538.8  -12.2915  8.3015
11539.9  -12.4952  8.3002
11540.9  -12.7504  8.2988
11542  -13.0915  8.2975
11543.1  -13.6071  8.2961
11544.2  -14.6926  8.2948
11545.2  -14.8470  11.5401
11546.3  -13.6601  11.5382
11547.4  -13.1206  11.5364
11548.5  -12.7669  11.5345
11549.5  -12.5030  11.5327
11550.6  -12.2924  11.5308
11551.7  -12.1170  11.5290
11552.8  -11.9667  11.5272
11553.8  -11.8351  11.5253
11554.9  -11.7180  11.5235
11556  -11.6126  11.5216
11557.1  -11.5166  11.5198
11558.2  -11.4286  11.5179
11559.2  -11.3472  11.5161
11560.3  -11.2716  11.5142
11561.4  -11.2009  11.5124
11562.5  -11.1346  11.5106
11563.5  -11.0722  11.5087
11564.6  -11.0131  11.5069
11565.7  -10.9571  11.5050
11566.8  -10.9038  11.5032
11567.9  -10.8530  11.5014
11568.9  -10.8044  11.4995
11570  -10.7580  11.4977
11571.1  -10.7134  11.4958
11572.2  -10.6705  11.4940
11573.3  -10.6293  11.4921
11574.3  -10.5895  11.4903
11575.4  -10.5511  11.4885
11576.5  -10.5140  11.4866
11577.6  -10.4781  11.4848
11578.7  -10.4434  11.4829
11579.7  -10.4097  11.4811
11580.8  -10.3769  11.4793
11581.9  -10.3451  11.4774
11583  -10.3142  11.4756
11584.1  -10.2841  11.4737
11585.2  -10.2548  11.4719
11586.2  -10.2263  11.4701
11587.3  -10.1984  11.4682
11588.4  -10.1712  11.4664
11589.5  -10.1447  11.4645
11590.6  -10.1188  11.4627
11591.7  -10.0934  11.4609
11592.7  -10.0686  11.4590
11593.8  -10.0443  11.4572
11594.9  -10.0206  11.4553
11596  -9.9973  11.4535
11597.1  -9.9745  11.4517
11598.2  -9.9522  11.4498
11599.2  -9.9302  11.4480
11600.3  -9.9087  11.4461
11601.4  -9.8876  11.4443
11602.5  -9.8669  11.4425
11603.6  -9.8465  11.4406
11604.7  -9.8265  11.4388
11605.8  -9.8068  11.4370
11606.8  -9.7875  11.4351
11607.9  -9.7685  11.4333
11609  -9.7498  11.4314
11610.1  -9.7313  11.4296
11611.2  -9.7132  11.4278
11612.3  -9.6954  11.4259
11613.4  -9.6778  11.4241
11614.5  -9.6605  11.4223
11615.5  -9.6435  11.4204
11616.6  -9.6267  11.4186
11617.7  -9.6101  11.4167
11618.8  -9.5938  11.4149
11619.9  -9.5777  11.4131
11621  -9.5618  11.4112
11622.1  -9.5461  11.4094
11623.2  -9.5307  11.4076
11624.3  -9.5154  11.4057
11625.3  -9.5004  11.4039
11626.4  -9.4855  11.4021
11627.5  -9.4708  11.4002
11628.6  -9.4563  11.3984
11629.7  -9.4420  11.3965
11630.8  -9.4279  11.3947
11631.9  -9.4139  11.3929
11633  -9.4001  11.3910
11634.1  -9.3865  11.3892
11635.2  -9.3730  11.3874
11636.3  -9.3597  11.3855
11637.4  -9.3465  11.3837
11638.4  -9.3335  11.3819
11639.5  -9.3206  11.3800
11640.6  -9.3078  11.3782
11641.7  -9.2952  11.3764
11642.8  -9.2827  11.3745
11643.9  -9.2704  11.3727
11645  -9.2582  11.3709
11646.1  -9.2461  11.3690
11647.2  -9.2342  11.3672
11648.3  -9.2223  11.3654
11649.4  -9.2106  11.3635
11650.5  -9.1990  11.3617
11651.6  -9.1875  11.3599
11652.7  -9.1762  11.3580
11653.8  -9.1649  11.3562
11654.9  -9.1538  11.3544
11656  -9.1427  11.3525
11657  -9.1318  11.3507
11658.1  -9.1209  11.3489
11659.2  -9.1102  11.3470
11660.3  -9.0996  11.3452
11661.4  -9.0890  11.3434
11662.5  -9.0786  11.3415
11663.6  -9.0682  11.3397
11664.7  -9.0580  11.3379
11665.8  -9.0478  11.3361
11666.9  -9.0377  11.3342
11668  -9.0278  11.3324
11669.1  -9.0179  11.3306
11670.2  -9.0080  11.3287
11671.3  -8.9983  11.3269
11672.4  -8.9887  11.3251
11673.5  -8.9791  11.3232
11674.6  -8.9696  11.3214
11675.7  -8.9602  11.3196
11676.8  -8.9509  11.3177
11677.9  -8.9416  11.3159
11679  -8.9324  11.3141
11680.1  -8.9233  11.3123
11681.2  -8.9143  11.3104
11682.3  -8.9053  11.3086
11683.4  -8.8964  11.3068
11684.5  -8.8876  11.3049
11685.6  -8.8789  11.3031
11696.6  -8.7949  11.2848
11808  -8.2053  11.1027
11921.6  -7.9192  10.9217
11934.2  -7.9054  10.9019
11935.3  -7.9044  10.9001
11936.5  -7.9034  10.8983
11937.6  -7.9024  10.8965
11938.8  -7.9015  10.8947
11939.9  -7.9006  10.8929
11941.1  -7.8997  10.8911
11942.2  -7.8989  10.8893
11943.4  -7.8981  10.8875
11944.5  -7.8973  10.8857
11945.7  -7.8966  10.8839
11946.8  -7.8959  10.8821
11948  -7.8953  10.8803
11949.1  -7.8947  10.8785
11950.3  -7.8941  10.8766
11951.5  -7.8936  10.8748
11952.6  -7.8932  10.8730
11953.8  -7.8927  10.8712
11954.9  -7.8923  10.8694
11956.1  -7.8920  10.8676
11957.2  -7.8917  10.8658
11958.4  -7.8914  10.8640
11959.5  -7.8912  10.8623
11960.7  -7.8911  10.8605
11961.8  -7.8909  10.8587
11963  -7.8909  10.8569
11964.1  -7.8908  10.8551
11965.3  -7.8908  10.8533
11966.4  -7.8909  10.8515
11967.6  -7.8910  10.8497
11968.8  -7.8912  10.8479
11969.9  -7.8914  10.8461
11971.1  -7.8917  10.8443
11972.2  -7.8920  10.8425
11973.4  -7.8923  10.8407
11974.5  -7.8927  10.8389
11975.7  -7.8932  10.8371
11976.8  -7.8937  10.8353
11978  -7.8943  10.8335
11979.2  -7.8950  10.8317
11980.3  -7.8957  10.8299
11981.5  -7.8964  10.8281
11982.6  -7.8972  10.8263
11983.8  -7.8981  10.8245
11985  -7.8990  10.8227
11986.1  -7.9000  10.8209
11987.3  -7.9011  10.8191
11988.4  -7.9022  10.8173
11989.6  -7.9034  10.8155
11990.7  -7.9046  10.8137
11991.9  -7.9059  10.8119
11993.1  -7.9073  10.8101
11994.2  -7.9088  10.8083
11995.4  -7.9103  10.8065
11996.5  -7.9119  10.8047
11997.7  -7.9136  10.8029
11998.9  -7.9154  10.8011
12000  -7.9172  10.7993
12001.2  -7.9191  10.7975
12002.4  -7.9211  10.7958
12003.5  -7.9232  10.7940
12004.7  -7.9253  10.7922
12005.8  -7.9276  10.7904
12007  -7.9299  10.7886
12008.2  -7.9323  10.7868
12009.3  -7.9348  10.7850
12010.5  -7.9374  10.7832
12011.7  -7.9401  10.7814
12012.8  -7.9429  10.7796
12014  -7.9458  10.7778
12015.2  -7.9488  10.7760
12016.3  -7.9520  10.7742
12017.5  -7.9552  10.7724
12018.6  -7.9585  10.7706
12019.8  -7.9620  10.7688
12021  -7.9655  10.7671
12022.1  -7.9692  10.7653
12023.3  -7.9730  10.7635
12024.5  -7.9770  10.7617
12025.6  -7.9811  10.7599
12026.8  -7.9853  10.7581
12028  -7.9896  10.7563
12029.1  -7.9941  10.7545
12030.3  -7.9988  10.7527
12031.5  -8.0036  10.7509
12032.6  -8.0085  10.7491
12033.8  -8.0137  10.7473
12035  -8.0190  10.7455
12036.1  -8.0244  10.7438
12037.3  -8.0301  10.7420
12038.5  -8.0359  10.7402
12039.7  -8.0420  10.7384
12040.8  -8.0482  10.7366
12042  -8.0546  10.7348
12043.2  -8.0613  10.7330
12044.3  -8.0682  10.7312
12045.5  -8.0754  10.7294
12046.7  -8.0827  10.7276
12047.8  -8.0904  10.7258
12049  -8.0983  10.7241
12050.2  -8.1065  10.7223
12051.4  -8.1150  10.7205
12052.5  -8.1237  10.7187
12053.7  -8.1329  10.7169
12054.9  -8.1423  10.7151
12056  -8.1521  10.7133
12057.2  -8.1623  10.7115
12058.4  -8.1729  10.7097
12059.6  -8.1839  10.7079
12060.7  -8.1953  10.7062
12061.9  -8.2072  10.7044
12063.1  -8.2197  10.7026
12064.3  -8.2326  10.7008
12065.4  -8.2461  10.6990
12066.6  -8.2602  10.6972
12067.8  -8.2749  10.6954
12069  -8.2903  10.6936
12070.1  -8.3065  10.6919
12071.3  -8.3235  10.6901
12072.5  -8.3413  10.6883
12073.7  -8.3601  10.6865
12074.8  -8.3798  10.6847
12076  -8.4007  10.6829
12077.2  -8.4229  10.6811
12078.4  -8.4463  10.6793
12079.5  -8.4713  10.6776
12080.7  -8.4979  10.6758
12081.9  -8.5265  10.6740
12083.1  -8.5571  10.6722
12084.2  -8.5901  10.6704
12085.4  -8.6260  10.6686
12086.6  -8.6650  10.6668
12087.8  -8.7078  10.6650
12089  -8.7552  10.6633
12090.1  -8.8081  10.6615
12091.3  -8.8677  10.6597
12092.5  -8.9361  10.6579
12093.7  -9.0159  10.6561
12094.9  -9.1114  10.6543
12096  -9.2299  10.6525
12097.2  -9.3855  10.6508
12098.4  -9.6109  10.6490
12099.6  -10.0199  10.6472
12100.8  -10.9317  12.3133
12101.9  -9.8530  12.3114
12103.1  -9.5174  12.3096
12104.3  -9.3109  12.3077
12105.5  -9.1608  12.3058
12106.7  -9.0425  12.3040
12107.8  -8.9445  12.3021
12109  -8.8607  12.3003
12110.2  -8.7875  12.2984
12111.4  -8.7222  12.2965
12112.6  -8.6634  12.2947
12113.8  -8.6218  12.2928
12114.9  -8.5725  12.2910
12116.1  -8.5267  12.2892
12117.3  -8.4841  12.2873
12118.5  -8.4441  12.2855
12119.7  -8.4064  12.2837
12120.9  -8.3708  12.2818
12122.1  -8.3370  12.2800
12123.2  -8.3048  12.2782
12124.4  -8.2741  12.2764
12125.6  -8.2447  12.2745
12126.8  -8.2165  12.2727
12128  -8.1894  12.2709
12129.2  -8.1632  12.2690
12130.4  -8.1380  12.2672
12131.5  -8.1136  12.2654
12132.7  -8.0901  12.2635
12133.9  -8.0672  12.2617
12135.1  -8.0450  12.2599
12136.3  -8.0235  12.2580
12137.5  -8.0025  12.2562
12138.7  -7.9821  12.2544
12139.9  -7.9622  12.2526
12141  -7.9428  12.2507
12142.2  -7.9239  12.2489
12143.4  -7.9054  12.2471
12144.6  -7.8873  12.2452
12145.8  -7.8696  12.2434
12147  -7.8522  12.2416
12148.2  -7.8353  12.2397
12149.4  -7.8186  12.2379
12150.6  -7.8023  12.2361
12151.8  -7.7863  12.2343
12152.9  -7.7705  12.2324
12154.1  -7.7551  12.2306
12155.3  -7.7399  12.2288
12156.5  -7.7250  12.2269
12157.7  -7.7103  12.2251
12158.9  -7.6958  12.2233
12160.1  -7.6816  12.2214
12161.3  -7.6676  12.2196
12162.5  -7.6538  12.2178
12163.7  -7.6401  12.2160
12164.9  -7.6267  12.2141
12166.1  -7.6135  12.2123
12167.3  -7.6005  12.2105
12168.5  -7.5876  12.2086
12169.6  -7.5749  12.2068
12170.8  -7.5623  12.2050
12172  -7.5499  12.2032
12173.2  -7.5377  12.2013
12174.4  -7.5256  12.1995
12175.6  -7.5136  12.1977
12176.8  -7.5018  12.1958
12178  -7.4902  12.1940
12179.2  -7.4786  12.1922
12180.4  -7.4672  12.1904
12181.6  -7.4559  12.1885
12182.8  -7.4447  12.1867
12184  -7.4336  12.1849
12185.2  -7.4227  12.1830
12186.4  -7.4118  12.1812
12187.6  -7.4011  12.1794
12188.8  -7.3905  12.1776
12190  -7.3799  12.1757
12191.2  -7.3695  12.1739
12192.4  -7.3592  12.1721
12193.6  -7.3489  12.1702
12194.8  -7.3388  12.1684
12196  -7.3287  12.1666
12197.2  -7.3187  12.1648
12198.4  -7.3088  12.1629
12199.6  -7.2990  12.1611
12200.8  -7.2893  12.1593
12202  -7.2796  12.1575
12203.2  -7.2701  12.1556
12204.4  -7.2606  12.1538
12205.6  -7.2512  12.1520
12206.8  -7.2418  12.1501
12208  -7.2325  12.1483
12209.2  -7.2233  12.1465
12210.4  -7.2142  12.1447
12211.6  -7.2051  12.1428
12212.8  -7.1961  12.1410
12214  -7.1872  12.1392
12215.2  -7.1783  12.1374
12216.4  -7.1695  12.1355
12217.6  -7.1607  12.1337
12218.8  -7.1521  12.1319
12220  -7.1424  12.1300
12221.2  -7.1339  12.1282
12222.4  -7.1253  12.1264
12223.6  -7.1169  12.1246
12224.8  -7.1084  12.1227
12226  -7.1001  12.1209
12227.3  -7.0918  12.1191
12228.5  -7.0835  12.1173
12229.7  -7.0753  12.1154
12230.9  -7.0671  12.1136
12232.1  -7.0590  12.1118
12233.3  -7.0509  12.1100
12234.5  -7.0429  12.1081
12235.7  -7.0350  12.1063
12236.9  -7.0270  12.1045
12238.1  -7.0191  12.1026
12239.3  -7.0113  12.1008
12240.5  -7.0035  12.0990
12241.7  -6.9958  12.0972
12242.9  -6.9880  12.0953
12244.2  -6.9804  12.0935
12245.4  -6.9727  12.0917
12246.6  -6.9652  12.0899
12247.8  -6.9576  12.0880
12249  -6.9501  12.0862
12250.2  -6.9426  12.0844
12251.4  -6.9352  12.0826
12252.6  -6.9278  12.0807
12253.8  -6.9204  12.0789
12255.1  -6.9131  12.0771
12256.3  -6.9058  12.0753
12257.5  -6.8985  12.0734
12258.7  -6.8913  12.0716
12259.9  -6.8841  12.0698
12261.1  -6.8770  12.0680
12262.3  -6.8699  12.0661
12263.5  -6.8628  12.0643
12275.7  -6.7936  12.0461
12398.4  -6.2200  11.8639
12523.7  -5.7705  11.6823
12651.5  -5.3904  11.5013
12781.9  -5.0472  11.3191
12915  -4.7493  11.1369
13051  -4.4792  10.9555
13189.8  -4.2321  10.7750
13331.6  -4.0040  10.5953
13476.6  -3.7930  10.4164
13624.7  -3.5966  10.2385
13776  -3.4133  10.0614
13930.8  -3.2417  9.8852
14089.1  -3.0808  9.7099
14251.1  -2.9297  9.5356
14416.8  -2.7876  9.3621
14586.4  -2.6538  9.1896
14760  -2.5277  9.0181
14937.9  -2.4089  8.8475
15120  -2.2930  8.6776
15306.7  -2.1876  8.5085
15498  -2.0883  8.3405
15694.2  -1.9948  8.1735
15895.4  -1.9060  8.0075
16101.9  -1.8233  7.8425
16313.7  -1.7456  7.6786
16531.2  -1.6726  7.5158
16754.6  -1.6041  7.3542
16984.2  -1.5401  7.1936
17220  -1.4803  7.0342
17462.6  -1.4245  6.8760
17712  -1.3727  6.7189
17968.7  -1.3246  6.5630
18233  -1.2802  6.4083
18505.1  -1.2394  6.2547
18785.5  -1.2019  6.1024
19074.5  -1.1678  5.9514
19372.6  -1.1369  5.8016
19680.1  -1.1091  5.6530
19997.5  -1.0844  5.5057
20325.3  -1.0626  5.3598
20664.1  -1.0419  5.2150
21014.3  -1.0260  5.0715
21376.6  -1.0128  4.9294
21751.6  -1.0024  4.7887
22140.1  -0.9945  4.6494
22542.6  -0.9892  4.5115
22960.1  -0.9864  4.3751
23393.3  -0.9850  4.2400
23843.1  -0.9872  4.1065
24310.7  -0.9913  3.9744
24796.9  -0.9982  3.8439
25302.9  -1.0075  3.7149
25830.1  -1.0189  3.5876
26379.6  -1.0326  3.4619
26953.1  -1.0480  3.3374
27552.1  -1.0655  3.2140
28178.3  -1.0853  3.0925
28833.6  -1.1075  2.9728
29520.1  -1.1318  2.8549
30240.1  -1.1584  2.7389
30996.1  -1.1870  2.6248
31790.9  -1.2178  2.5126
32627.5  -1.2508  2.4023
33509.3  -1.2859  2.2940
34440.1  -1.3232  2.1876
35424.1  -1.3628  2.0833
36466  -1.4047  1.9809
37571  -1.4492  1.8807
38745.1  -1.4963  1.7825
39994.9  -1.5464  1.6864
41328.1  -1.5998  1.5924
42753.2  -1.6569  1.5006
44280.1  -1.7157  1.4109
45920.1  -1.7827  1.3233
47686.3  -1.8560  1.2379
49593.7  -1.9375  1.1549
51660.1  -2.0286  1.0742
53906.2  -2.1335  0.9956
56356.5  -2.2649  0.9194
59040.2  -2.4337  0.8459
61992.2  -2.6727  0.7750
64608.8  -2.9805  0.7195
64642.5  -2.9855  0.7189
64676.2  -2.9905  0.7182
64710  -2.9956  0.7175
64743.8  -3.0007  0.7169
64777.6  -3.0059  0.7162
64811.5  -3.0111  0.7155
64845.4  -3.0163  0.7148
64879.3  -3.0216  0.7142
64913.3  -3.0269  0.7135
64947.3  -3.0323  0.7128
64981.3  -3.0378  0.7122
65015.4  -3.0432  0.7115
65049.5  -3.0488  0.7108
65083.6  -3.0543  0.7101
65117.8  -3.0600  0.7095
65152  -3.0657  0.7088
65186.3  -3.0714  0.7081
65220.6  -3.0772  0.7075
65254.9  -3.0830  0.7068
65289.3  -3.0889  0.7061
65323.7  -3.0949  0.7055
65358.1  -3.1009  0.7048
65392.6  -3.1070  0.7041
65427.1  -3.1131  0.7035
65461.6  -3.1193  0.7028
65496.2  -3.1256  0.7021
65530.8  -3.1319  0.7015
65565.5  -3.1383  0.7008
65600.2  -3.1447  0.7001
65634.9  -3.1512  0.6995
65669.7  -3.1578  0.6988
65704.5  -3.1645  0.6981
65739.3  -3.1712  0.6975
65774.2  -3.1780  0.6968
65809.1  -3.1849  0.6961
65844  -3.1918  0.6955
65879  -3.1988  0.6948
65914.1  -3.2059  0.6942
65949.1  -3.2131  0.6935
65984.2  -3.2204  0.6928
66019.4  -3.2277  0.6922
66054.5  -3.2352  0.6915
66089.7  -3.2427  0.6908
66125  -3.2503  0.6902
66160.3  -3.2580  0.6895
66195.6  -3.2658  0.6889
66231  -3.2737  0.6882
66266.4  -3.2817  0.6875
66301.8  -3.2898  0.6869
66337.3  -3.2980  0.6862
66372.8  -3.3063  0.6856
66408.3  -3.3147  0.6849
66443.9  -3.3232  0.6842
66479.5  -3.3318  0.6836
66515.2  -3.3406  0.6829
66550.9  -3.3495  0.6823
66586.7  -3.3584  0.6816
66622.4  -3.3676  0.6809
66658.2  -3.3768  0.6803
66694.1  -3.3862  0.6796
66730  -3.3957  0.6790
66765.9  -3.4054  0.6783
66801.9  -3.4151  0.6777
66837.9  -3.4251  0.6770
66874  -3.4352  0.6764
66910.1  -3.4454  0.6757
66946.2  -3.4559  0.6750
66982.4  -3.4664  0.6744
67018.6  -3.4772  0.6737
67054.8  -3.4881  0.6731
67091.1  -3.4992  0.6724
67127.4  -3.5105  0.6718
67163.8  -3.5220  0.6711
67200.2  -3.5337  0.6705
67236.6  -3.5456  0.6698
67273.1  -3.5577  0.6692
67309.6  -3.5701  0.6685
67346.2  -3.5826  0.6679
67382.8  -3.5954  0.6672
67419.4  -3.6085  0.6665
67456.1  -3.6218  0.6659
67492.8  -3.6354  0.6652
67529.6  -3.6492  0.6646
67566.4  -3.6633  0.6639
67603.2  -3.6778  0.6633
67640.1  -3.6925  0.6626
67677  -3.7075  0.6620
67714  -3.7229  0.6613
67751  -3.7387  0.6607
67788.1  -3.7548  0.6600
67825.1  -3.7713  0.6594
67862.3  -3.7882  0.6588
67899.4  -3.8055  0.6581
67936.6  -3.8232  0.6575
67973.9  -3.8414  0.6568
68011.2  -3.8601  0.6562
68048.5  -3.8793  0.6555
68085.9  -3.8990  0.6549
68123.3  -3.9193  0.6542
68160.7  -3.9402  0.6536
68198.2  -3.9617  0.6529
68235.7  -3.9839  0.6523
68273.3  -4.0068  0.6516
68310.9  -4.0305  0.6510
68348.6  -4.0549  0.6503
68386.3  -4.0802  0.6497
68424  -4.1064  0.6491
68461.8  -4.1336  0.6484
68499.6  -4.1619  0.6478
68537.5  -4.1913  0.6471
68575.4  -4.2219  0.6465
68613.4  -4.2538  0.6458
68651.4  -4.2871  0.6452
68689.4  -4.3221  0.6446
68727.5  -4.3587  0.6439
68765.6  -4.3973  0.6433
68803.7  -4.4379  0.6426
68841.9  -4.4809  0.6420
68880.2  -4.5264  0.6413
68918.5  -4.5749  0.6407
68956.8  -4.6266  0.6401
68995.2  -4.6821  0.6394
69033.6  -4.7419  0.6388
69072.1  -4.8067  0.6381
69110.6  -4.8775  0.6375
69149.1  -4.9554  0.6369
69187.7  -5.0418  0.6362
69226.3  -5.1390  0.6356
69265  -5.2498  0.6350
69303.7  -5.3787  0.6343
69342.5  -5.5324  0.6337
69381.3  -5.7227  0.6330
69420.1  -5.9722  0.6324
69459  -6.3340  0.6318
69498  -6.9984  0.6311
69536.9  -8.1976  3.2436
69576  -6.6725  3.2409
69615  -6.1615  3.2382
69654.1  -5.8451  3.2355
69693.3  -5.6149  3.2328
69732.5  -5.4336  3.2301
69771.7  -5.2838  3.2274
69811  -5.1562  3.2247
69850.3  -5.0449  3.2220
69889.7  -4.9461  3.2193
69929.1  -4.8574  3.2166
69968.6  -4.7767  3.2139
70008.1  -4.7028  3.2112
70047.7  -4.6345  3.2085
70087.2  -4.5711  3.2058
70126.9  -4.5119  3.2031
70166.6  -4.4563  3.2003
70206.3  -4.4039  3.1976
70246.1  -4.3544  3.1949
70285.9  -4.3075  3.1922
70325.8  -4.2628  3.1895
70365.7  -4.2203  3.1868
70405.6  -4.1796  3.1841
70445.7  -4.1406  3.1814
70485.7  -4.1032  3.1787
70525.8  -4.0673  3.1759
70565.9  -4.0327  3.1732
70606.1  -3.9993  3.1705
70646.3  -3.9671  3.1678
70686.6  -3.9360  3.1651
70727  -3.9058  3.1624
70767.3  -3.8766  3.1596
70807.7  -3.8483  3.1569
70848.2  -3.8208  3.1542
70888.7  -3.7941  3.1515
70929.3  -3.7681  3.1488
70969.9  -3.7428  3.1460
71010.5  -3.7181  3.1433
71051.2  -3.6941  3.1406
71091.9  -3.6706  3.1379
71132.7  -3.6477  3.1351
71173.6  -3.6254  3.1324
71214.4  -3.6035  3.1297
71255.4  -3.5822  3.1270
71296.3  -3.5613  3.1242
71337.4  -3.5408  3.1215
71378.4  -3.5208  3.1188
71419.6  -3.5011  3.1160
71460.7  -3.4819  3.1133
71501.9  -3.4630  3.1106
71543.2  -3.4445  3.1078
71584.5  -3.4263  3.1051
71625.8  -3.4085  3.1024
71667.3  -3.3910  3.0996
71708.7  -3.3738  3.0969
71750.2  -3.3569  3.0942
71791.7  -3.3402  3.0914
71833.3  -3.3239  3.0887
71875  -3.3078  3.0860
71916.7  -3.2919  3.0832
71958.4  -3.2764  3.0805
72000.2  -3.2610  3.0777
72042  -3.2459  3.0750
72083.9  -3.2310  3.0723
72125.9  -3.2164  3.0695
72167.8  -3.2019  3.0668
72209.9  -3.1877  3.0640
72251.9  -3.1736  3.0613
72294.1  -3.1598  3.0585
72336.3  -3.1461  3.0558
72378.5  -3.1327  3.0530
72420.8  -3.1194  3.0503
72463.1  -3.1063  3.0475
72505.5  -3.0933  3.0448
72547.9  -3.0805  3.0420
72590.4  -3.0679  3.0393
72632.9  -3.0554  3.0365
72675.5  -3.0431  3.0338
72718.1  -3.0309  3.0310
72760.8  -3.0189  3.0283
72803.5  -3.0070  3.0255
72846.3  -2.9953  3.0228
72889.1  -2.9837  3.0200
72932  -2.9722  3.0172
72974.9  -2.9525  3.0144
73017.9  -2.9414  3.0115
73060.9  -2.9303  3.0087
73104  -2.9194  3.0058
73147.1  -2.9086  3.0029
73190.3  -2.8979  3.0000
73233.5  -2.8873  2.9972
73276.8  -2.8768  2.9943
73320.1  -2.8664  2.9914
73363.5  -2.8562  2.9885
73407  -2.8460  2.9857
73450.4  -2.8360  2.9828
73494  -2.8260  2.9799
73537.6  -2.8162  2.9771
73581.2  -2.8065  2.9742
73624.9  -2.7968  2.9713
73668.7  -2.7872  2.9685
73712.5  -2.7778  2.9656
73756.3  -2.7684  2.9627
73800.2  -2.7591  2.9599
73844.2  -2.7499  2.9570
73888.2  -2.7408  2.9541
73932.2  -2.7318  2.9513
73976.3  -2.7228  2.9484
74020.5  -2.7139  2.9456
74064.7  -2.7051  2.9427
74109  -2.6964  2.9399
74153.3  -2.6878  2.9370
74197.7  -2.6792  2.9342
74242.1  -2.6707  2.9313
74286.6  -2.6623  2.9284
74331.1  -2.6540  2.9256
74375.7  -2.6457  2.9227
74420.4  -2.6375  2.9199
74465.1  -2.6294  2.9171
74509.8  -2.6213  2.9142
74554.6  -2.6133  2.9114
74599.5  -2.6054  2.9085
74644.4  -2.5975  2.9057
74689.4  -2.5897  2.9028
74734.4  -2.5819  2.9000
74779.5  -2.5742  2.8972
74824.6  -2.5666  2.8943
74869.8  -2.5590  2.8915
74915  -2.5515  2.8887
74960.3  -2.5441  2.8858
75005.7  -2.5367  2.8830
75051.1  -2.5293  2.8801
75096.5  -2.5221  2.8773
75142  -2.5148  2.8745
75187.6  -2.5076  2.8717
75233.2  -2.5005  2.8688
75278.9  -2.4935  2.8660
75324.6  -2.4864  2.8632
75370.4  -2.4795  2.8604
75416.3  -2.4725  2.8575
75462.2  -2.4657  2.8547
75508.1  -2.4588  2.8519
75554.1  -2.4521  2.8491
75600.2  -2.4453  2.8462
77490.2  -2.2093  2.7343
82656.2  -1.8005  2.4627
88560.2  -1.5346  2.2012
95372.6  -1.3484  1.9466
103320  -1.2263  1.7027
112713  -1.1472  1.4711
123984  -1.1015  1.2524
