4290.12  -4.6691  13.1775
4305.01  -4.6600  13.1095
4320.01  -4.6512  13.0416
4335.12  -4.6426  12.9738
4350.33  -4.6343  12.9061
4365.65  -4.6262  12.8385
4381.07  -4.6184  12.7709
4396.61  -4.6109  12.7035
4412.25  -4.6036  12.6361
4428.01  -4.5966  12.5688
4443.88  -4.5898  12.5017
4459.87  -4.5833  12.4346
4475.97  -4.5771  12.3676
4492.19  -4.5711  12.3007
4508.52  -4.5654  12.2339
4524.98  -4.5600  12.1672
4541.55  -4.5548  12.1006
4558.25  -4.5499  12.0341
4575.07  -4.5452  11.9676
4592.01  -4.5408  11.9013
4609.08  -4.5367  11.8351
4626.28  -4.5328  11.7689
4643.61  -4.5292  11.7029
4661.07  -4.5259  11.6370
4678.65  -4.5228  11.5711
4696.38  -4.5200  11.5054
4714.23  -4.5175  11.4397
4732.23  -4.5030  11.3741
4750.36  -4.5011  11.3084
4768.63  -4.4994  11.2428
4787.04  -4.4980  11.1773
4805.59  -4.4970  11.1119
4824.29  -4.4961  11.0467
4843.14  -4.4956  10.9815
4862.13  -4.4953  10.9164
4881.27  -4.4953  10.8514
4900.57  -4.4956  10.7865
4920.01  -4.4962  10.7218
4939.62  -4.4970  10.6571
4959.37  -4.4981  10.5926
4979.29  -4.4995  10.5281
4999.37  -4.5012  10.4638
5019.61  -4.5032  10.3996
5040.01  -4.5055  10.3355
5060.59  -4.5080  10.2715
5081.33  -4.5109  10.2076
5102.24  -4.5140  10.1438
5123.32  -4.5174  10.0801
5144.58  -4.5211  10.0166
5166.01  -4.5251  9.9531
5187.63  -4.5294  9.8898
5209.43  -4.5298  9.8265
5231.41  -4.5348  9.7633
5253.57  -4.5400  9.7002
5275.93  -4.5456  9.6373
5298.48  -4.5514  9.5744
5321.22  -4.5576  9.5117
5344.15  -4.5641  9.4491
5367.29  -4.5709  9.3866
5390.62  -4.5780  9.3242
5414.16  -4.5854  9.2619
5437.91  -4.5932  9.1998
5461.87  -4.6013  9.1377
5486.03  -4.6097  9.0758
5510.42  -4.6185  9.0140
5535.02  -4.6276  8.9524
5559.84  -4.6370  8.8908
5584.88  -4.6468  8.8294
5610.15  -4.6569  8.7681
5635.65  -4.6674  8.7070
5661.39  -4.6782  8.6459
5687.36  -4.6894  8.5850
5713.56  -4.7009  8.5242
5740.02  -4.7129  8.4635
5766.71  -4.7252  8.4030
5793.66  -4.7378  8.3426
5820.86  -4.7509  8.2823
5848.32  -4.7644  8.2221
5876.04  -4.7782  8.1621
5904.02  -4.7924  8.1022
5932.27  -4.8071  8.0424
5960.79  -4.8222  7.9828
5989.58  -4.8377  7.9233
6018.66  -4.8536  7.8639
6048.02  -4.8699  7.8046
6077.66  -4.8867  7.7455
6107.6  -4.9040  7.6865
6137.84  -4.9217  7.6277
6168.38  -4.9399  7.5690
6199.22  -4.9586  7.5104
6230.37  -4.9777  7.4520
6261.84  -4.9974  7.3936
6293.62  -5.0175  7.3355
6325.73  -5.0382  7.2774
6358.17  -5.0595  7.2196
6390.95  -5.0813  7.1618
6424.06  -5.1036  7.1042
6457.52  -5.1265  7.0467
6491.33  -5.1500  6.9894
6525.49  -5.1741  6.9322
6560.02  -5.1989  6.8751
6594.91  -5.2243  6.8182
6630.18  -5.2503  6.7614
6665.82  -5.2770  6.7048
6701.86  -5.3045  6.6483
6738.28  -5.3326  6.5920
6775.1  -5.3615  6.5358
6812.33  -5.3912  6.4798
6849.96  -5.4217  6.4239
6888.02  -5.4530  6.3681
6926.5  -5.4851  6.3125
6965.41  -5.5182  6.2571
7004.77  -5.5521  6.2018
7044.57  -5.5870  6.1466
7084.82  -5.6230  6.0916
7125.54  -5.6599  6.0368
7166.73  -5.6975  5.9821
7208.39  -5.7355  5.9276
7250.55  -5.7759  5.8732
7293.2  -5.8175  5.8189
7336.35  -5.8605  5.7648
7380.02  -5.9048  5.7109
7424.21  -5.9505  5.6571
7468.94  -5.9961  5.6035
7514.2  -6.0450  5.5500
7560.02  -6.0956  5.4967
7606.4  -6.1479  5.4435
7653.35  -6.2021  5.3905
7700.89  -6.2583  5.3377
7749.02  -6.3166  5.2850
7797.76  -6.3772  5.2325
7847.11  -6.4402  5.1802
7897.09  -6.5057  5.1281
7947.71  -6.5740  5.0761
7998.99  -6.6453  5.0243
8050.93  -6.7198  4.9726
8103.55  -6.7978  4.9212
8156.86  -6.8796  4.8699
8210.88  -6.9654  4.8187
8265.62  -7.0559  4.7678
8321.1  -7.1513  4.7170
8377.32  -7.2523  4.6664
8434.31  -7.3594  4.6160
8492.08  -7.4733  4.5657
8550.64  -7.5949  4.5157
8610.02  -7.7253  4.4658
8670.23  -7.8657  4.4161
8731.29  -8.0176  4.3665
8793.22  -8.1830  4.3172
8856.02  -8.3643  4.2680
8919.74  -8.5646  4.2189
8984.37  -8.7881  4.1697
9049.95  -9.0413  4.1206
9116.5  -9.3329  4.0718
9184.03  -9.6657  4.0230
9252.56  -10.0826  3.9744
9322.13  -10.6124  3.9260
9392.75  -11.3381  3.8778
9457.96  -12.3552  3.8342
9458.68  -12.3698  3.8337
9459.4  -12.3845  3.8332
9460.12  -12.3993  3.8327
9460.84  -12.4142  3.8322
9461.56  -12.4293  3.8318
9462.29  -12.4444  3.8313
9463.01  -12.4597  3.8308
9463.73  -12.4751  3.8303
9464.45  -12.4906  3.8298
9465.18  -12.5062  3.8294
9465.9  -12.5219  3.8289
9466.62  -12.5378  3.8284
9467.34  -12.5538  3.8279
9468.07  -12.5699  3.8275
9468.79  -12.5862  3.8270
9469.51  -12.6025  3.8265
9470.24  -12.6191  3.8260
9470.96  -12.6357  3.8255
9471.68  -12.6525  3.8251
9472.41  -12.6694  3.8246
9473.13  -12.6865  3.8241
9473.86  -12.7037  3.8236
9474.58  -12.7211  3.8232
9475.3  -12.7386  3.8227
9476.03  -12.7563  3.8222
9476.75  -12.7741  3.8217
9477.48  -12.7921  3.8212
9478.2  -12.8102  3.8208
9478.93  -12.8285  3.8203
9479.65  -12.8470  3.8198
9480.37  -12.8656  3.8193
9481.1  -12.8844  3.8188
9481.83  -12.9034  3.8184
9482.55  -12.9226  3.8179
9483.28  -12.9420  3.8174
9484  -12.9615  3.8169
9484.73  -12.9812  3.8165
9485.45  -13.0011  3.8160
9486.18  -13.0213  3.8155
9486.9  -13.0416  3.8150
9487.63  -13.0621  3.8145
9488.36  -13.0828  3.8141
9489.08  -13.1038  3.8136
9489.81  -13.1249  3.8131
9490.53  -13.1463  3.8126
9491.26  -13.1679  3.8122
9491.99  -13.1898  3.8117
9492.71  -13.2119  3.8112
9493.44  -13.2342  3.8107
9494.17  -13.2568  3.8102
9494.9  -13.2796  3.8098
9495.62  -13.3027  3.8093
9496.35  -13.3260  3.8088
9497.08  -13.3496  3.8083
9497.8  -13.3735  3.8079
9498.53  -13.3977  3.8074
9499.26  -13.4221  3.8069
9499.99  -13.4469  3.8064
9500.72  -13.4720  3.8059
9501.44  -13.4973  3.8055
9502.17  -13.5230  3.8050
9502.9  -13.5490  3.8045
9503.63  -13.5754  3.8040
9504.36  -13.6021  3.8036
9505.09  -13.6291  3.8031
9505.81  -13.6565  3.8026
9506.54  -13.6843  3.8021
9507.27  -13.7125  3.8017
9508  -13.7410  3.8012
9508.73  -13.7700  3.8007
9509.46  -13.7993  3.8002
9510.19  -13.8291  3.7997
9510.92  -13.8594  3.7993
9511.65  -13.8900  3.7988
9512.38  -13.9212  3.7983
9513.11  -13.9528  3.7978
9513.84  -13.9849  3.7974
9514.57  -14.0175  3.7969
9515.3  -14.0507  3.7964
9516.03  -14.0844  3.7959
9516.76  -14.1186  3.7955
9517.49  -14.1535  3.7950
9518.22  -14.1889  3.7945
9518.95  -14.2249  3.7940
9519.68  -14.2616  3.7935
9520.41  -14.2990  3.7931
9521.14  -14.3370  3.7926
9521.88  -14.3758  3.7921
9522.61  -14.4153  3.7916
9523.34  -14.4555  3.7912
9524.07  -14.4966  3.7907
9524.8  -14.5385  3.7902
9525.53  -14.5812  3.7897
9526.27  -14.6248  3.7893
9527  -14.6694  3.7888
9527.73  -14.7150  3.7883
9528.46  -14.7616  3.7878
9529.19  -14.8092  3.7873
9529.93  -14.8580  3.7869
9530.66  -14.9080  3.7864
9531.39  -14.9591  3.7859
9532.12  -15.0116  3.7854
9532.86  -15.0654  3.7850
9533.59  -15.1206  3.7845
9534.32  -15.1774  3.7840
9535.06  -15.2357  3.7835
9535.79  -15.2957  3.7831
9536.52  -15.3575  3.7826
9537.26  -15.4212  3.7821
9537.99  -15.4868  3.7816
9538.72  -15.5546  3.7812
9539.46  -15.6247  3.7807
9540.19  -15.6972  3.7802
9540.93  -15.7723  3.7797
9541.66  -15.8501  3.7792
9542.4  -15.9310  3.7788
9543.13  -16.0151  3.7783
9543.86  -16.1027  3.7778
9544.6  -16.1941  3.7773
9545.33  -16.2897  3.7769
9546.07  -16.3899  3.7764
9546.8  -16.4950  3.7759
9547.54  -16.6056  3.7754
9548.27  -16.7224  3.7750
9549.01  -16.8460  3.7745
9549.75  -16.9773  3.7740
9550.48  -17.1173  3.7735
9551.22  -17.2672  3.7731
9551.95  -17.4285  3.7726
9552.69  -17.6032  3.7721
9553.42  -17.7935  3.7716
9554.16  -18.0026  3.7712
9554.9  -18.2346  3.7707
9555.63  -18.4950  3.7702
9556.37  -18.7918  3.7697
9557.11  -19.1367  3.7693
9557.84  -19.5485  3.7688
9558.58  -20.0593  3.7683
9559.32  -20.7319  3.7678
9560.05  -21.7190  3.7673
9560.79  -23.6065  3.7669
9561.53  -25.5479  10.5273
9562.27  -22.3465  10.5255
9563  -21.1107  10.5236
9563.74  -20.3293  10.5217
9564.48  -19.7564  10.5198
9565.22  -19.3037  10.5180
9565.96  -18.9294  10.5161
9566.69  -18.6101  10.5142
9567.43  -18.3318  10.5124
9568.17  -18.0851  10.5105
9568.91  -17.8635  10.5086
9569.65  -17.6623  10.5068
9570.39  -17.4782  10.5049
9571.12  -17.3083  10.5030
9571.86  -17.1507  10.5011
9572.6  -17.0037  10.4993
9573.34  -16.8660  10.4974
9574.08  -16.7364  10.4955
9574.82  -16.6141  10.4937
9575.56  -16.4982  10.4918
9576.3  -16.3881  10.4899
9577.04  -16.2833  10.4881
9577.78  -16.1832  10.4862
9578.52  -16.0876  10.4844
9579.26  -15.9959  10.4825
9580  -15.9078  10.4806
9580.74  -15.8232  10.4788
9581.48  -15.7417  10.4769
9582.22  -15.6631  10.4750
9582.96  -15.5872  10.4732
9583.7  -15.5138  10.4713
9584.44  -15.4428  10.4695
9585.18  -15.3741  10.4676
9585.92  -15.3074  10.4657
9586.67  -15.2426  10.4639
9587.41  -15.1797  10.4620
9588.15  -15.1185  10.4602
9588.89  -15.0590  10.4583
9589.63  -15.0011  10.4564
9590.37  -14.9446  10.4546
9591.12  -14.8895  10.4527
9591.86  -14.8358  10.4509
9592.6  -14.7834  10.4490
9593.34  -14.7321  10.4472
9594.08  -14.6820  10.4453
9594.83  -14.6331  10.4434
9595.57  -14.5852  10.4416
9596.31  -14.5383  10.4397
9597.05  -14.4924  10.4379
9597.8  -14.4474  10.4360
9598.54  -14.4033  10.4342
9599.28  -14.3600  10.4323
9600.03  -14.3176  10.4305
9600.77  -14.2760  10.4286
9601.51  -14.2352  10.4268
9602.26  -14.1951  10.4249
9603  -14.1557  10.4231
9603.74  -14.1170  10.4212
9604.49  -14.0790  10.4194
9605.23  -14.0416  10.4175
9605.98  -14.0048  10.4157
9606.72  -13.9687  10.4138
9607.47  -13.9331  10.4120
9608.21  -13.8981  10.4101
9608.95  -13.8636  10.4083
9609.7  -13.8296  10.4064
9610.44  -13.7962  10.4046
9611.19  -13.7633  10.4028
9611.93  -13.7308  10.4009
9612.68  -13.6988  10.3991
9613.43  -13.6673  10.3972
9614.17  -13.6362  10.3954
9614.92  -13.6055  10.3935
9615.66  -13.5753  10.3917
9616.41  -13.5455  10.3899
9617.15  -13.5160  10.3880
9617.9  -13.4870  10.3862
9618.65  -13.4583  10.3843
9619.39  -13.4300  10.3825
9620.14  -13.4021  10.3806
9620.88  -13.3745  10.3788
9621.63  -13.3472  10.3770
9622.38  -13.3203  10.3751
9623.13  -13.2937  10.3733
9623.87  -13.2674  10.3715
9624.62  -13.2414  10.3696
9625.37  -13.2158  10.3678
9626.11  -13.1904  10.3659
9626.86  -13.1653  10.3641
9627.61  -13.1405  10.3623
9628.36  -13.1160  10.3604
9629.1  -13.0917  10.3586
9629.85  -13.0677  10.3568
9630.6  -13.0440  10.3549
9631.35  -13.0205  10.3531
9632.1  -12.9972  10.3513
9632.84  -12.9743  10.3494
9633.59  -12.9515  10.3476
9634.34  -12.9290  10.3458
9635.09  -12.9067  10.3439
9635.84  -12.8846  10.3421
9636.59  -12.8628  10.3403
9637.34  -12.8411  10.3384
9638.09  -12.8197  10.3366
9638.84  -12.7985  10.3348
9639.59  -12.7775  10.3330
9640.33  -12.7566  10.3311
9641.08  -12.7360  10.3293
9641.83  -12.7156  10.3275
9642.58  -12.6954  10.3256
9643.33  -12.6753  10.3238
9644.08  -12.6554  10.3220
9644.83  -12.6357  10.3202
9645.58  -12.6162  10.3183
9646.34  -12.5969  10.3165
9647.09  -12.5777  10.3147
9647.84  -12.5587  10.3129
9648.59  -12.5399  10.3110
9649.34  -12.5212  10.3092
9650.09  -12.5027  10.3074
9650.84  -12.4843  10.3056
9651.59  -12.4661  10.3037
9652.34  -12.4480  10.3019
9653.09  -12.4301  10.3001
9653.85  -12.4123  10.2983
9654.6  -12.3947  10.2965
9655.35  -12.3772  10.2946
9656.1  -12.3599  10.2928
9656.85  -12.3427  10.2910
9657.61  -12.3256  10.2892
9658.36  -12.3087  10.2874
9659.11  -12.2918  10.2855
9659.86  -12.2752  10.2837
9660.62  -12.2586  10.2819
9661.37  -12.2422  10.2801
9662.12  -12.2259  10.2783
9662.87  -12.2097  10.2765
9663.63  -12.1937  10.2746
9686.28  -11.7605  10.2204
9762.55  -10.7478  10.0422
9840.03  -10.0876  9.8682
9918.75  -9.6175  9.6981
9998.74  -9.2717  9.5320
10080  -9.1725  9.3880
10162.7  -8.9896  9.2580
10246.6  -8.8715  9.1286
10332  -8.8120  8.9995
10418.9  -8.8416  8.8711
10507.1  -8.9820  8.7433
10597  -9.3193  8.6161
10606.9  -9.3775  8.6021
10607.8  -9.3831  8.6008
10608.7  -9.3887  8.5996
10609.6  -9.3944  8.5983
10610.6  -9.4002  8.5970
10611.5  -9.4060  8.5958
10612.4  -9.4118  8.5945
10613.3  -9.4177  8.5932
10614.2  -9.4237  8.5920
10615.1  -9.4298  8.5907
10616  -9.4359  8.5894
10616.9  -9.4420  8.5882
10617.8  -9.4482  8.5869
10618.7  -9.4545  8.5856
10619.6  -9.4609  8.5844
10620.6  -9.4673  8.5831
10621.5  -9.4737  8.5818
10622.4  -9.4803  8.5806
10623.3  -9.4869  8.5793
10624.2  -9.4936  8.5780
10625.1  -9.5003  8.5768
10626  -9.5071  8.5755
10626.9  -9.5140  8.5742
10627.8  -9.5209  8.5730
10628.7  -9.5280  8.5717
10629.7  -9.5351  8.5704
10630.6  -9.5423  8.5692
10631.5  -9.5495  8.5679
10632.4  -9.5569  8.5666
10633.3  -9.5643  8.5654
10634.2  -9.5718  8.5641
10635.1  -9.5794  8.5628
10636  -9.5870  8.5616
10637  -9.5948  8.5603
10637.9  -9.6026  8.5590
10638.8  -9.6105  8.5578
10639.7  -9.6185  8.5565
10640.6  -9.6267  8.5552
10641.5  -9.6349  8.5540
10642.4  -9.6432  8.5527
10643.3  -9.6515  8.5514
10644.3  -9.6600  8.5502
10645.2  -9.6686  8.5489
10646.1  -9.6773  8.5476
10647  -9.6861  8.5464
10647.9  -9.6950  8.5451
10648.8  -9.7041  8.5438
10649.7  -9.7132  8.5426
10650.7  -9.7224  8.5413
10651.6  -9.7318  8.5400
10652.5  -9.7412  8.5388
10653.4  -9.7508  8.5375
10654.3  -9.7606  8.5363
10655.2  -9.7704  8.5350
10656.2  -9.7804  8.5337
10657.1  -9.7905  8.5325
10658  -9.8007  8.5312
10658.9  -9.8111  8.5299
10659.8  -9.8216  8.5287
10660.7  -9.8322  8.5274
10661.7  -9.8431  8.5261
10662.6  -9.8540  8.5249
10663.5  -9.8651  8.5236
10664.4  -9.8764  8.5223
10665.3  -9.8878  8.5211
10666.2  -9.8994  8.5198
10667.2  -9.9111  8.5186
10668.1  -9.9231  8.5173
10669  -9.9352  8.5160
10669.9  -9.9475  8.5148
10670.8  -9.9600  8.5135
10671.7  -9.9726  8.5122
10672.7  -9.9855  8.5110
10673.6  -9.9986  8.5097
10674.5  -10.0119  8.5084
10675.4  -10.0254  8.5072
10676.3  -10.0391  8.5059
10677.3  -10.0530  8.5047
10678.2  -10.0672  8.5034
10679.1  -10.0816  8.5021
10680  -10.0963  8.5009
10680.9  -10.1112  8.4996
10681.9  -10.1264  8.4983
10682.8  -10.1418  8.4971
10683.7  -10.1576  8.4958
10684.6  -10.1736  8.4946
10685.5  -10.1899  8.4933
10686.5  -10.2066  8.4920
10687.4  -10.2235  8.4908
10688.3  -10.2408  8.4895
10689.2  -10.2585  8.4882
10690.1  -10.2765  8.4870
10691.1  -10.2948  8.4857
10692  -10.3136  8.4845
10692.9  -10.3327  8.4832
10693.8  -10.3523  8.4819
10694.8  -10.3723  8.4807
10695.7  -10.3927  8.4794
10696.6  -10.4136  8.4781
10697.5  -10.4350  8.4769
10698.5  -10.4569  8.4756
10699.4  -10.4794  8.4744
10700.3  -10.5024  8.4731
10701.2  -10.5260  8.4718
10702.1  -10.5502  8.4706
10703.1  -10.5750  8.4693
10704  -10.6005  8.4680
10704.9  -10.6267  8.4668
10705.8  -10.6537  8.4655
10706.8  -10.6815  8.4643
10707.7  -10.7100  8.4630
10708.6  -10.7395  8.4617
10709.5  -10.7699  8.4605
10710.5  -10.8013  8.4592
10711.4  -10.8338  8.4580
10712.3  -10.8673  8.4567
10713.2  -10.9021  8.4554
10714.2  -10.9382  8.4542
10715.1  -10.9756  8.4529
10716  -11.0145  8.4517
10716.9  -11.0551  8.4504
10717.9  -11.0973  8.4491
10718.8  -11.1414  8.4479
10719.7  -11.1876  8.4466
10720.7  -11.2360  8.4454
10721.6  -11.2869  8.4441
10722.5  -11.3405  8.4428
10723.4  -11.3971  8.4416
10724.4  -11.4570  8.4403
10725.3  -11.5207  8.4391
10726.2  -11.5886  8.4378
10727.1  -11.6614  8.4365
10728.1  -11.7397  8.4353
10729  -11.8244  8.4340
10729.9  -11.9168  8.4328
10730.9  -12.0181  8.4315
10731.8  -12.1305  8.4302
10732.7  -12.2564  8.4290
10733.6  -12.3995  8.4277
10734.6  -12.5653  8.4265
10735.5  -12.7621  8.4252
10736.4  -13.0041  8.4239
10737.4  -13.3180  8.4227
10738.3  -13.7653  8.4214
10739.2  -14.5490  8.4202
10740.2  -17.3477  11.8102
10741.1  -14.4098  11.8081
10742  -13.6953  11.8061
10742.9  -13.2675  11.8041
10743.9  -12.9609  11.8021
10744.8  -12.7216  11.8001
10745.7  -12.5251  11.7981
10746.7  -12.3583  11.7961
10747.6  -12.2134  11.7941
10748.5  -12.0853  11.7921
10749.5  -11.9704  11.7901
10750.4  -11.8662  11.7881
10751.3  -11.7708  11.7861
10752.3  -11.6829  11.7841
10753.2  -11.6014  11.7821
10754.1  -11.5254  11.7801
10755.1  -11.4541  11.7781
10756  -11.3871  11.7761
10756.9  -11.3238  11.7741
10757.9  -11.2638  11.7721
10758.8  -11.2068  11.7701
10759.7  -11.1525  11.7681
10760.7  -11.1006  11.7661
10761.6  -11.0510  11.7641
10762.5  -11.0034  11.7621
10763.5  -10.9577  11.7601
10764.4  -10.9138  11.7581
10765.3  -10.8714  11.7561
10766.3  -10.8305  11.7541
10767.2  -10.7910  11.7521
10768.1  -10.7528  11.7501
10769.1  -10.7158  11.7481
10770  -10.6800  11.7461
10770.9  -10.6452  11.7441
10771.9  -10.6113  11.7421
10772.8  -10.5785  11.7401
10773.8  -10.5465  11.7381
10774.7  -10.5153  11.7361
10775.6  -10.4850  11.7341
10776.6  -10.4554  11.7321
10777.5  -10.4265  11.7301
10778.4  -10.3984  11.7281
10779.4  -10.3708  11.7262
10780.3  -10.3439  11.7242
10781.2  -10.3176  11.7222
10782.2  -10.2918  11.7202
10783.1  -10.2666  11.7182
10784.1  -10.2419  11.7162
10785  -10.2176  11.7142
10785.9  -10.1939  11.7122
10786.9  -10.1706  11.7102
10787.8  -10.1478  11.7082
10788.8  -10.1254  11.7062
10789.7  -10.1034  11.7042
10790.6  -10.0817  11.7023
10791.6  -10.0605  11.7003
10792.5  -10.0396  11.6983
10793.4  -10.0191  11.6963
10794.4  -9.9989  11.6943
10795.3  -9.9790  11.6923
10796.3  -9.9595  11.6903
10797.2  -9.9403  11.6883
10798.1  -9.9213  11.6864
10799.1  -9.9027  11.6844
10800  -9.8843  11.6824
10801  -9.8662  11.6804
10801.9  -9.8483  11.6784
10802.9  -9.8308  11.6764
10803.8  -9.8134  11.6744
10804.7  -9.7963  11.6724
10805.7  -9.7795  11.6705
10806.6  -9.7628  11.6685
10807.6  -9.7464  11.6665
10808.5  -9.7302  11.6645
10809.4  -9.7142  11.6625
10810.4  -9.6984  11.6605
10811.3  -9.6828  11.6586
10812.3  -9.6674  11.6566
10813.2  -9.6522  11.6546
10814.2  -9.6372  11.6526
10815.1  -9.6223  11.6506
10816  -9.6077  11.6487
10817  -9.5932  11.6467
10817.9  -9.5788  11.6447
10818.9  -9.5647  11.6427
10819.8  -9.5507  11.6407
10820.8  -9.5368  11.6388
10821.7  -9.5231  11.6368
10822.7  -9.5096  11.6348
10823.6  -9.4962  11.6328
10824.5  -9.4829  11.6308
10825.5  -9.4698  11.6289
10826.4  -9.4568  11.6269
10827.4  -9.4439  11.6249
10828.3  -9.4312  11.6229
10829.3  -9.4186  11.6209
10830.2  -9.4061  11.6190
10831.2  -9.3938  11.6170
10832.1  -9.3816  11.6150
10833.1  -9.3695  11.6130
10834  -9.3575  11.6111
10835  -9.3456  11.6091
10835.9  -9.3338  11.6071
10836.8  -9.3222  11.6051
10837.8  -9.3106  11.6032
10838.7  -9.2992  11.6012
10839.7  -9.2879  11.5992
10840.6  -9.2766  11.5973
10841.6  -9.2655  11.5953
10842.5  -9.2545  11.5933
10843.5  -9.2435  11.5913
10844.4  -9.2327  11.5894
10845.4  -9.2220  11.5874
10846.3  -9.2113  11.5854
10847.3  -9.2007  11.5834
10848.2  -9.1903  11.5815
10849.2  -9.1799  11.5795
10850.1  -9.1696  11.5775
10851.1  -9.1594  11.5756
10852  -9.1492  11.5736
10853  -9.1392  11.5716
10853.9  -9.1292  11.5697
10854.9  -9.1193  11.5677
10855.8  -9.1095  11.5657
10856.8  -9.0998  11.5638
10857.7  -9.0901  11.5618
10858.7  -9.0805  11.5598
10859.6  -9.0710  11.5579
10860.6  -9.0616  11.5559
10861.5  -9.0522  11.5539
10862.5  -9.0429  11.5520
10863.4  -9.0337  11.5500
10864.4  -9.0246  11.5480
10865.3  -9.0155  11.5461
10866.3  -9.0065  11.5441
10875.8  -8.9198  11.5245
10972.1  -8.2964  11.3299
11070  -7.9545  11.1383
11130.7  -7.8660  11.0229
11131.7  -7.8655  11.0210
11132.7  -7.8650  11.0191
11133.7  -7.8646  11.0172
11134.7  -7.8642  11.0154
11135.7  -7.8638  11.0135
11136.7  -7.8635  11.0116
11137.7  -7.8632  11.0097
11138.7  -7.8630  11.0078
11139.7  -7.8628  11.0059
11140.7  -7.8626  11.0041
11141.7  -7.8625  11.0022
11142.7  -7.8624  11.0003
11143.7  -7.8623  10.9984
11144.7  -7.8623  10.9966
11145.7  -7.8623  10.9947
11146.7  -7.8624  10.9928
11147.7  -7.8625  10.9909
11148.7  -7.8627  10.9890
11149.7  -7.8629  10.9872
11150.7  -7.8631  10.9853
11151.7  -7.8634  10.9834
11152.7  -7.8638  10.9815
11153.7  -7.8641  10.9797
11154.7  -7.8646  10.9778
11155.7  -7.8651  10.9759
11156.7  -7.8656  10.9740
11157.7  -7.8662  10.9722
11158.7  -7.8668  10.9703
11159.7  -7.8675  10.9684
11160.7  -7.8682  10.9665
11161.7  -7.8690  10.9647
11162.7  -7.8698  10.9628
11163.7  -7.8707  10.9609
11164.7  -7.8716  10.9590
11165.7  -7.8726  10.9572
11166.7  -7.8737  10.9553
11167.7  -7.8748  10.9534
11168.8  -7.8759  10.9515
11169.8  -7.8771  10.9497
11170.8  -7.8784  10.9478
11171.8  -7.8798  10.9459
11172.8  -7.8812  10.9441
11173.8  -7.8827  10.9422
11174.8  -7.8842  10.9403
11175.8  -7.8858  10.9385
11176.8  -7.8875  10.9366
11177.8  -7.8892  10.9347
11178.8  -7.8910  10.9328
11179.8  -7.8929  10.9310
11180.8  -7.8948  10.9291
11181.8  -7.8968  10.9272
11182.9  -7.8989  10.9254
11183.9  -7.9011  10.9235
11184.9  -7.9034  10.9216
11185.9  -7.9057  10.9198
11186.9  -7.9081  10.9179
11187.9  -7.9106  10.9160
11188.9  -7.9132  10.9142
11189.9  -7.9159  10.9123
11190.9  -7.9186  10.9104
11191.9  -7.9215  10.9086
11193  -7.9244  10.9067
11194  -7.9275  10.9049
11195  -7.9306  10.9030
11196  -7.9338  10.9011
11197  -7.9372  10.8993
11198  -7.9406  10.8974
11199  -7.9442  10.8955
11200  -7.9479  10.8937
11201  -7.9516  10.8918
11202.1  -7.9555  10.8899
11203.1  -7.9596  10.8881
11204.1  -7.9637  10.8862
11205.1  -7.9680  10.8844
11206.1  -7.9724  10.8825
11207.1  -7.9769  10.8806
11208.1  -7.9816  10.8788
11209.1  -7.9865  10.8769
11210.2  -7.9914  10.8751
11211.2  -7.9966  10.8732
11212.2  -8.0019  10.8713
11213.2  -8.0073  10.8695
11214.2  -8.0129  10.8676
11215.2  -8.0187  10.8658
11216.2  -8.0247  10.8639
11217.3  -8.0309  10.8621
11218.3  -8.0372  10.8602
11219.3  -8.0438  10.8583
11220.3  -8.0506  10.8565
11221.3  -8.0576  10.8546
11222.3  -8.0648  10.8528
11223.3  -8.0723  10.8509
11224.4  -8.0800  10.8491
11225.4  -8.0879  10.8472
11226.4  -8.0961  10.8453
11227.4  -8.1047  10.8435
11228.4  -8.1135  10.8416
11229.4  -8.1226  10.8398
11230.5  -8.1320  10.8379
11231.5  -8.1418  10.8361
11232.5  -8.1519  10.8342
11233.5  -8.1624  10.8324
11234.5  -8.1733  10.8305
11235.6  -8.1846  10.8287
11236.6  -8.1963  10.8268
11237.6  -8.2085  10.8250
11238.6  -8.2212  10.8231
11239.6  -8.2345  10.8213
11240.6  -8.2482  10.8194
11241.7  -8.2626  10.8176
11242.7  -8.2776  10.8157
11243.7  -8.2933  10.8139
11244.7  -8.3098  10.8120
11245.7  -8.3270  10.8102
11246.8  -8.3451  10.8083
11247.8  -8.3641  10.8065
11248.8  -8.3841  10.8046
11249.8  -8.4052  10.8028
11250.8  -8.4275  10.8009
11251.9  -8.4511  10.7991
11252.9  -8.4762  10.7972
11253.9  -8.5030  10.7954
11254.9  -8.5316  10.7935
11256  -8.5622  10.7917
11257  -8.5952  10.7898
11258  -8.6310  10.7880
11259  -8.6698  10.7861
11260  -8.7123  10.7843
11261.1  -8.7591  10.7824
11262.1  -8.8113  10.7806
11263.1  -8.8699  10.7788
11264.1  -8.9367  10.7769
11265.2  -9.0142  10.7751
11266.2  -9.1062  10.7732
11267.2  -9.2190  10.7714
11268.2  -9.3645  10.7695
11269.3  -9.6515  10.7678
11270.3  -9.9906  10.7661
11271.3  -11.1884  10.7645
11272.3  -10.1111  12.4488
11273.4  -9.7014  12.4471
11274.4  -9.4693  12.4454
11275.4  -9.3060  12.4436
11276.4  -9.1795  12.4419
11277.5  -9.0759  12.4402
11278.5  -8.9881  12.4385
11279.5  -8.9118  12.4368
11280.5  -8.8441  12.4350
11281.6  -8.7833  12.4333
11282.6  -8.7281  12.4316
11283.6  -8.6773  12.4299
11284.6  -8.6305  12.4282
11285.7  -8.5868  12.4264
11286.7  -8.5460  12.4247
11287.7  -8.5076  12.4230
11288.8  -8.4713  12.4213
11289.8  -8.4369  12.4196
11290.8  -8.4042  12.4178
11291.8  -8.3730  12.4161
11292.9  -8.3432  12.4144
11293.9  -8.3146  12.4127
11294.9  -8.2872  12.4110
11295.9  -8.2608  12.4092
11297  -8.2353  12.4075
11298  -8.2107  12.4058
11299  -8.1869  12.4041
11300.1  -8.1638  12.4024
11301.1  -8.1415  12.4006
11302.1  -8.1198  12.3989
11303.2  -8.0987  12.3972
11304.2  -8.0782  12.3955
11305.2  -8.0582  12.3938
11306.3  -8.0387  12.3920
11307.3  -8.0196  12.3903
11308.3  -8.0011  12.3886
11309.3  -7.9829  12.3869
11310.4  -7.9651  12.3852
11311.4  -7.9478  12.3834
11312.4  -7.9307  12.3817
11313.5  -7.9141  12.3800
11314.5  -7.8977  12.3783
11315.5  -7.8817  12.3766
11316.6  -7.8659  12.3749
11317.6  -7.8505  12.3731
11318.6  -7.8353  12.3714
11319.7  -7.8203  12.3697
11320.7  -7.8057  12.3680
11321.7  -7.7912  12.3663
11322.8  -7.7770  12.3645
11323.8  -7.7630  12.3628
11324.8  -7.7492  12.3611
11325.9  -7.7356  12.3594
11326.9  -7.7223  12.3577
11327.9  -7.7091  12.3560
11329  -7.6961  12.3542
11330  -7.6832  12.3525
11331  -7.6705  12.3508
11332.1  -7.6580  12.3491
11333.1  -7.6457  12.3474
11334.2  -7.6335  12.3456
11335.2  -7.6215  12.3439
11336.2  -7.6096  12.3422
11337.3  -7.5978  12.3405
11338.3  -7.5862  12.3388
11339.3  -7.5747  12.3371
11340.4  -7.5633  12.3353
11341.4  -7.5521  12.3336
11342.5  -7.5410  12.3319
11343.5  -7.5300  12.3302
11344.5  -7.5191  12.3285
11345.6  -7.5083  12.3268
11346.6  -7.4977  12.3250
11347.6  -7.4871  12.3233
11348.7  -7.4766  12.3216
11349.7  -7.4663  12.3199
11350.8  -7.4560  12.3182
11351.8  -7.4458  12.3164
11352.8  -7.4358  12.3147
11353.9  -7.4258  12.3130
11354.9  -7.4159  12.3113
11356  -7.4061  12.3096
11357  -7.3963  12.3079
11358  -7.3867  12.3061
11359.1  -7.3771  12.3044
11360.1  -7.3676  12.3027
11361.2  -7.3582  12.3010
11362.2  -7.3489  12.2993
11363.2  -7.3396  12.2976
11364.3  -7.3304  12.2958
11365.3  -7.3213  12.2941
11366.4  -7.3122  12.2924
11367.4  -7.3033  12.2907
11368.5  -7.2943  12.2890
11369.5  -7.2855  12.2873
11370.5  -7.2767  12.2855
11371.6  -7.2680  12.2838
11372.6  -7.2593  12.2821
11373.7  -7.2507  12.2804
11374.7  -7.2421  12.2787
11375.8  -7.2336  12.2770
11376.8  -7.2252  12.2753
11377.8  -7.2168  12.2735
11378.9  -7.2085  12.2718
11379.9  -7.2002  12.2701
11381  -7.1920  12.2684
11382  -7.1838  12.2667
11383.1  -7.1757  12.2650
11384.1  -7.1676  12.2632
11385.2  -7.1596  12.2615
11386.2  -7.1516  12.2598
11387.2  -7.1437  12.2581
11388.3  -7.1358  12.2564
11389.3  -7.1280  12.2547
11390.4  -7.1202  12.2529
11391.4  -7.1124  12.2512
11392.5  -7.1047  12.2495
11393.5  -7.0971  12.2478
11394.6  -7.0894  12.2461
11395.6  -7.0819  12.2444
11396.7  -7.0743  12.2427
11397.7  -7.0668  12.2409
11398.8  -7.0594  12.2392
11399.8  -7.0520  12.2375
11400.9  -7.0446  12.2358
11401.9  -7.0372  12.2341
11403  -7.0299  12.2324
11404  -7.0227  12.2306
11405.1  -7.0154  12.2289
11406.1  -7.0082  12.2272
11407.2  -7.0011  12.2255
11408.2  -6.9939  12.2238
11409.3  -6.9868  12.2221
11410.3  -6.9798  12.2204
11411.4  -6.9728  12.2186
11412.4  -6.9658  12.2169
11413.5  -6.9588  12.2152
11414.5  -6.9519  12.2135
11415.6  -6.9450  12.2118
11416.6  -6.9381  12.2101
11480  -6.5712  12.1073
11587.3  -6.0829  11.9363
11696.6  -5.6807  11.7658
11808  -5.3323  11.5958
11921.6  -5.0109  11.4240
12037.3  -4.7309  11.2524
12155.3  -4.4750  11.0816
12275.7  -4.2393  10.9114
12398.4  -4.0208  10.7421
12523.7  -3.8158  10.5733
12651.5  -3.6256  10.4053
12781.9  -3.4474  10.2381
12915  -3.2799  10.0716
13051  -3.1221  9.9060
13189.8  -2.9734  9.7411
13331.6  -2.8330  9.5771
13476.6  -2.7003  9.4138
13624.7  -2.5749  9.2514
13776  -2.4561  9.0899
13930.8  -2.3437  8.9291
14089.1  -2.2328  8.7689
14251.1  -2.1322  8.6094
14416.8  -2.0371  8.4508
14586.4  -1.9471  8.2932
14760  -1.8615  8.1365
14937.9  -1.7811  7.9806
15120  -1.7052  7.8258
15306.7  -1.6336  7.6719
15498  -1.5661  7.5190
15694.2  -1.5026  7.3670
15895.4  -1.4429  7.2161
16101.9  -1.3868  7.0662
16313.7  -1.3344  6.9173
16531.2  -1.2854  6.7694
16754.6  -1.2397  6.6225
16984.2  -1.1972  6.4767
17220  -1.1578  6.3320
17462.6  -1.1215  6.1884
17712  -1.0881  6.0458
17968.7  -1.0576  5.9043
18233  -1.0299  5.7639
18505.1  -1.0049  5.6247
18785.5  -0.9825  5.4866
19074.5  -0.9627  5.3497
19372.6  -0.9431  5.2137
19680.1  -0.9285  5.0789
19997.5  -0.9163  4.9454
20325.3  -0.9065  4.8130
20664.1  -0.8989  4.6820
21014.3  -0.8936  4.5521
21376.6  -0.8905  4.4236
21751.6  -0.8879  4.2962
22140.1  -0.8893  4.1701
22542.6  -0.8927  4.0454
22960.1  -0.8974  3.9219
23393.3  -0.9050  3.7999
23843.1  -0.9146  3.6793
24310.7  -0.9261  3.5601
24796.9  -0.9396  3.4424
25302.9  -0.9549  3.3261
25830.1  -0.9720  3.2113
26379.6  -0.9911  3.0980
26953.1  -1.0118  2.9859
27552.1  -1.0344  2.8750
28178.3  -1.0590  2.7657
28833.6  -1.0854  2.6581
29520.1  -1.1138  2.5522
30240.1  -1.1440  2.4480
30996.1  -1.1761  2.3454
31790.9  -1.2102  2.2447
32627.5  -1.2462  2.1456
33509.3  -1.2843  2.0484
34440.1  -1.3244  1.9530
35424.1  -1.3668  1.8593
36466  -1.4117  1.7675
37571  -1.4591  1.6776
38745.1  -1.5094  1.5895
39994.9  -1.5630  1.5033
41328.1  -1.6204  1.4191
42753.2  -1.6799  1.3366
44280.1  -1.7474  1.2562
45920.1  -1.8216  1.1777
47686.3  -1.9026  1.1013
49593.7  -1.9937  1.0267
51660.1  -2.1055  0.9541
53906.2  -2.2423  0.8839
56356.5  -2.4206  0.8160
59040.2  -2.6786  0.7504
60806.4  -2.9183  0.7116
60836.3  -2.9231  0.7110
60866.1  -2.9280  0.7103
60896  -2.9329  0.7097
60926  -2.9379  0.7091
60955.9  -2.9429  0.7085
60985.9  -2.9479  0.7078
61015.9  -2.9530  0.7072
61046  -2.9581  0.7066
61076  -2.9632  0.7059
61106.1  -2.9684  0.7053
61136.3  -2.9737  0.7047
61166.4  -2.9790  0.7041
61196.6  -2.9843  0.7034
61226.8  -2.9897  0.7028
61257.1  -2.9951  0.7022
61287.4  -3.0006  0.7016
61317.7  -3.0061  0.7009
61348  -3.0117  0.7003
61378.4  -3.0173  0.6997
61408.8  -3.0230  0.6991
61439.2  -3.0287  0.6984
61469.7  -3.0345  0.6978
61500.2  -3.0403  0.6972
61530.7  -3.0462  0.6966
61561.2  -3.0522  0.6960
61591.8  -3.0582  0.6953
61622.4  -3.0642  0.6947
61653.1  -3.0704  0.6941
61683.8  -3.0765  0.6935
61714.5  -3.0828  0.6928
61745.2  -3.0891  0.6922
61776  -3.0954  0.6916
61806.8  -3.1018  0.6910
61837.6  -3.1083  0.6904
61868.4  -3.1149  0.6897
61899.3  -3.1215  0.6891
61930.2  -3.1282  0.6885
61961.2  -3.1350  0.6879
61992.2  -3.1418  0.6873
62023.2  -3.1487  0.6866
62054.2  -3.1557  0.6860
62085.3  -3.1628  0.6854
62116.4  -3.1699  0.6848
62147.5  -3.1771  0.6842
62178.7  -3.1844  0.6835
62209.9  -3.1918  0.6829
62241.1  -3.1993  0.6823
62272.4  -3.2069  0.6817
62303.7  -3.2145  0.6811
62335  -3.2222  0.6805
62366.4  -3.2301  0.6798
62397.8  -3.2380  0.6792
62429.2  -3.2460  0.6786
62460.6  -3.2541  0.6780
62492.1  -3.2624  0.6774
62523.6  -3.2707  0.6768
62555.2  -3.2791  0.6761
62586.7  -3.2877  0.6755
62618.4  -3.2963  0.6749
62650  -3.3051  0.6743
62681.7  -3.3140  0.6737
62713.4  -3.3230  0.6731
62745.1  -3.3321  0.6725
62776.9  -3.3414  0.6718
62808.7  -3.3508  0.6712
62840.5  -3.3603  0.6706
62872.4  -3.3700  0.6700
62904.3  -3.3798  0.6694
62936.2  -3.3897  0.6688
62968.2  -3.3998  0.6682
63000.2  -3.4101  0.6676
63032.2  -3.4205  0.6669
63064.3  -3.4311  0.6663
63096.4  -3.4418  0.6657
63128.5  -3.4528  0.6651
63160.6  -3.4639  0.6645
63192.8  -3.4751  0.6639
63225.1  -3.4866  0.6633
63257.3  -3.4983  0.6627
63289.6  -3.5102  0.6621
63321.9  -3.5222  0.6614
63354.3  -3.5345  0.6608
63386.7  -3.5471  0.6602
63419.1  -3.5598  0.6596
63451.6  -3.5728  0.6590
63484  -3.5861  0.6584
63516.6  -3.5996  0.6578
63549.1  -3.6133  0.6572
63581.7  -3.6274  0.6566
63614.3  -3.6417  0.6560
63647  -3.6563  0.6554
63679.7  -3.6713  0.6548
63712.4  -3.6866  0.6542
63745.2  -3.7022  0.6535
63778  -3.7181  0.6529
63810.8  -3.7345  0.6523
63843.6  -3.7512  0.6517
63876.5  -3.7683  0.6511
63909.5  -3.7859  0.6505
63942.4  -3.8038  0.6499
63975.4  -3.8223  0.6493
64008.4  -3.8412  0.6487
64041.5  -3.8607  0.6481
64074.6  -3.8807  0.6475
64107.7  -3.9012  0.6469
64140.9  -3.9224  0.6463
64174.1  -3.9442  0.6457
64207.3  -3.9667  0.6451
64240.6  -3.9899  0.6445
64273.9  -4.0138  0.6439
64307.2  -4.0385  0.6433
64340.6  -4.0642  0.6427
64374  -4.0907  0.6421
64407.5  -4.1182  0.6415
64440.9  -4.1468  0.6409
64474.4  -4.1765  0.6403
64508  -4.2074  0.6397
64541.6  -4.2397  0.6391
64575.2  -4.2734  0.6385
64608.8  -4.3087  0.6379
64642.5  -4.3458  0.6373
64676.2  -4.3847  0.6367
64710  -4.4257  0.6361
64743.8  -4.4691  0.6355
64777.6  -4.5150  0.6349
64811.5  -4.5639  0.6343
64845.4  -4.6160  0.6337
64879.3  -4.6719  0.6331
64913.3  -4.7321  0.6325
64947.3  -4.7973  0.6319
64981.3  -4.8685  0.6313
65015.4  -4.9466  0.6307
65049.5  -5.0333  0.6301
65083.6  -5.1307  0.6295
65117.8  -5.2415  0.6289
65152  -5.3700  0.6283
65186.3  -5.5228  0.6277
65220.6  -5.7112  0.6271
65254.9  -5.9563  0.6265
65289.3  -6.3069  0.6259
65323.7  -6.9268  0.6253
65358.1  -8.8710  3.2714
65392.6  -6.7708  3.2688
65427.1  -6.2186  3.2662
65461.6  -5.8857  3.2636
65496.2  -5.6461  3.2610
65530.8  -5.4586  3.2584
65565.5  -5.3044  3.2558
65600.2  -5.1733  3.2532
65634.9  -5.0592  3.2506
65669.7  -4.9581  3.2480
65704.5  -4.8674  3.2454
65739.3  -4.7851  3.2428
65774.2  -4.7097  3.2402
65809.1  -4.6402  3.2376
65844  -4.5756  3.2350
65879  -4.5153  3.2324
65914.1  -4.4588  3.2298
65949.1  -4.4056  3.2272
65984.2  -4.3553  3.2246
66019.4  -4.3076  3.2220
66054.5  -4.2622  3.2194
66089.7  -4.2190  3.2168
66125  -4.1777  3.2142
66160.3  -4.1382  3.2116
66195.6  -4.1003  3.2090
66231  -4.0639  3.2064
66266.4  -4.0288  3.2038
66301.8  -3.9950  3.2012
66337.3  -3.9623  3.1986
66372.8  -3.9308  3.1960
66408.3  -3.9003  3.1934
66443.9  -3.8707  3.1908
66479.5  -3.8420  3.1882
66515.2  -3.8142  3.1856
66550.9  -3.7871  3.1830
66586.7  -3.7608  3.1804
66622.4  -3.7352  3.1778
66658.2  -3.7103  3.1752
66694.1  -3.6859  3.1726
66730  -3.6622  3.1700
66765.9  -3.6391  3.1674
66801.9  -3.6165  3.1648
66837.9  -3.5944  3.1622
66874  -3.5728  3.1596
66910.1  -3.5517  3.1570
66946.2  -3.5310  3.1544
66982.4  -3.5107  3.1518
67018.6  -3.4909  3.1492
67054.8  -3.4715  3.1466
67091.1  -3.4524  3.1440
67127.4  -3.4337  3.1414
67163.8  -3.4153  3.1388
67200.2  -3.3973  3.1362
67236.6  -3.3796  3.1336
67273.1  -3.3622  3.1310
67309.6  -3.3452  3.1283
67346.2  -3.3284  3.1257
67382.8  -3.3119  3.1231
67419.4  -3.2956  3.1205
67456.1  -3.2796  3.1179
67492.8  -3.2639  3.1153
67529.6  -3.2484  3.1127
67566.4  -3.2332  3.1101
67603.2  -3.2182  3.1075
67640.1  -3.2034  3.1049
67677  -3.1888  3.1023
67714  -3.1744  3.0997
67751  -3.1602  3.0971
67788.1  -3.1463  3.0945
67825.1  -3.1325  3.0919
67862.3  -3.1189  3.0893
67899.4  -3.1055  3.0867
67936.6  -3.0923  3.0841
67973.9  -3.0792  3.0814
68011.2  -3.0663  3.0788
68048.5  -3.0536  3.0762
68085.9  -3.0410  3.0736
68123.3  -3.0286  3.0710
68160.7  -3.0163  3.0684
68198.2  -3.0042  3.0658
68235.7  -2.9922  3.0632
68273.3  -2.9804  3.0606
68310.9  -2.9687  3.0580
68348.6  -2.9571  3.0554
68386.3  -2.9457  3.0528
68424  -2.9343  3.0502
68461.8  -2.9232  3.0476
68499.6  -2.9121  3.0449
68537.5  -2.9011  3.0423
68575.4  -2.8829  3.0397
68613.4  -2.8722  3.0370
68651.4  -2.8616  3.0343
68689.4  -2.8511  3.0316
68727.5  -2.8408  3.0289
68765.6  -2.8305  3.0262
68803.7  -2.8203  3.0235
68841.9  -2.8103  3.0208
68880.2  -2.8003  3.0181
68918.5  -2.7904  3.0154
68956.8  -2.7807  3.0126
68995.2  -2.7710  3.0099
69033.6  -2.7614  3.0072
69072.1  -2.7519  3.0045
69110.6  -2.7425  3.0018
69149.1  -2.7332  2.9991
69187.7  -2.7240  2.9964
69226.3  -2.7148  2.9937
69265  -2.7058  2.9910
69303.7  -2.6968  2.9883
69342.5  -2.6879  2.9856
69381.3  -2.6791  2.9830
69420.1  -2.6703  2.9803
69459  -2.6617  2.9776
69498  -2.6531  2.9749
69536.9  -2.6445  2.9722
69576  -2.6361  2.9695
69615  -2.6277  2.9668
69654.1  -2.6194  2.9641
69693.3  -2.6111  2.9614
69732.5  -2.6030  2.9587
69771.7  -2.5949  2.9560
69811  -2.5868  2.9534
69850.3  -2.5788  2.9507
69889.7  -2.5709  2.9480
69929.1  -2.5631  2.9453
69968.6  -2.5553  2.9426
70008.1  -2.5475  2.9399
70047.7  -2.5399  2.9372
70087.2  -2.5323  2.9346
70126.9  -2.5247  2.9319
70166.6  -2.5172  2.9292
70206.3  -2.5098  2.9265
70246.1  -2.5024  2.9238
70285.9  -2.4950  2.9212
70325.8  -2.4877  2.9185
70365.7  -2.4805  2.9158
70405.6  -2.4733  2.9131
70445.7  -2.4662  2.9105
72932  -2.1128  2.7515
77490.2  -1.7210  2.4930
82656.2  -1.4608  2.2432
88560.2  -1.2753  2.0004
95372.6  -1.1497  1.7667
103320  -1.0651  1.5439
112713  -1.0124  1.3325
123984  -0.9856  1.1329
