4290.12 -4.8443 7.7611
4305.01 -4.8550 7.7200
4320.01 -4.8660 7.6790
4335.12 -4.8772 7.6380
4350.33 -4.8886 7.5971
4365.65 -4.9003 7.5563
4381.07 -4.9122 7.5155
4396.61 -4.9243 7.4748
4412.25 -4.9366 7.4341
4428.01 -4.9492 7.3935
4443.88 -4.9621 7.3530
4459.87 -4.9752 7.3125
4475.97 -4.9885 7.2721
4492.19 -5.0021 7.2317
4508.52 -5.0160 7.1915
4524.98 -5.0301 7.1512
4541.55 -5.0445 7.1111
4558.25 -5.0591 7.0710
4575.07 -5.0741 7.0310
4592.01 -5.0893 6.9910
4609.08 -5.1048 6.9511
4626.28 -5.1206 6.9113
4643.61 -5.1368 6.8715
4661.07 -5.1532 6.8318
4678.65 -5.1699 6.7921
4696.38 -5.1869 6.7526
4714.23 -5.2043 6.7131
4732.23 -5.2220 6.6736
4750.36 -5.2400 6.6342
4768.63 -5.2584 6.5949
4787.04 -5.2771 6.5557
4805.59 -5.2962 6.5165
4824.29 -5.3147 6.4774
4843.14 -5.3345 6.4384
4862.13 -5.3548 6.3994
4881.27 -5.3754 6.3605
4900.57 -5.3965 6.3216
4920.01 -5.4135 6.2828
4939.62 -5.4354 6.2441
4959.37 -5.4577 6.2054
4979.29 -5.4805 6.1668
4999.37 -5.5037 6.1282
5019.61 -5.5274 6.0898
5040.01 -5.5456 6.0513
5060.59 -5.5704 6.0130
5081.33 -5.5956 5.9746
5102.24 -5.6214 5.9364
5123.32 -5.6476 5.8982
5144.58 -5.6745 5.8601
5166.01 -5.7019 5.8221
5187.63 -5.7299 5.7842
5209.43 -5.7585 5.7463
5231.41 -5.7877 5.7085
5253.57 -5.8176 5.6708
5275.93 -5.8481 5.6332
5298.48 -5.8793 5.5956
5321.22 -5.9112 5.5581
5344.15 -5.9431 5.5207
5367.29 -5.9765 5.4834
5390.62 -6.0107 5.4461
5414.16 -6.0458 5.4089
5437.91 -6.0816 5.3718
5461.87 -6.1184 5.3348
5486.03 -6.1561 5.2979
5510.42 -6.1948 5.2610
5535.02 -6.2344 5.2242
5559.84 -6.2751 5.1875
5584.88 -6.3169 5.1509
5610.15 -6.3599 5.1144
5635.65 -6.4040 5.0779
5661.39 -6.4494 5.0415
5687.36 -6.4960 5.0052
5713.56 -6.5441 4.9690
5740.02 -6.5936 4.9329
5766.71 -6.6446 4.8968
5793.66 -6.6973 4.8609
5820.86 -6.7516 4.8250
5848.32 -6.8077 4.7892
5876.04 -6.8657 4.7534
5904.02 -6.9257 4.7178
5932.27 -6.9879 4.6823
5960.79 -7.0523 4.6468
5989.58 -7.1192 4.6114
6018.66 -7.1887 4.5761
6048.02 -7.2609 4.5409
6077.66 -7.3361 4.5057
6107.6 -7.4146 4.4707
6137.84 -7.4965 4.4357
6168.38 -7.5822 4.4009
6199.22 -7.6719 4.3661
6230.37 -7.7661 4.3314
6261.84 -7.8653 4.2968
6293.62 -7.9697 4.2622
6325.73 -8.0801 4.2278
6358.17 -8.1972 4.1935
6390.95 -8.3215 4.1592
6424.06 -8.4489 4.1250
6457.52 -8.5911 4.0908
6491.33 -8.7440 4.0568
6525.49 -8.9093 4.0228
6560.02 -9.0891 3.9889
6594.91 -9.2859 3.9551
6630.18 -9.5034 3.9214
6665.82 -9.7461 3.8878
6701.86 -10.0205 3.8543
6738.28 -10.3359 3.8209
6775.1 -10.7068 3.7876
6812.33 -11.1560 3.7544
6849.96 -11.7259 3.7213
6888.02 -12.5056 3.6883
6923.02 -13.5982 3.6583
6923.41 -13.6139 3.6580
6923.79 -13.6297 3.6576
6924.18 -13.6456 3.6573
6924.57 -13.6617 3.6570
6924.95 -13.6779 3.6566
6925.34 -13.6942 3.6563
6925.73 -13.7106 3.6560
6926.11 -13.7271 3.6557
6926.5 -13.7438 3.6553
6926.89 -13.7606 3.6550
6927.27 -13.7776 3.6547
6927.66 -13.7946 3.6543
6928.05 -13.8118 3.6540
6928.43 -13.8292 3.6537
6928.82 -13.8467 3.6534
6929.21 -13.8643 3.6530
6929.6 -13.8821 3.6527
6929.98 -13.9000 3.6524
6930.37 -13.9181 3.6520
6930.76 -13.9363 3.6517
6931.15 -13.9547 3.6514
6931.53 -13.9732 3.6511
6931.92 -13.9919 3.6507
6932.31 -14.0108 3.6504
6932.7 -14.0298 3.6501
6933.08 -14.0490 3.6497
6933.47 -14.0684 3.6494
6933.86 -14.0879 3.6491
6934.25 -14.1076 3.6488
6934.64 -14.1275 3.6484
6935.02 -14.1476 3.6481
6935.41 -14.1679 3.6478
6935.8 -14.1884 3.6474
6936.19 -14.2090 3.6471
6936.58 -14.2299 3.6468
6936.96 -14.2509 3.6465
6937.35 -14.2722 3.6461
6937.74 -14.2937 3.6458
6938.13 -14.3154 3.6455
6938.52 -14.3373 3.6451
6938.9 -14.3595 3.6448
6939.29 -14.3818 3.6445
6939.68 -14.4044 3.6442
6940.07 -14.4273 3.6438
6940.46 -14.4504 3.6435
6940.85 -14.4737 3.6432
6941.24 -14.4973 3.6428
6941.62 -14.5211 3.6425
6942.01 -14.5453 3.6422
6942.4 -14.5696 3.6419
6942.79 -14.5943 3.6415
6943.18 -14.6192 3.6412
6943.57 -14.6445 3.6409
6943.96 -14.6700 3.6405
6944.35 -14.6958 3.6402
6944.73 -14.7220 3.6399
6945.12 -14.7485 3.6396
6945.51 -14.7753 3.6392
6945.9 -14.8024 3.6389
6946.29 -14.8299 3.6386
6946.68 -14.8577 3.6382
6947.07 -14.8859 3.6379
6947.46 -14.9144 3.6376
6947.85 -14.9433 3.6373
6948.24 -14.9727 3.6369
6948.63 -15.0024 3.6366
6949.02 -15.0325 3.6363
6949.41 -15.0631 3.6359
6949.8 -15.0941 3.6356
6950.18 -15.1255 3.6353
6950.57 -15.1574 3.6350
6950.96 -15.1898 3.6346
6951.35 -15.2226 3.6343
6951.74 -15.2560 3.6340
6952.13 -15.2899 3.6337
6952.52 -15.3243 3.6333
6952.91 -15.3593 3.6330
6953.3 -15.3948 3.6327
6953.69 -15.4310 3.6323
6954.08 -15.4677 3.6320
6954.47 -15.5051 3.6317
6954.86 -15.5431 3.6314
6955.25 -15.5818 3.6310
6955.64 -15.6212 3.6307
6956.03 -15.6613 3.6304
6956.42 -15.7022 3.6300
6956.81 -15.7438 3.6297
6957.2 -15.7863 3.6294
6957.6 -15.8295 3.6291
6957.99 -15.8737 3.6287
6958.38 -15.9188 3.6284
6958.77 -15.9648 3.6281
6959.16 -16.0118 3.6277
6959.55 -16.0599 3.6274
6959.94 -16.1090 3.6271
6960.33 -16.1592 3.6268
6960.72 -16.2107 3.6264
6961.11 -16.2633 3.6261
6961.5 -16.3173 3.6258
6961.89 -16.3726 3.6255
6962.28 -16.4294 3.6251
6962.67 -16.4876 3.6248
6963.07 -16.5475 3.6245
6963.46 -16.6090 3.6241
6963.85 -16.6723 3.6238
6964.24 -16.7375 3.6235
6964.63 -16.8046 3.6232
6965.02 -16.8739 3.6228
6965.41 -16.9454 3.6225
6965.8 -17.0194 3.6222
6966.2 -17.0959 3.6218
6966.59 -17.1752 3.6215
6966.98 -17.2574 3.6212
6967.37 -17.3428 3.6209
6967.76 -17.4316 3.6205
6968.15 -17.5242 3.6202
6968.54 -17.6209 3.6199
6968.94 -17.7219 3.6195
6969.33 -17.8279 3.6192
6969.72 -17.9391 3.6189
6970.11 -18.0563 3.6186
6970.5 -18.1800 3.6182
6970.9 -18.3111 3.6179
6971.29 -18.4504 3.6176
6971.68 -18.5990 3.6173
6972.07 -18.7584 3.6169
6972.46 -18.9302 3.6166
6972.86 -19.1164 3.6163
6973.25 -19.3196 3.6159
6973.64 -19.5435 3.6156
6974.03 -19.7924 3.6153
6974.42 -20.0728 3.6150
6974.82 -20.3938 3.6146
6975.21 -20.7691 3.6143
6975.6 -21.2210 3.6140
6975.99 -21.7886 3.6137
6976.39 -22.5523 3.6133
6976.78 -23.7237 3.6130
6977.17 -26.3436 3.6127
6977.56 -25.9157 10.6485
6977.96 -23.6005 10.6471
6978.35 -22.4854 10.6457
6978.74 -21.7434 10.6443
6979.14 -21.1865 10.6429
6979.53 -20.7403 10.6415
6979.92 -20.3681 10.6402
6980.31 -20.0487 10.6388
6980.71 -19.7690 10.6374
6981.1 -19.5201 10.6360
6981.49 -19.2959 10.6347
6981.89 -19.0920 10.6333
6982.28 -18.9050 10.6319
6982.67 -18.7322 10.6305
6983.07 -18.5717 10.6291
6983.46 -18.4219 10.6278
6983.85 -18.2813 10.6264
6984.25 -18.1489 10.6250
6984.64 -18.0239 10.6236
6985.03 -17.9053 10.6223
6985.43 -17.7927 10.6209
6985.82 -17.6854 10.6195
6986.21 -17.5829 10.6181
6986.61 -17.4849 10.6167
6987 -17.3909 10.6154
6987.4 -17.3006 10.6140
6987.79 -17.2138 10.6126
6988.18 -17.1302 10.6112
6988.58 -17.0496 10.6099
6988.97 -16.9717 10.6085
6989.36 -16.8963 10.6071
6989.76 -16.8234 10.6057
6990.15 -16.7528 10.6044
6990.55 -16.6843 10.6030
6990.94 -16.6178 10.6016
6991.34 -16.5532 10.6003
6991.73 -16.4903 10.5989
6992.12 -16.4292 10.5975
6992.52 -16.3696 10.5961
6992.91 -16.3116 10.5948
6993.31 -16.2550 10.5934
6993.7 -16.1998 10.5920
6994.1 -16.1467 10.5907
6994.49 -16.0902 10.5893
6994.89 -16.0388 10.5879
6995.28 -15.9885 10.5865
6995.67 -15.9392 10.5852
6996.07 -15.8910 10.5838
6996.46 -15.8438 10.5824
6996.86 -15.7976 10.5811
6997.25 -15.7522 10.5797
6997.65 -15.7078 10.5783
6998.04 -15.6642 10.5770
6998.44 -15.6214 10.5756
6998.83 -15.5794 10.5742
6999.23 -15.5381 10.5728
6999.62 -15.4976 10.5715
7000.02 -15.4578 10.5701
7000.41 -15.4187 10.5687
7000.81 -15.3803 10.5674
7001.21 -15.3425 10.5660
7001.6 -15.3053 10.5646
7002 -15.2687 10.5633
7002.39 -15.2326 10.5619
7002.79 -15.1972 10.5605
7003.18 -15.1623 10.5592
7003.58 -15.1279 10.5578
7003.97 -15.0940 10.5564
7004.37 -15.0606 10.5551
7004.77 -15.0277 10.5537
7005.16 -14.9953 10.5523
7005.56 -14.9633 10.5510
7005.95 -14.9318 10.5496
7006.35 -14.9007 10.5483
7006.74 -14.8700 10.5469
7007.14 -14.8397 10.5455
7007.54 -14.8099 10.5442
7007.93 -14.7804 10.5428
7008.33 -14.7513 10.5414
7008.72 -14.7225 10.5401
7009.12 -14.6941 10.5387
7009.52 -14.6661 10.5374
7009.91 -14.6384 10.5360
7010.31 -14.6110 10.5346
7010.71 -14.5840 10.5333
7011.1 -14.5573 10.5319
7011.5 -14.5309 10.5305
7011.9 -14.5048 10.5292
7012.29 -14.4790 10.5278
7012.69 -14.4535 10.5265
7013.09 -14.4283 10.5251
7013.48 -14.4033 10.5237
7013.88 -14.3786 10.5224
7014.28 -14.3542 10.5210
7014.67 -14.3301 10.5197
7015.07 -14.3062 10.5183
7015.47 -14.2825 10.5170
7015.86 -14.2591 10.5156
7016.26 -14.2359 10.5142
7016.66 -14.2130 10.5129
7017.05 -14.1903 10.5115
7017.45 -14.1678 10.5102
7017.85 -14.1456 10.5088
7018.25 -14.1236 10.5074
7018.64 -14.1017 10.5061
7019.04 -14.0801 10.5047
7019.44 -14.0587 10.5034
7019.84 -14.0375 10.5020
7020.23 -14.0165 10.5007
7020.63 -13.9957 10.4993
7021.03 -13.9751 10.4980
7021.43 -13.9546 10.4966
7021.82 -13.9344 10.4952
7022.22 -13.9143 10.4939
7022.62 -13.8944 10.4925
7023.02 -13.8747 10.4912
7023.41 -13.8551 10.4898
7023.81 -13.8357 10.4885
7024.21 -13.8165 10.4871
7024.61 -13.7975 10.4858
7025.01 -13.7786 10.4844
7025.4 -13.7598 10.4831
7025.8 -13.7413 10.4817
7026.2 -13.7228 10.4804
7026.6 -13.7046 10.4790
7027 -13.6864 10.4777
7027.4 -13.6685 10.4763
7027.79 -13.6506 10.4750
7028.19 -13.6329 10.4736
7028.59 -13.6154 10.4723
7028.99 -13.5979 10.4709
7029.39 -13.5807 10.4696
7029.79 -13.5635 10.4682
7030.19 -13.5465 10.4669
7030.58 -13.5296 10.4655
7030.98 -13.5128 10.4642
7031.38 -13.4962 10.4628
7031.78 -13.4797 10.4615
7032.18 -13.4633 10.4601
7032.58 -13.4470 10.4588
7044.57 -13.0072 10.4184
7084.82 -11.9738 10.2856
7125.54 -11.2939 10.1551
7166.73 -10.8039 10.0269
7208.39 -10.4371 9.9010
7250.55 -10.1605 9.7774
7293.2 -9.9569 9.6560
7336.35 -9.9823 9.5455
7380.02 -9.9028 9.4514
7424.21 -9.8902 9.3575
7468.94 -9.9623 9.2639
7514.2 -10.1632 9.1705
7555.87 -10.5649 9.0857
7556.33 -10.5714 9.0847
7556.8 -10.5779 9.0838
7557.26 -10.5846 9.0829
7557.72 -10.5912 9.0819
7558.18 -10.5980 9.0810
7558.64 -10.6048 9.0801
7559.1 -10.6117 9.0792
7559.56 -10.6187 9.0782
7560.02 -10.6257 9.0773
7560.48 -10.6329 9.0764
7560.94 -10.6400 9.0754
7561.4 -10.6473 9.0745
7561.87 -10.6547 9.0736
7562.33 -10.6621 9.0726
7562.79 -10.6696 9.0717
7563.25 -10.6772 9.0708
7563.71 -10.6848 9.0699
7564.17 -10.6926 9.0689
7564.63 -10.7004 9.0680
7565.1 -10.7083 9.0671
7565.56 -10.7163 9.0661
7566.02 -10.7244 9.0652
7566.48 -10.7326 9.0643
7566.94 -10.7409 9.0633
7567.4 -10.7493 9.0624
7567.87 -10.7577 9.0615
7568.33 -10.7663 9.0606
7568.79 -10.7750 9.0596
7569.25 -10.7838 9.0587
7569.71 -10.7926 9.0578
7570.18 -10.8016 9.0568
7570.64 -10.8107 9.0559
7571.1 -10.8199 9.0550
7571.56 -10.8292 9.0540
7572.03 -10.8386 9.0531
7572.49 -10.8482 9.0522
7572.95 -10.8579 9.0513
7573.41 -10.8676 9.0503
7573.88 -10.8776 9.0494
7574.34 -10.8876 9.0485
7574.8 -10.8978 9.0475
7575.26 -10.9081 9.0466
7575.73 -10.9185 9.0457
7576.19 -10.9291 9.0447
7576.65 -10.9398 9.0438
7577.12 -10.9506 9.0429
7577.58 -10.9616 9.0420
7578.04 -10.9728 9.0410
7578.51 -10.9841 9.0401
7578.97 -10.9956 9.0392
7579.43 -11.0072 9.0382
7579.9 -11.0190 9.0373
7580.36 -11.0310 9.0364
7580.82 -11.0431 9.0354
7581.29 -11.0555 9.0345
7581.75 -11.0680 9.0336
7582.21 -11.0807 9.0327
7582.68 -11.0936 9.0317
7583.14 -11.1066 9.0308
7583.6 -11.1199 9.0299
7584.07 -11.1334 9.0289
7584.53 -11.1472 9.0280
7585 -11.1611 9.0271
7585.46 -11.1753 9.0262
7585.92 -11.1897 9.0252
7586.39 -11.2043 9.0243
7586.85 -11.2192 9.0234
7587.32 -11.2344 9.0224
7587.78 -11.2498 9.0215
7588.25 -11.2655 9.0206
7588.71 -11.2815 9.0197
7589.17 -11.2977 9.0187
7589.64 -11.3143 9.0178
7590.1 -11.3311 9.0169
7590.57 -11.3483 9.0159
7591.03 -11.3659 9.0150
7591.5 -11.3837 9.0141
7591.96 -11.4020 9.0131
7592.43 -11.4206 9.0122
7592.89 -11.4395 9.0113
7593.36 -11.4589 9.0104
7593.82 -11.4787 9.0094
7594.29 -11.4989 9.0085
7594.75 -11.5196 9.0076
7595.22 -11.5407 9.0066
7595.68 -11.5623 9.0057
7596.15 -11.5844 9.0048
7596.61 -11.6071 9.0039
7597.08 -11.6303 9.0029
7597.55 -11.6540 9.0020
7598.01 -11.6784 9.0011
7598.48 -11.7034 9.0001
7598.94 -11.7291 8.9992
7599.41 -11.7555 8.9983
7599.87 -11.7826 8.9974
7600.34 -11.8105 8.9964
7600.81 -11.8392 8.9955
7601.27 -11.8687 8.9946
7601.74 -11.8992 8.9936
7602.2 -11.9306 8.9927
7602.67 -11.9631 8.9918
7603.14 -11.9967 8.9909
7603.6 -12.0314 8.9899
7604.07 -12.0673 8.9890
7604.54 -12.1046 8.9881
7605 -12.1433 8.9872
7605.47 -12.1836 8.9862
7605.93 -12.2255 8.9853
7606.4 -12.2692 8.9844
7606.87 -12.3148 8.9834
7607.33 -12.3626 8.9825
7607.8 -12.4127 8.9816
7608.27 -12.4653 8.9807
7608.74 -12.5207 8.9797
7609.2 -12.5792 8.9788
7609.67 -12.6412 8.9779
7610.14 -12.7071 8.9769
7610.6 -12.7774 8.9760
7611.07 -12.8526 8.9751
7611.54 -12.9336 8.9742
7612.01 -13.0213 8.9732
7612.47 -13.1168 8.9723
7612.94 -13.2217 8.9714
7613.41 -13.3378 8.9704
7613.88 -13.4680 8.9695
7614.34 -13.6161 8.9686
7614.81 -13.7874 8.9677
7615.28 -13.9909 8.9667
7615.75 -14.2409 8.9658
7616.21 -14.5651 8.9649
7616.68 -15.0265 8.9640
7617.15 -15.8326 8.9630
7617.62 -18.8860 12.4730
7618.09 -15.7094 12.4716
7618.55 -14.9654 12.4701
7619.02 -14.5212 12.4686
7619.49 -14.2031 12.4671
7619.96 -13.9549 12.4657
7620.43 -13.7512 12.4642
7620.9 -13.5784 12.4627
7621.36 -13.4282 12.4612
7621.83 -13.2954 12.4598
7622.3 -13.1763 12.4583
7622.77 -13.0683 12.4568
7623.24 -12.9696 12.4554
7623.71 -12.8785 12.4539
7624.18 -12.7940 12.4524
7624.64 -12.7152 12.4509
7625.11 -12.6414 12.4495
7625.58 -12.5719 12.4480
7626.05 -12.5063 12.4465
7626.52 -12.4441 12.4451
7626.99 -12.3850 12.4436
7627.46 -12.3287 12.4421
7627.93 -12.2749 12.4406
7628.4 -12.2234 12.4392
7628.87 -12.1741 12.4377
7629.34 -12.1266 12.4362
7629.81 -12.0810 12.4348
7630.28 -12.0370 12.4333
7630.74 -11.9946 12.4318
7631.21 -11.9536 12.4304
7631.68 -11.9139 12.4289
7632.15 -11.8755 12.4274
7632.62 -11.8382 12.4259
7633.09 -11.8021 12.4245
7633.56 -11.7669 12.4230
7634.03 -11.7328 12.4215
7634.5 -11.6995 12.4201
7634.97 -11.6671 12.4186
7635.44 -11.6356 12.4171
7635.91 -11.6048 12.4157
7636.38 -11.5748 12.4142
7636.86 -11.5454 12.4127
7637.33 -11.5167 12.4113
7637.8 -11.4887 12.4098
7638.27 -11.4613 12.4083
7638.74 -11.4344 12.4069
7639.21 -11.4082 12.4054
7639.68 -11.3824 12.4039
7640.15 -11.3572 12.4025
7640.62 -11.3324 12.4010
7641.09 -11.3081 12.3995
7641.56 -11.2843 12.3981
7642.03 -11.2609 12.3966
7642.5 -11.2379 12.3952
7642.98 -11.2153 12.3937
7643.45 -11.1931 12.3922
7643.92 -11.1713 12.3908
7644.39 -11.1499 12.3893
7644.86 -11.1288 12.3878
7645.33 -11.1080 12.3864
7645.8 -11.0875 12.3849
7646.27 -11.0674 12.3834
7646.75 -11.0476 12.3820
7647.22 -11.0280 12.3805
7647.69 -11.0088 12.3791
7648.16 -10.9898 12.3776
7648.63 -10.9711 12.3761
7649.11 -10.9527 12.3747
7649.58 -10.9345 12.3732
7650.05 -10.9166 12.3718
7650.52 -10.8989 12.3703
7650.99 -10.8814 12.3688
7651.47 -10.8642 12.3674
7651.94 -10.8471 12.3659
7652.41 -10.8303 12.3644
7652.88 -10.8137 12.3630
7653.35 -10.7973 12.3615
7653.83 -10.7811 12.3601
7654.3 -10.7651 12.3586
7654.77 -10.7493 12.3571
7655.24 -10.7337 12.3557
7655.72 -10.7182 12.3542
7656.19 -10.7029 12.3528
7656.66 -10.6878 12.3513
7657.14 -10.6728 12.3499
7657.61 -10.6581 12.3484
7658.08 -10.6434 12.3469
7658.55 -10.6290 12.3455
7659.03 -10.6146 12.3440
7659.5 -10.6005 12.3426
7659.97 -10.5864 12.3411
7660.45 -10.5725 12.3397
7660.92 -10.5588 12.3382
7661.39 -10.5452 12.3367
7661.87 -10.5317 12.3353
7662.34 -10.5184 12.3338
7662.81 -10.5051 12.3324
7663.29 -10.4920 12.3309
7663.76 -10.4791 12.3295
7664.24 -10.4662 12.3280
7664.71 -10.4535 12.3265
7665.18 -10.4409 12.3251
7665.66 -10.4283 12.3236
7666.13 -10.4160 12.3222
7666.61 -10.4037 12.3207
7667.08 -10.3915 12.3193
7667.55 -10.3794 12.3178
7668.03 -10.3674 12.3164
7668.5 -10.3556 12.3149
7668.98 -10.3438 12.3135
7669.45 -10.3321 12.3120
7669.93 -10.3205 12.3106
7670.4 -10.3090 12.3091
7670.87 -10.2977 12.3076
7671.35 -10.2864 12.3062
7671.82 -10.2751 12.3047
7672.3 -10.2640 12.3033
7672.77 -10.2530 12.3018
7673.25 -10.2420 12.3004
7673.72 -10.2312 12.2989
7674.2 -10.2204 12.2975
7674.67 -10.2097 12.2960
7675.15 -10.1990 12.2946
7675.62 -10.1885 12.2931
7676.1 -10.1780 12.2917
7676.57 -10.1676 12.2902
7677.05 -10.1573 12.2888
7677.52 -10.1471 12.2873
7678 -10.1369 12.2859
7678.48 -10.1268 12.2844
7678.95 -10.1168 12.2830
7679.43 -10.1068 12.2815
7679.9 -10.0969 12.2801
7680.38 -10.0871 12.2786
7680.85 -10.0773 12.2772
7681.33 -10.0676 12.2757
7681.81 -10.0580 12.2743
7682.28 -10.0485 12.2728
7682.76 -10.0390 12.2714
7683.23 -10.0295 12.2699
7683.71 -10.0201 12.2685
7684.19 -10.0108 12.2671
7684.66 -10.0016 12.2656
7685.14 -9.9924 12.2642
7685.62 -9.9832 12.2627
7686.09 -9.9741 12.2613
7686.57 -9.9651 12.2598
7700.89 -9.7173 12.2165
7749.02 -9.1046 12.0734
7797.76 -8.6798 11.9323
7847.11 -8.3714 11.7929
7897.09 -8.1598 11.6554
7947.71 -8.0555 11.5198
7989.2 -8.0979 11.4112
7989.71 -8.0996 11.4098
7990.23 -8.1013 11.4085
7990.74 -8.1031 11.4072
7991.26 -8.1050 11.4058
7991.77 -8.1069 11.4045
7992.29 -8.1088 11.4032
7992.8 -8.1768 11.4019
7993.32 -8.1788 11.4007
7993.83 -8.1808 11.3994
7994.35 -8.1829 11.3982
7994.86 -8.1851 11.3970
7995.38 -8.1872 11.3958
7995.89 -8.1895 11.3946
7996.41 -8.1917 11.3933
7996.93 -8.1941 11.3921
7997.44 -8.1964 11.3909
7997.96 -8.1989 11.3897
7998.47 -8.2013 11.3884
7998.99 -8.2039 11.3872
7999.51 -8.2065 11.3860
8000.02 -8.2091 11.3848
8000.54 -8.2118 11.3835
8001.05 -8.2146 11.3823
8001.57 -8.2174 11.3811
8002.09 -8.2203 11.3799
8002.6 -8.2232 11.3786
8003.12 -8.2262 11.3774
8003.64 -8.2293 11.3762
8004.15 -8.2324 11.3750
8004.67 -8.2356 11.3737
8005.19 -8.2388 11.3725
8005.7 -8.2422 11.3713
8006.22 -8.2456 11.3701
8006.74 -8.2491 11.3688
8007.26 -8.2526 11.3676
8007.77 -8.2562 11.3664
8008.29 -8.2599 11.3652
8008.81 -8.2637 11.3640
8009.32 -8.2676 11.3627
8009.84 -8.2715 11.3615
8010.36 -8.2756 11.3603
8010.88 -8.2797 11.3591
8011.39 -8.2839 11.3578
8011.91 -8.2882 11.3566
8012.43 -8.2926 11.3554
8012.95 -8.2971 11.3542
8013.47 -8.3017 11.3529
8013.98 -8.3064 11.3517
8014.5 -8.3111 11.3505
8015.02 -8.3160 11.3493
8015.54 -8.3210 11.3480
8016.06 -8.3262 11.3468
8016.57 -8.3314 11.3456
8017.09 -8.3368 11.3444
8017.61 -8.3422 11.3432
8018.13 -8.3478 11.3419
8018.65 -8.3536 11.3407
8019.17 -8.3594 11.3395
8019.69 -8.3654 11.3383
8020.2 -8.3716 11.3370
8020.72 -8.3779 11.3358
8021.24 -8.3843 11.3346
8021.76 -8.3909 11.3334
8022.28 -8.3977 11.3321
8022.8 -8.4046 11.3309
8023.32 -8.4117 11.3297
8023.84 -8.4190 11.3285
8024.36 -8.4264 11.3273
8024.88 -8.4341 11.3260
8025.4 -8.4420 11.3248
8025.92 -8.4500 11.3236
8026.44 -8.4583 11.3224
8026.95 -8.4668 11.3211
8027.47 -8.4756 11.3199
8027.99 -8.4845 11.3187
8028.51 -8.4938 11.3175
8029.03 -8.5033 11.3163
8029.55 -8.5130 11.3150
8030.07 -8.5231 11.3138
8030.59 -8.5335 11.3126
8031.11 -8.5442 11.3114
8031.63 -8.5552 11.3101
8032.15 -8.5666 11.3089
8032.68 -8.5783 11.3077
8033.2 -8.5904 11.3065
8033.72 -8.6029 11.3052
8034.24 -8.6159 11.3040
8034.76 -8.6293 11.3028
8035.28 -8.6432 11.3016
8035.8 -8.6576 11.3004
8036.32 -8.6726 11.2991
8036.84 -8.6881 11.2979
8037.36 -8.7043 11.2967
8037.88 -8.7211 11.2955
8038.4 -8.7386 11.2943
8038.93 -8.7569 11.2930
8039.45 -8.7760 11.2918
8039.97 -8.7960 11.2906
8040.49 -8.8170 11.2894
8041.01 -8.8390 11.2881
8041.53 -8.8622 11.2869
8042.05 -8.8866 11.2857
8042.58 -8.9124 11.2845
8043.1 -8.9398 11.2833
8043.62 -8.9689 11.2820
8044.14 -8.9999 11.2808
8044.66 -9.0331 11.2796
8045.18 -9.0687 11.2784
8045.71 -9.1072 11.2771
8046.23 -9.1490 11.2759
8046.75 -9.1946 11.2747
8047.27 -9.2448 11.2735
8047.8 -9.3006 11.2723
8048.32 -9.3633 11.2710
8048.84 -9.4347 11.2698
8049.36 -9.5174 11.2686
8049.89 -9.6157 11.2674
8050.41 -9.7365 11.2662
8050.93 -9.8926 11.2649
8051.45 -10.1129 11.2637
8051.98 -10.4878 11.2625
8052.5 -12.4346 11.2613
8053.02 -10.5211 13.0129
8053.55 -10.1227 13.0116
8054.07 -9.8909 13.0103
8054.59 -9.7263 13.0091
8055.12 -9.5982 13.0078
8055.64 -9.4933 13.0065
8056.16 -9.4042 13.0053
8056.69 -9.3267 13.0040
8057.21 -9.2581 13.0027
8057.73 -9.1965 13.0015
8058.26 -9.1405 13.0002
8058.78 -9.0892 12.9989
8059.3 -9.0418 12.9976
8059.83 -8.9978 12.9964
8060.35 -8.9566 12.9951
8060.88 -8.9178 12.9938
8061.4 -8.8813 12.9926
8061.92 -8.8468 12.9913
8062.45 -8.8140 12.9900
8062.97 -8.7827 12.9888
8063.5 -8.7528 12.9875
8064.02 -8.7242 12.9862
8064.55 -8.6968 12.9850
8065.07 -8.6704 12.9837
8065.6 -8.6450 12.9824
8066.12 -8.6205 12.9812
8066.65 -8.5968 12.9799
8067.17 -8.5739 12.9786
8067.7 -8.5517 12.9774
8068.22 -8.5302 12.9761
8068.75 -8.5093 12.9748
8069.27 -8.4890 12.9735
8069.8 -8.4692 12.9723
8070.32 -8.4500 12.9710
8070.85 -8.4312 12.9697
8071.37 -8.4129 12.9685
8071.9 -8.3951 12.9672
8072.42 -8.3776 12.9659
8072.95 -8.3605 12.9647
8073.47 -8.3438 12.9634
8074 -8.3275 12.9621
8074.53 -8.3115 12.9609
8075.05 -8.2958 12.9596
8075.58 -8.2804 12.9583
8076.1 -8.2653 12.9571
8076.63 -8.2505 12.9558
8077.16 -8.2359 12.9545
8077.68 -8.2216 12.9533
8078.21 -8.2076 12.9520
8078.73 -8.1938 12.9507
8079.26 -8.1802 12.9495
8079.79 -8.1668 12.9482
8080.31 -8.1536 12.9469
8080.84 -8.1407 12.9456
8081.37 -8.1279 12.9444
8081.89 -8.1153 12.9431
8082.42 -8.1029 12.9418
8082.95 -8.0907 12.9406
8083.48 -8.0786 12.9393
8084 -8.0667 12.9380
8084.53 -8.0550 12.9368
8085.06 -8.0434 12.9355
8085.58 -8.0319 12.9342
8086.11 -8.0206 12.9330
8086.64 -8.0095 12.9317
8087.17 -7.9984 12.9304
8087.69 -7.9875 12.9292
8088.22 -7.9768 12.9279
8088.75 -7.9661 12.9266
8089.28 -7.9556 12.9253
8089.8 -7.9452 12.9241
8090.33 -7.9349 12.9228
8090.86 -7.9247 12.9215
8091.39 -7.9146 12.9203
8091.92 -7.9046 12.9190
8092.44 -7.8947 12.9177
8092.97 -7.8850 12.9165
8093.5 -7.8753 12.9152
8094.03 -7.8657 12.9139
8094.56 -7.8562 12.9127
8095.09 -7.8468 12.9114
8095.62 -7.8374 12.9101
8096.14 -7.8282 12.9089
8096.67 -7.8191 12.9076
8097.2 -7.8100 12.9063
8097.73 -7.8010 12.9051
8098.26 -7.7921 12.9038
8098.79 -7.7832 12.9025
8099.32 -7.7745 12.9012
8099.85 -7.7658 12.9000
8100.38 -7.7571 12.8987
8100.9 -7.7486 12.8974
8101.43 -7.7401 12.8962
8101.96 -7.7317 12.8949
8102.49 -7.7233 12.8936
8103.02 -7.7150 12.8924
8103.55 -7.7068 12.8911
8104.08 -7.6986 12.8898
8104.61 -7.6905 12.8886
8105.14 -7.6825 12.8873
8105.67 -7.6745 12.8860
8106.2 -7.6665 12.8848
8106.73 -7.6587 12.8835
8107.26 -7.6508 12.8822
8107.79 -7.6431 12.8809
8108.32 -7.6353 12.8797
8108.85 -7.6277 12.8784
8109.38 -7.6200 12.8771
8109.91 -7.6125 12.8759
8110.44 -7.6050 12.8746
8110.97 -7.5975 12.8733
8111.5 -7.5901 12.8721
8112.04 -7.5827 12.8708
8112.57 -7.5753 12.8695
8113.1 -7.5681 12.8683
8113.63 -7.5608 12.8670
8114.16 -7.5536 12.8657
8114.69 -7.5465 12.8645
8115.22 -7.5393 12.8632
8115.75 -7.5323 12.8619
8116.28 -7.5252 12.8606
8116.81 -7.5182 12.8594
8117.35 -7.5113 12.8581
8117.88 -7.5044 12.8568
8118.41 -7.4975 12.8556
8118.94 -7.4906 12.8543
8119.47 -7.4838 12.8530
8120 -7.4771 12.8518
8120.54 -7.4703 12.8505
8121.07 -7.4636 12.8492
8121.6 -7.4570 12.8480
8122.13 -7.4503 12.8467
8122.66 -7.4437 12.8454
8123.2 -7.4372 12.8442
8123.73 -7.4307 12.8429
8124.26 -7.4242 12.8416
8124.79 -7.4177 12.8403
8125.33 -7.4113 12.8391
8125.86 -7.4049 12.8378
8126.39 -7.3985 12.8365
8126.92 -7.3921 12.8353
8127.46 -7.3858 12.8340
8127.99 -7.3795 12.8327
8128.52 -7.3733 12.8315
8129.05 -7.3671 12.8302
8129.59 -7.3609 12.8289
8130.12 -7.3547 12.8277
8130.65 -7.3486 12.8264
8131.19 -7.3425 12.8251
8131.72 -7.3364 12.8238
8132.25 -7.3303 12.8226
8132.79 -7.3243 12.8213
8133.32 -7.3183 12.8200
8133.85 -7.3123 12.8188
8134.39 -7.3063 12.8175
8134.92 -7.3004 12.8162
8135.46 -7.2945 12.8150
8156.86 -7.0754 12.7642
8210.88 -6.6257 12.6373
8265.62 -6.2564 12.5103
8321.1 -5.9354 12.3832
8377.32 -5.6479 12.2561
8434.31 -5.3856 12.1289
8492.08 -5.1365 12.0008
8550.64 -4.9122 11.8727
8610.02 -4.7023 11.7448
8670.23 -4.5049 11.6173
8731.29 -4.3186 11.4901
8793.22 -4.1421 11.3632
8856.02 -3.9744 11.2367
8919.74 -3.8150 11.1103
8984.37 -3.6631 10.9839
9049.95 -3.5180 10.8579
9116.5 -3.3797 10.7324
9184.03 -3.2470 10.6073
9252.56 -3.1198 10.4826
9322.13 -2.9979 10.3584
9392.75 -2.8809 10.2346
9464.45 -2.7685 10.1113
9537.26 -2.6606 9.9884
9611.19 -2.5569 9.8660
9686.28 -2.4572 9.7440
9762.55 -2.3613 9.6225
9840.03 -2.2690 9.5014
9918.75 -2.1771 9.3807
9998.74 -2.0908 9.2603
10080 -2.0087 9.1404
10162.7 -1.9298 9.0210
10246.6 -1.8538 8.9021
10332 -1.7808 8.7837
10418.9 -1.7105 8.6657
10507.1 -1.6408 8.5482
10597 -1.5759 8.4311
10688.3 -1.5135 8.3145
10781.2 -1.4536 8.1985
10875.8 -1.3961 8.0829
10972.1 -1.3409 7.9679
11070 -1.2880 7.8534
11169.8 -1.2372 7.7395
11271.3 -1.1886 7.6261
11374.7 -1.1421 7.5132
11480 -1.0976 7.4009
11587.3 -1.0550 7.2892
11696.6 -1.0144 7.1780
11808 -0.9757 7.0674
11921.6 -0.9388 6.9573
12037.3 -0.9037 6.8478
12155.3 -0.8703 6.7389
12275.7 -0.8387 6.6305
12398.4 -0.8087 6.5228
12523.7 -0.7804 6.4156
12651.5 -0.7537 6.3091
12781.9 -0.7286 6.2031
12915 -0.7050 6.0977
13051 -0.6829 5.9930
13189.8 -0.6623 5.8888
13331.6 -0.6432 5.7853
13476.6 -0.6255 5.6824
13624.7 -0.6092 5.5801
13776 -0.5943 5.4784
13930.8 -0.5807 5.3774
14089.1 -0.5637 5.2768
14251.1 -0.5530 5.1768
14416.8 -0.5435 5.0775
14586.4 -0.5356 4.9789
14760 -0.5287 4.8809
14937.9 -0.5230 4.7836
15120 -0.5186 4.6871
15306.7 -0.5113 4.5911
15498 -0.5094 4.4957
15694.2 -0.5087 4.4010
15895.4 -0.5091 4.3071
16101.9 -0.5106 4.2139
16313.7 -0.5108 4.1212
16531.2 -0.5146 4.0294
16754.6 -0.5196 3.9383
16984.2 -0.5256 3.8480
17220 -0.5327 3.7585
17462.6 -0.5408 3.6697
17712 -0.5500 3.5818
17968.7 -0.5601 3.4947
18233 -0.5713 3.4084
18505.1 -0.5835 3.3229
18785.5 -0.5967 3.2382
19074.5 -0.6109 3.1543
19372.6 -0.6261 3.0713
19680.1 -0.6422 2.9891
19997.5 -0.6593 2.9078
20325.3 -0.6773 2.8273
20664.1 -0.6964 2.7477
21014.3 -0.7163 2.6690
21376.6 -0.7373 2.5911
21751.6 -0.7592 2.5142
22140.1 -0.7821 2.4381
22542.6 -0.8060 2.3629
22960.1 -0.8309 2.2886
23393.3 -0.8568 2.2153
23843.1 -0.8838 2.1429
24310.7 -0.9118 2.0714
24796.9 -0.9409 2.0009
25302.9 -0.9712 1.9313
25830.1 -1.0027 1.8627
26379.6 -1.0355 1.7950
26953.1 -1.0697 1.7283
27552.1 -1.1055 1.6625
28178.3 -1.1429 1.5977
28833.6 -1.1819 1.5340
29520.1 -1.2228 1.4713
30240.1 -1.2633 1.4097
30996.1 -1.3087 1.3491
31790.9 -1.3569 1.2895
32627.5 -1.4081 1.2311
33509.3 -1.4604 1.1737
34440.1 -1.5198 1.1174
35424.1 -1.5801 1.0621
36466 -1.6519 1.0078
37571 -1.7323 0.9548
38745.1 -1.8242 0.9030
39994.9 -1.9320 0.8525
41328.1 -2.0632 0.8032
42753.2 -2.2313 0.7553
44280.1 -2.4647 0.7086
45920.1 -2.8410 0.6632
45937.1 -2.8461 0.6628
45954.2 -2.8512 0.6623
45971.2 -2.8564 0.6619
45988.3 -2.8617 0.6614
46005.3 -2.8669 0.6610
46022.4 -2.8723 0.6605
46039.5 -2.8776 0.6601
46056.6 -2.8830 0.6596
46073.7 -2.8885 0.6592
46090.8 -2.8940 0.6588
46108 -2.8995 0.6583
46125.1 -2.9051 0.6579
46142.3 -2.9107 0.6574
46159.5 -2.9164 0.6570
46176.7 -2.9221 0.6565
46193.9 -2.9279 0.6561
46211.1 -2.9337 0.6556
46228.3 -2.9396 0.6552
46245.6 -2.9455 0.6547
46262.8 -2.9515 0.6543
46280.1 -2.9575 0.6539
46297.4 -2.9636 0.6534
46314.7 -2.9698 0.6530
46332 -2.9759 0.6525
46349.3 -2.9822 0.6521
46366.6 -2.9885 0.6516
46384 -2.9949 0.6512
46401.3 -3.0013 0.6508
46418.7 -3.0078 0.6503
46436.1 -3.0143 0.6499
46453.5 -3.0210 0.6494
46470.9 -3.0276 0.6490
46488.3 -3.0344 0.6485
46505.8 -3.0412 0.6481
46523.2 -3.0481 0.6477
46540.7 -3.0550 0.6472
46558.1 -3.0620 0.6468
46575.6 -3.0691 0.6463
46593.1 -3.0763 0.6459
46610.7 -3.0835 0.6454
46628.2 -3.0908 0.6450
46645.7 -3.0982 0.6446
46663.3 -3.1057 0.6441
46680.9 -3.1132 0.6437
46698.4 -3.1209 0.6432
46716 -3.1286 0.6428
46733.6 -3.1364 0.6424
46751.3 -3.1443 0.6419
46768.9 -3.1523 0.6415
46786.5 -3.1603 0.6410
46804.2 -3.1685 0.6406
46821.9 -3.1767 0.6401
46839.6 -3.1851 0.6397
46857.3 -3.1936 0.6393
46875 -3.2021 0.6388
46892.7 -3.2108 0.6384
46910.5 -3.2195 0.6379
46928.2 -3.2284 0.6375
46946 -3.2374 0.6371
46963.8 -3.2465 0.6366
46981.6 -3.2557 0.6362
46999.4 -3.2651 0.6358
47017.2 -3.2746 0.6353
47035 -3.2841 0.6349
47052.9 -3.2939 0.6344
47070.7 -3.3037 0.6340
47088.6 -3.3137 0.6336
47106.5 -3.3238 0.6331
47124.4 -3.3341 0.6327
47142.3 -3.3445 0.6322
47160.3 -3.3551 0.6318
47178.2 -3.3658 0.6314
47196.2 -3.3767 0.6309
47214.1 -3.3878 0.6305
47232.1 -3.3990 0.6301
47250.1 -3.4104 0.6296
47268.1 -3.4220 0.6292
47286.2 -3.4338 0.6287
47304.2 -3.4457 0.6283
47322.3 -3.4579 0.6279
47340.3 -3.4702 0.6274
47358.4 -3.4828 0.6270
47376.5 -3.4956 0.6266
47394.6 -3.5086 0.6261
47412.8 -3.5218 0.6257
47430.9 -3.5353 0.6253
47449 -3.5490 0.6248
47467.2 -3.5630 0.6244
47485.4 -3.5773 0.6239
47503.6 -3.5918 0.6235
47521.8 -3.6066 0.6231
47540 -3.6217 0.6226
47558.2 -3.6371 0.6222
47576.5 -3.6529 0.6218
47594.8 -3.6689 0.6213
47613 -3.6853 0.6209
47631.3 -3.7021 0.6205
47649.6 -3.7193 0.6200
47668 -3.7368 0.6196
47686.3 -3.7548 0.6192
47704.6 -3.7732 0.6187
47723 -3.7920 0.6183
47741.4 -3.8114 0.6179
47759.8 -3.8312 0.6174
47778.2 -3.8515 0.6170
47796.6 -3.8724 0.6166
47815 -3.8938 0.6161
47833.5 -3.9159 0.6157
47851.9 -3.9386 0.6153
47870.4 -3.9620 0.6148
47888.9 -3.9861 0.6144
47907.4 -4.0110 0.6140
47925.9 -4.0366 0.6135
47944.4 -4.0632 0.6131
47963 -4.0906 0.6127
47981.6 -4.1190 0.6122
48000.1 -4.1485 0.6118
48018.7 -4.1792 0.6114
48037.3 -4.2110 0.6109
48055.9 -4.2441 0.6105
48074.6 -4.2787 0.6101
48093.2 -4.3148 0.6097
48111.9 -4.3526 0.6092
48130.6 -4.3923 0.6088
48149.3 -4.4340 0.6084
48168 -4.4779 0.6079
48186.7 -4.5243 0.6075
48205.4 -4.5735 0.6071
48224.2 -4.6258 0.6066
48242.9 -4.6816 0.6062
48261.7 -4.7415 0.6058
48280.5 -4.8060 0.6053
48299.3 -4.8759 0.6049
48318.1 -4.9521 0.6045
48337 -5.0360 0.6041
48355.8 -5.1291 0.6036
48374.7 -5.2336 0.6032
48393.6 -5.3529 0.6028
48412.5 -5.4915 0.6023
48431.4 -5.6569 0.6019
48450.3 -5.8616 0.6015
48469.3 -6.1303 0.6011
48488.2 -6.5207 0.6006
48507.2 -7.2434 0.6002
48526.2 -8.4049 3.3857
48545.2 -6.8593 3.3837
48564.2 -6.3229 3.3816
48583.2 -5.9893 3.3796
48602.3 -5.7461 3.3776
48621.3 -5.5545 3.3755
48640.4 -5.3962 3.3735
48659.5 -5.2613 3.3715
48678.6 -5.1437 3.3695
48697.7 -5.0394 3.3674
48716.8 -4.9457 3.3654
48736 -4.8605 3.3634
48755.1 -4.7825 3.3613
48774.3 -4.7105 3.3593
48793.5 -4.6436 3.3573
48812.7 -4.5812 3.3553
48832 -4.5226 3.3532
48851.2 -4.4674 3.3512
48870.5 -4.4153 3.3492
48889.7 -4.3659 3.3471
48909 -4.3189 3.3451
48928.3 -4.2741 3.3431
48947.6 -4.2313 3.3411
48967 -4.1903 3.3390
48986.3 -4.1510 3.3370
49005.7 -4.1133 3.3350
49025 -4.0769 3.3330
49044.4 -4.0419 3.3309
49063.8 -4.0080 3.3289
49083.3 -3.9753 3.3269
49102.7 -3.9437 3.3248
49122.2 -3.9131 3.3228
49141.6 -3.8834 3.3208
49161.1 -3.8545 3.3188
49180.6 -3.8265 3.3167
49200.1 -3.7992 3.3147
49219.7 -3.7727 3.3127
49239.2 -3.7469 3.3107
49258.8 -3.7217 3.3086
49278.4 -3.6972 3.3066
49297.9 -3.6732 3.3046
49317.6 -3.6498 3.3025
49337.2 -3.6269 3.3005
49356.8 -3.6046 3.2985
49376.5 -3.5827 3.2965
49396.2 -3.5613 3.2944
49415.8 -3.5404 3.2924
49435.5 -3.5198 3.2904
49455.3 -3.4997 3.2884
49475 -3.4800 3.2863
49494.7 -3.4606 3.2843
49514.5 -3.4416 3.2823
49534.3 -3.4230 3.2803
49554.1 -3.4047 3.2782
49573.9 -3.3867 3.2762
49593.7 -3.3690 3.2742
49613.6 -3.3517 3.2722
49633.4 -3.3346 3.2701
49653.3 -3.3178 3.2681
49673.2 -3.3012 3.2661
49693.1 -3.2850 3.2641
49713 -3.2690 3.2620
49733 -3.2532 3.2600
49752.9 -3.2377 3.2580
49772.9 -3.2224 3.2560
49792.9 -3.2073 3.2539
49812.9 -3.1924 3.2519
49832.9 -3.1778 3.2499
49853 -3.1633 3.2479
49873 -3.1491 3.2458
49893.1 -3.1350 3.2438
49913.2 -3.1212 3.2418
49933.3 -3.1075 3.2398
49953.4 -3.0940 3.2377
49973.5 -3.0806 3.2357
49993.7 -3.0675 3.2337
50013.9 -3.0545 3.2317
50034 -3.0416 3.2296
50054.2 -3.0289 3.2276
50074.5 -3.0164 3.2256
50094.7 -3.0040 3.2236
50114.9 -2.9918 3.2215
50135.2 -2.9797 3.2195
50155.5 -2.9677 3.2175
50175.8 -2.9559 3.2155
50196.1 -2.9442 3.2134
50216.4 -2.9326 3.2114
50236.8 -2.9212 3.2094
50257.1 -2.9099 3.2074
50277.5 -2.8987 3.2054
50297.9 -2.8876 3.2033
50318.3 -2.8766 3.2013
50338.8 -2.8657 3.1993
50359.2 -2.8550 3.1973
50379.7 -2.8444 3.1952
50400.1 -2.8338 3.1932
50420.6 -2.8234 3.1912
50441.1 -2.8131 3.1892
50461.7 -2.8029 3.1872
50482.2 -2.7927 3.1851
50502.8 -2.7827 3.1831
50523.4 -2.7727 3.1811
50544 -2.7629 3.1791
50564.6 -2.7531 3.1770
50585.2 -2.7435 3.1750
50605.9 -2.7339 3.1730
50626.5 -2.7244 3.1710
50647.2 -2.7150 3.1690
50667.9 -2.7057 3.1669
50688.6 -2.6964 3.1649
50709.3 -2.6872 3.1629
50730.1 -2.6781 3.1609
50750.9 -2.6691 3.1589
50771.6 -2.6602 3.1568
50792.4 -2.6513 3.1548
50813.3 -2.6425 3.1528
50834.1 -2.6338 3.1508
50854.9 -2.6251 3.1487
50875.8 -2.6166 3.1467
50896.7 -2.6081 3.1447
50917.6 -2.5928 3.1427
50938.5 -2.5845 3.1406
50959.5 -2.5761 3.1385
50980.4 -2.5679 3.1364
51001.4 -2.5597 3.1343
51022.4 -2.5516 3.1322
51043.4 -2.5435 3.1301
51064.4 -2.5355 3.1280
51085.4 -2.5276 3.1260
51106.5 -2.5197 3.1239
51127.6 -2.5119 3.1218
51148.7 -2.5041 3.1197
51169.8 -2.4964 3.1176
51190.9 -2.4887 3.1155
51212 -2.4811 3.1134
51233.2 -2.4736 3.1114
51660.1 -2.3330 3.0698
53906.2 -1.8219 2.8644
56356.5 -1.4853 2.6634
59040.2 -1.2414 2.4671
61992.2 -1.0572 2.2756
65254.9 -0.9157 2.0892
68880.2 -0.8066 1.9080
72932 -0.7235 1.7323
77490.2 -0.6620 1.5624
82656.2 -0.6189 1.3981
88560.2 -0.5921 1.2404
95372.6 -0.5791 1.0899
103320 -0.5676 0.9434
112713 -0.5806 0.8055
123984 -0.6028 0.6776
