4290.12 -8.7591 22.8738
4305.01 -8.6724 22.7614
4320.01 -8.5873 22.6491
4335.12 -8.5039 22.5369
4350.33 -8.4219 22.4248
4365.65 -8.3415 22.3128
4381.07 -8.2625 22.2009
4396.61 -8.1848 22.0891
4412.25 -8.1085 21.9774
4428.01 -8.0334 21.8659
4443.88 -7.9596 21.7544
4459.87 -7.8871 21.6430
4475.97 -7.8157 21.5317
4492.19 -7.7454 21.4206
4508.52 -7.6763 21.3095
4524.98 -7.6082 21.1986
4541.55 -7.5413 21.0878
4558.25 -7.4754 20.9770
4575.07 -7.4105 20.8664
4592.01 -7.3466 20.7559
4609.08 -7.2837 20.6455
4626.28 -7.2218 20.5353
4643.61 -7.1608 20.4251
4661.07 -7.1008 20.3151
4678.65 -7.0417 20.2051
4696.38 -6.9835 20.0953
4714.23 -6.9262 19.9856
4732.23 -6.8698 19.8761
4750.36 -6.8142 19.7666
4768.63 -6.7595 19.6573
4787.04 -6.7056 19.5480
4805.59 -6.6437 19.4389
4824.29 -6.5915 19.3296
4843.14 -6.5402 19.2204
4862.13 -6.4897 19.1113
4881.27 -6.4400 19.0024
4900.57 -6.3911 18.8936
4920.01 -6.3430 18.7849
4939.62 -6.2957 18.6764
4959.37 -6.2491 18.5680
4979.29 -6.2033 18.4597
4999.37 -6.1583 18.3515
5019.61 -6.1140 18.2435
5040.01 -6.0704 18.1357
5060.59 -6.0276 18.0279
5081.33 -5.9854 17.9203
5102.24 -5.9441 17.8129
5123.32 -5.9034 17.7056
5144.58 -5.8634 17.5984
5166.01 -5.8101 17.4912
5187.63 -5.7718 17.3840
5209.43 -5.7319 17.2769
5231.41 -5.6949 17.1699
5253.57 -5.6587 17.0631
5275.93 -5.6231 16.9564
5298.48 -5.5881 16.8499
5321.22 -5.5539 16.7435
5344.15 -5.5203 16.6373
5367.29 -5.4874 16.5313
5390.62 -5.4413 16.4252
5414.16 -5.4099 16.3191
5437.91 -5.3792 16.2133
5461.87 -5.3491 16.1076
5486.03 -5.3196 16.0021
5510.42 -5.2908 15.8967
5535.02 -5.2627 15.7915
5559.84 -5.2351 15.6865
5584.88 -5.2083 15.5817
5610.15 -5.1820 15.4771
5635.65 -5.1563 15.3726
5661.39 -5.1313 15.2683
5687.36 -5.1069 15.1643
5713.56 -5.0831 15.0603
5740.02 -5.0600 14.9566
5766.71 -5.0374 14.8531
5793.66 -5.0154 14.7497
5820.86 -4.9941 14.6465
5848.32 -4.9733 14.5435
5876.04 -4.9532 14.4407
5904.02 -4.9336 14.3381
5932.27 -4.9147 14.2357
5960.79 -4.8963 14.1335
5989.58 -4.8785 14.0314
6018.66 -4.8613 13.9296
6048.02 -4.8447 13.8279
6077.66 -4.8287 13.7265
6107.6 -4.8133 13.6252
6137.84 -4.7985 13.5241
6168.38 -4.7842 13.4233
6199.22 -4.7705 13.3226
6230.37 -4.7574 13.2221
6261.84 -4.7449 13.1219
6293.62 -4.7330 13.0218
6325.73 -4.7216 12.9219
6358.17 -4.7035 12.8222
6390.95 -4.6934 12.7226
6424.06 -4.6840 12.6231
6457.52 -4.6751 12.5239
6491.33 -4.6666 12.4248
6525.49 -4.6589 12.3260
6560.02 -4.6517 12.2274
6594.91 -4.6452 12.1291
6630.18 -4.6392 12.0309
6665.82 -4.6338 11.9330
6701.86 -4.6289 11.8353
6738.28 -4.6247 11.7378
6775.1 -4.6210 11.6405
6812.33 -4.6179 11.5435
6849.96 -4.6155 11.4467
6888.02 -4.6136 11.3501
6926.5 -4.6122 11.2537
6965.41 -4.6115 11.1576
7004.77 -4.6114 11.0617
7044.57 -4.6119 10.9661
7084.82 -4.6130 10.8706
7125.54 -4.6146 10.7754
7166.73 -4.6169 10.6805
7208.39 -4.6198 10.5858
7250.55 -4.6233 10.4913
7293.2 -4.6274 10.3970
7336.35 -4.6321 10.3030
7380.02 -4.6375 10.2093
7424.21 -4.6396 10.1157
7468.94 -4.6464 10.0223
7514.2 -4.6538 9.9291
7560.02 -4.6618 9.8362
7606.4 -4.6705 9.7436
7653.35 -4.6799 9.6512
7700.89 -4.6899 9.5591
7749.02 -4.7006 9.4673
7797.76 -4.7120 9.3757
7847.11 -4.7241 9.2844
7897.09 -4.7368 9.1933
7947.71 -4.7503 9.1026
7998.99 -4.7636 9.0120
8050.93 -4.7786 8.9218
8103.55 -4.7943 8.8318
8156.86 -4.8108 8.7420
8210.88 -4.8280 8.6526
8265.62 -4.8453 8.5634
8321.1 -4.8642 8.4746
8377.32 -4.8839 8.3860
8434.31 -4.9044 8.2976
8492.08 -4.9258 8.2096
8550.64 -4.9480 8.1219
8610.02 -4.9711 8.0344
8670.23 -4.9952 7.9473
8731.29 -5.0199 7.8604
8793.22 -5.0459 7.7738
8856.02 -5.0728 7.6876
8919.74 -5.1000 7.6014
8984.37 -5.1270 7.5149
9049.95 -5.1559 7.4287
9116.5 -5.1863 7.3430
9184.03 -5.2181 7.2575
9252.56 -5.2513 7.1724
9322.13 -5.2859 7.0876
9392.75 -5.3219 7.0032
9464.45 -5.3593 6.9191
9537.26 -5.3982 6.8354
9611.19 -5.4386 6.7520
9686.28 -5.4806 6.6690
9762.55 -5.5242 6.5863
9840.03 -5.5696 6.5040
9918.75 -5.6168 6.4220
9998.74 -5.6658 6.3404
10080 -5.7169 6.2591
10162.7 -5.7701 6.1782
10246.6 -5.8255 6.0977
10332 -5.8833 6.0175
10418.9 -5.9437 5.9377
10507.1 -6.0068 5.8583
10597 -6.0728 5.7793
10688.3 -6.1420 5.7006
10781.2 -6.2146 5.6223
10875.8 -6.2910 5.5443
10972.1 -6.3714 5.4667
11070 -6.4562 5.3896
11169.8 -6.5456 5.3128
11271.3 -6.6383 5.2363
11374.7 -6.7396 5.1602
11480 -6.8478 5.0845
11587.3 -6.9637 5.0091
11696.6 -7.0839 4.9341
11808 -7.2188 4.8595
11921.6 -7.3655 4.7852
12037.3 -7.5261 4.7114
12155.3 -7.7029 4.6380
12275.7 -7.9004 4.5649
12398.4 -8.1233 4.4923
12523.7 -8.3787 4.4201
12651.5 -8.6773 4.3484
12781.9 -9.0351 4.2770
12915 -9.4847 4.2060
13051 -10.0850 4.1355
13189.8 -10.9872 4.0654
13219.4 -11.2501 4.0507
13220.8 -11.2636 4.0500
13222.2 -11.2772 4.0493
13223.6 -11.2909 4.0486
13225 -11.3047 4.0479
13226.4 -11.3186 4.0472
13227.8 -11.3326 4.0465
13229.2 -11.3468 4.0458
13230.6 -11.3610 4.0451
13232.1 -11.3753 4.0444
13233.5 -11.3898 4.0437
13234.9 -11.4044 4.0430
13236.3 -11.4190 4.0423
13237.7 -11.4338 4.0416
13239.1 -11.4488 4.0409
13240.5 -11.4638 4.0402
13241.9 -11.4790 4.0395
13243.4 -11.4943 4.0388
13244.8 -11.5097 4.0381
13246.2 -11.5252 4.0374
13247.6 -11.5409 4.0367
13249 -11.5567 4.0360
13250.4 -11.5727 4.0354
13251.9 -11.5888 4.0347
13253.3 -11.6050 4.0340
13254.7 -11.6214 4.0333
13256.1 -11.6379 4.0326
13257.5 -11.6546 4.0319
13258.9 -11.6714 4.0312
13260.4 -11.6884 4.0305
13261.8 -11.7055 4.0298
13263.2 -11.7228 4.0291
13264.6 -11.7403 4.0284
13266 -11.7579 4.0277
13267.5 -11.7757 4.0270
13268.9 -11.7936 4.0263
13270.3 -11.8118 4.0256
13271.7 -11.8301 4.0249
13273.1 -11.8486 4.0242
13274.6 -11.8673 4.0235
13276 -11.8861 4.0228
13277.4 -11.9052 4.0221
13278.8 -11.9245 4.0214
13280.2 -11.9440 4.0207
13281.7 -11.9636 4.0200
13283.1 -11.9835 4.0193
13284.5 -12.0036 4.0186
13285.9 -12.0239 4.0179
13287.4 -12.0445 4.0172
13288.8 -12.0652 4.0165
13290.2 -12.0863 4.0158
13291.6 -12.1075 4.0152
13293.1 -12.1290 4.0145
13294.5 -12.1507 4.0138
13295.9 -12.1727 4.0131
13297.3 -12.1950 4.0124
13298.8 -12.2175 4.0117
13300.2 -12.2403 4.0110
13301.6 -12.2634 4.0103
13303 -12.2868 4.0096
13304.5 -12.3105 4.0089
13305.9 -12.3344 4.0082
13307.3 -12.3587 4.0075
13308.8 -12.3833 4.0068
13310.2 -12.4083 4.0061
13311.6 -12.4335 4.0054
13313 -12.4592 4.0047
13314.5 -12.4851 4.0040
13315.9 -12.5115 4.0033
13317.3 -12.5382 4.0026
13318.8 -12.5653 4.0019
13320.2 -12.5928 4.0012
13321.6 -12.6207 4.0005
13323.1 -12.6490 3.9999
13324.5 -12.6778 3.9992
13325.9 -12.7070 3.9985
13327.4 -12.7366 3.9978
13328.8 -12.7668 3.9971
13330.2 -12.7974 3.9964
13331.6 -12.8286 3.9957
13333.1 -12.8602 3.9950
13334.5 -12.8925 3.9943
13336 -12.9252 3.9936
13337.4 -12.9586 3.9929
13338.8 -12.9925 3.9922
13340.3 -13.0271 3.9915
13341.7 -13.0623 3.9908
13343.1 -13.0982 3.9901
13344.6 -13.1348 3.9894
13346 -13.1721 3.9887
13347.4 -13.2102 3.9880
13348.9 -13.2490 3.9873
13350.3 -13.2887 3.9867
13351.7 -13.3292 3.9860
13353.2 -13.3706 3.9853
13354.6 -13.4129 3.9846
13356.1 -13.4562 3.9839
13357.5 -13.5005 3.9832
13358.9 -13.5459 3.9825
13360.4 -13.5924 3.9818
13361.8 -13.6400 3.9811
13363.3 -13.6889 3.9804
13364.7 -13.7390 3.9797
13366.1 -13.7906 3.9790
13367.6 -13.8435 3.9783
13369 -13.8980 3.9776
13370.5 -13.9541 3.9769
13371.9 -14.0118 3.9762
13373.4 -14.0714 3.9756
13374.8 -14.1329 3.9749
13376.2 -14.1965 3.9742
13377.7 -14.2622 3.9735
13379.1 -14.3303 3.9728
13380.6 -14.4009 3.9721
13382 -14.4742 3.9714
13383.5 -14.5504 3.9707
13384.9 -14.6298 3.9700
13386.3 -14.7126 3.9693
13387.8 -14.7992 3.9686
13389.2 -14.8899 3.9679
13390.7 -14.9850 3.9672
13392.1 -15.0851 3.9665
13393.6 -15.1907 3.9659
13395 -15.3025 3.9652
13396.5 -15.4211 3.9645
13397.9 -15.5475 3.9638
13399.4 -15.6828 3.9631
13400.8 -15.8283 3.9624
13402.3 -15.9856 3.9617
13403.7 -16.1570 3.9610
13405.2 -16.3449 3.9603
13406.6 -16.5531 3.9596
13408.1 -16.7864 3.9589
13409.5 -17.0517 3.9582
13411 -17.3590 3.9575
13412.4 -17.7242 3.9568
13413.9 -18.1743 3.9562
13415.3 -18.7606 3.9555
13416.8 -19.6030 3.9548
13418.2 -21.1174 3.9541
13419.7 -24.6206 10.1184
13421.1 -20.5644 10.1166
13422.6 -19.3305 10.1147
13424 -18.5777 10.1129
13425.5 -18.0341 10.1110
13426.9 -17.6083 10.1091
13428.4 -17.2581 10.1073
13429.8 -16.9606 10.1054
13431.3 -16.7020 10.1036
13432.8 -16.4733 10.1017
13434.2 -16.2682 10.0999
13435.7 -16.0823 10.0980
13437.1 -15.9123 10.0961
13438.6 -15.7557 10.0943
13440 -15.6105 10.0924
13441.5 -15.4752 10.0906
13443 -15.3485 10.0887
13444.4 -15.2293 10.0869
13445.9 -15.1169 10.0850
13447.3 -15.0104 10.0832
13448.8 -14.9093 10.0813
13450.2 -14.8131 10.0794
13451.7 -14.7213 10.0776
13453.2 -14.6335 10.0757
13454.6 -14.5494 10.0739
13456.1 -14.4687 10.0720
13457.5 -14.3911 10.0702
13459 -14.3164 10.0683
13460.5 -14.2444 10.0664
13461.9 -14.1749 10.0646
13463.4 -14.1077 10.0627
13464.9 -14.0426 10.0609
13466.3 -13.9796 10.0590
13467.8 -13.9185 10.0572
13469.2 -13.8593 10.0553
13470.7 -13.8017 10.0535
13472.2 -13.7457 10.0516
13473.6 -13.6912 10.0498
13475.1 -13.6382 10.0479
13476.6 -13.5865 10.0460
13478 -13.5361 10.0442
13479.5 -13.4869 10.0423
13481 -13.4389 10.0405
13482.4 -13.3921 10.0386
13483.9 -13.3462 10.0368
13485.4 -13.3015 10.0349
13486.8 -13.2576 10.0331
13488.3 -13.2147 10.0312
13489.8 -13.1727 10.0294
13491.2 -13.1316 10.0275
13492.7 -13.0913 10.0257
13494.2 -13.0517 10.0238
13495.6 -13.0129 10.0220
13497.1 -12.9749 10.0201
13498.6 -12.9375 10.0183
13500 -12.9009 10.0164
13501.5 -12.8649 10.0145
13503 -12.8295 10.0127
13504.4 -12.7947 10.0108
13505.9 -12.7605 10.0090
13507.4 -12.7269 10.0071
13508.9 -12.6938 10.0053
13510.3 -12.6613 10.0034
13511.8 -12.6292 10.0016
13513.3 -12.5977 9.9997
13514.8 -12.5667 9.9979
13516.2 -12.5361 9.9960
13517.7 -12.5060 9.9942
13519.2 -12.4763 9.9923
13520.6 -12.4471 9.9905
13522.1 -12.4182 9.9886
13523.6 -12.3898 9.9868
13525.1 -12.3618 9.9849
13526.5 -12.3341 9.9831
13528 -12.3068 9.9812
13529.5 -12.2799 9.9794
13531 -12.2534 9.9775
13532.5 -12.2271 9.9757
13533.9 -12.2013 9.9738
13535.4 -12.1757 9.9720
13536.9 -12.1505 9.9701
13538.4 -12.1256 9.9683
13539.8 -12.1009 9.9664
13541.3 -12.0766 9.9646
13542.8 -12.0526 9.9627
13544.3 -12.0288 9.9609
13545.8 -12.0053 9.9590
13547.2 -11.9821 9.9572
13548.7 -11.9592 9.9553
13550.2 -11.9365 9.9535
13551.7 -11.9141 9.9516
13553.2 -11.8919 9.9498
13554.6 -11.8699 9.9479
13556.1 -11.8482 9.9461
13557.6 -11.8267 9.9442
13559.1 -11.8055 9.9424
13560.6 -11.7845 9.9405
13562.1 -11.7636 9.9387
13563.5 -11.7430 9.9369
13565 -11.7226 9.9350
13566.5 -11.7024 9.9332
13568 -11.6825 9.9313
13569.5 -11.6627 9.9295
13571 -11.6431 9.9276
13572.5 -11.6237 9.9258
13573.9 -11.6044 9.9239
13575.4 -11.5854 9.9221
13576.9 -11.5665 9.9202
13578.4 -11.5478 9.9184
13579.9 -11.5293 9.9165
13581.4 -11.5110 9.9147
13582.9 -11.4928 9.9128
13584.3 -11.4748 9.9110
13585.8 -11.4569 9.9092
13587.3 -11.4392 9.9073
13588.8 -11.4216 9.9055
13590.3 -11.4042 9.9036
13591.8 -11.3870 9.9018
13593.3 -11.3699 9.8999
13594.8 -11.3529 9.8981
13596.3 -11.3361 9.8962
13597.8 -11.3195 9.8944
13599.2 -11.3029 9.8925
13600.7 -11.2865 9.8907
13602.2 -11.2703 9.8889
13603.7 -11.2541 9.8870
13605.2 -11.2381 9.8852
13606.7 -11.2222 9.8833
13608.2 -11.2065 9.8815
13609.7 -11.1908 9.8796
13611.2 -11.1753 9.8778
13612.7 -11.1599 9.8759
13614.2 -11.1447 9.8741
13615.7 -11.1295 9.8723
13617.2 -11.1145 9.8704
13618.7 -11.0996 9.8686
13620.2 -11.0847 9.8667
13621.7 -11.0700 9.8649
13623.2 -11.0554 9.8630
13624.7 -11.0409 9.8612
13776 -9.9527 9.6774
13930.8 -9.2753 9.4946
14089.1 -8.7977 9.3129
14251.1 -8.4495 9.1318
14416.8 -8.1950 8.9520
14586.4 -8.0180 8.7735
14760 -7.9131 8.5962
14937.9 -7.8841 8.4202
15120 -7.9482 8.2455
15306.7 -8.1490 8.0720
15442.1 -8.4458 7.9497
15444 -8.4515 7.9479
15445.9 -8.4572 7.9462
15447.8 -8.4630 7.9445
15449.8 -8.4689 7.9428
15451.7 -8.4748 7.9411
15453.6 -8.4808 7.9393
15455.5 -8.4868 7.9376
15457.5 -8.4929 7.9359
15459.4 -8.4991 7.9342
15461.3 -8.5053 7.9325
15463.3 -8.5116 7.9308
15465.2 -8.5179 7.9290
15467.1 -8.5244 7.9273
15469 -8.5308 7.9256
15471 -8.5374 7.9239
15472.9 -8.5440 7.9222
15474.8 -8.5507 7.9205
15476.8 -8.5574 7.9187
15478.7 -8.5643 7.9170
15480.6 -8.5712 7.9153
15482.6 -8.5781 7.9136
15484.5 -8.5852 7.9119
15486.4 -8.5923 7.9102
15488.4 -8.5995 7.9084
15490.3 -8.6068 7.9067
15492.2 -8.6141 7.9050
15494.2 -8.6216 7.9033
15496.1 -8.6291 7.9016
15498 -8.6367 7.8999
15500 -8.6444 7.8982
15501.9 -8.6522 7.8964
15503.9 -8.6601 7.8947
15505.8 -8.6680 7.8930
15507.7 -8.6761 7.8913
15509.7 -8.6842 7.8896
15511.6 -8.6925 7.8879
15513.6 -8.7008 7.8862
15515.5 -8.7092 7.8844
15517.4 -8.7178 7.8827
15519.4 -8.7264 7.8810
15521.3 -8.7352 7.8793
15523.3 -8.7441 7.8776
15525.2 -8.7530 7.8759
15527.2 -8.7621 7.8742
15529.1 -8.7713 7.8725
15531 -8.7806 7.8707
15533 -8.7901 7.8690
15534.9 -8.7996 7.8673
15536.9 -8.8093 7.8656
15538.8 -8.8191 7.8639
15540.8 -8.8290 7.8622
15542.7 -8.8391 7.8605
15544.7 -8.8493 7.8588
15546.6 -8.8597 7.8570
15548.6 -8.8702 7.8553
15550.5 -8.8808 7.8536
15552.5 -8.8916 7.8519
15554.4 -8.9025 7.8502
15556.4 -8.9136 7.8485
15558.3 -8.9249 7.8468
15560.3 -8.9363 7.8451
15562.2 -8.9479 7.8434
15564.2 -8.9597 7.8417
15566.1 -8.9716 7.8399
15568.1 -8.9838 7.8382
15570.1 -8.9961 7.8365
15572 -9.0086 7.8348
15574 -9.0213 7.8331
15575.9 -9.0342 7.8314
15577.9 -9.0474 7.8297
15579.8 -9.0607 7.8280
15581.8 -9.0743 7.8263
15583.8 -9.0881 7.8246
15585.7 -9.1021 7.8228
15587.7 -9.1164 7.8211
15589.6 -9.1309 7.8194
15591.6 -9.1457 7.8177
15593.6 -9.1607 7.8160
15595.5 -9.1761 7.8143
15597.5 -9.1917 7.8126
15599.4 -9.2076 7.8109
15601.4 -9.2238 7.8092
15603.4 -9.2404 7.8075
15605.3 -9.2572 7.8058
15607.3 -9.2745 7.8041
15609.3 -9.2920 7.8024
15611.2 -9.3100 7.8006
15613.2 -9.3283 7.7989
15615.2 -9.3470 7.7972
15617.1 -9.3661 7.7955
15619.1 -9.3857 7.7938
15621.1 -9.4057 7.7921
15623 -9.4262 7.7904
15625 -9.4471 7.7887
15627 -9.4686 7.7870
15628.9 -9.4907 7.7853
15630.9 -9.5132 7.7836
15632.9 -9.5364 7.7819
15634.8 -9.5602 7.7802
15636.8 -9.5847 7.7785
15638.8 -9.6098 7.7768
15640.8 -9.6357 7.7751
15642.7 -9.6623 7.7733
15644.7 -9.6897 7.7716
15646.7 -9.7180 7.7699
15648.7 -9.7472 7.7682
15650.6 -9.7774 7.7665
15652.6 -9.8086 7.7648
15654.6 -9.8409 7.7631
15656.6 -9.8744 7.7614
15658.5 -9.9092 7.7597
15660.5 -9.9453 7.7580
15662.5 -9.9829 7.7563
15664.5 -10.0220 7.7546
15666.5 -10.0629 7.7529
15668.4 -10.1057 7.7512
15670.4 -10.1505 7.7495
15672.4 -10.1975 7.7478
15674.4 -10.2471 7.7461
15676.4 -10.2993 7.7444
15678.3 -10.3547 7.7427
15680.3 -10.4134 7.7410
15682.3 -10.4761 7.7393
15684.3 -10.5432 7.7376
15686.3 -10.6153 7.7359
15688.3 -10.6933 7.7342
15690.2 -10.7782 7.7325
15692.2 -10.8713 7.7308
15694.2 -10.9744 7.7291
15696.2 -11.0897 7.7274
15698.2 -11.2207 7.7257
15700.2 -11.3721 7.7240
15702.2 -11.5515 7.7223
15704.2 -11.7714 7.7206
15706.1 -12.0553 7.7189
15708.1 -12.4563 7.7172
15710.1 -13.1443 7.7155
15712.1 -18.1611 10.8319
15714.1 -13.1389 10.8296
15716.1 -12.4524 10.8273
15718.1 -12.0495 10.8250
15720.1 -11.7629 10.8227
15722.1 -11.5403 10.8204
15724.1 -11.3581 10.8181
15726.1 -11.2039 10.8158
15728.1 -11.0701 10.8135
15730.1 -10.9520 10.8112
15732.1 -10.8462 10.8089
15734.1 -10.7504 10.8066
15736.1 -10.6628 10.8043
15738 -10.5822 10.8020
15740 -10.5075 10.7997
15742 -10.4379 10.7974
15744 -10.3727 10.7951
15746 -10.3114 10.7928
15748 -10.2536 10.7905
15750 -10.1988 10.7882
15752 -10.1468 10.7859
15754 -10.0973 10.7836
15756 -10.0501 10.7813
15758.1 -10.0050 10.7790
15760.1 -9.9617 10.7767
15762.1 -9.9202 10.7744
15764.1 -9.8803 10.7721
15766.1 -9.8418 10.7698
15768.1 -9.8048 10.7675
15770.1 -9.7690 10.7652
15772.1 -9.7344 10.7629
15774.1 -9.7010 10.7606
15776.1 -9.6685 10.7583
15778.1 -9.6371 10.7560
15780.1 -9.6066 10.7537
15782.1 -9.5769 10.7514
15784.1 -9.5481 10.7491
15786.1 -9.5201 10.7468
15788.2 -9.4928 10.7445
15790.2 -9.4662 10.7422
15792.2 -9.4402 10.7399
15794.2 -9.4149 10.7377
15796.2 -9.3902 10.7354
15798.2 -9.3661 10.7331
15800.2 -9.3425 10.7308
15802.2 -9.3195 10.7285
15804.3 -9.2969 10.7262
15806.3 -9.2748 10.7239
15808.3 -9.2532 10.7216
15810.3 -9.2320 10.7193
15812.3 -9.2113 10.7170
15814.3 -9.1910 10.7147
15816.3 -9.1710 10.7124
15818.4 -9.1515 10.7101
15820.4 -9.1323 10.7078
15822.4 -9.1134 10.7055
15824.4 -9.0949 10.7033
15826.4 -9.0767 10.7010
15828.5 -9.0589 10.6987
15830.5 -9.0413 10.6964
15832.5 -9.0241 10.6941
15834.5 -9.0071 10.6918
15836.5 -8.9904 10.6895
15838.6 -8.9740 10.6872
15840.6 -8.9578 10.6849
15842.6 -8.9419 10.6826
15844.6 -8.9262 10.6803
15846.7 -8.9108 10.6780
15848.7 -8.8956 10.6758
15850.7 -8.8807 10.6735
15852.7 -8.8659 10.6712
15854.8 -8.8514 10.6689
15856.8 -8.8371 10.6666
15858.8 -8.8230 10.6643
15860.9 -8.8090 10.6620
15862.9 -8.7953 10.6597
15864.9 -8.7818 10.6574
15866.9 -8.7684 10.6552
15869 -8.7553 10.6529
15871 -8.7423 10.6506
15873 -8.7294 10.6483
15875.1 -8.7168 10.6460
15877.1 -8.7043 10.6437
15879.1 -8.6919 10.6414
15881.2 -8.6797 10.6391
15883.2 -8.6677 10.6368
15885.2 -8.6558 10.6346
15887.3 -8.6441 10.6323
15889.3 -8.6325 10.6300
15891.4 -8.6211 10.6277
15893.4 -8.6097 10.6254
15895.4 -8.5986 10.6231
15897.5 -8.5875 10.6208
15899.5 -8.5766 10.6186
15901.5 -8.5658 10.6163
15903.6 -8.5552 10.6140
15905.6 -8.5446 10.6117
15907.7 -8.5342 10.6094
15909.7 -8.5239 10.6071
15911.7 -8.5137 10.6048
15913.8 -8.5036 10.6026
15915.8 -8.4937 10.6003
15917.9 -8.4838 10.5980
15919.9 -8.4741 10.5957
15922 -8.4644 10.5934
15924 -8.4549 10.5911
15926.1 -8.4455 10.5888
15928.1 -8.4362 10.5866
15930.1 -8.4269 10.5843
15932.2 -8.4178 10.5820
15934.2 -8.4088 10.5797
15936.3 -8.3998 10.5774
15938.3 -8.3910 10.5751
15940.4 -8.3823 10.5729
15942.4 -8.3736 10.5706
15944.5 -8.3650 10.5683
15946.5 -8.3566 10.5660
15948.6 -8.3482 10.5637
15950.6 -8.3399 10.5614
15952.7 -8.3317 10.5592
15954.7 -8.3235 10.5569
15956.8 -8.3155 10.5546
15958.9 -8.3075 10.5523
15960.9 -8.2996 10.5500
15963 -8.2918 10.5478
15965 -8.2841 10.5455
15967.1 -8.2765 10.5432
15969.1 -8.2689 10.5409
15971.2 -8.2614 10.5386
15973.2 -8.2540 10.5364
15975.3 -8.2467 10.5341
15977.4 -8.2394 10.5318
15979.4 -8.2322 10.5295
15981.5 -8.2251 10.5272
15983.5 -8.2181 10.5250
15985.6 -8.2111 10.5227
15987.7 -8.2042 10.5204
15989.7 -8.1973 10.5181
15991.8 -8.1906 10.5158
15993.9 -8.1839 10.5136
15995.9 -8.1773 10.5113
15998 -8.1707 10.5090
16083.1 -7.9487 10.4156
16085.2 -7.9447 10.4134
16087.2 -7.9407 10.4111
16089.3 -7.9368 10.4088
16091.4 -7.9329 10.4065
16093.5 -7.9291 10.4043
16095.6 -7.9253 10.4020
16097.7 -7.9216 10.3997
16099.8 -7.9180 10.3974
16101.9 -7.9144 10.3952
16104 -7.9109 10.3929
16106 -7.9074 10.3906
16108.1 -7.9040 10.3883
16110.2 -7.9006 10.3861
16112.3 -7.8973 10.3838
16114.4 -7.8940 10.3815
16116.5 -7.8908 10.3793
16118.6 -7.8877 10.3770
16120.7 -7.8846 10.3747
16122.8 -7.8816 10.3724
16124.9 -7.8787 10.3702
16127 -7.8758 10.3679
16129.1 -7.8729 10.3656
16131.2 -7.8701 10.3634
16133.3 -7.8674 10.3611
16135.4 -7.8648 10.3588
16137.5 -7.8622 10.3565
16139.6 -7.8596 10.3543
16141.7 -7.8572 10.3520
16143.8 -7.8547 10.3497
16145.9 -7.8524 10.3475
16148 -7.8501 10.3452
16150.1 -7.8479 10.3429
16152.2 -7.8457 10.3407
16154.3 -7.8436 10.3384
16156.4 -7.8416 10.3361
16158.5 -7.8396 10.3338
16160.6 -7.8377 10.3316
16162.7 -7.8359 10.3293
16164.8 -7.8341 10.3270
16167 -7.8324 10.3248
16169.1 -7.8308 10.3225
16171.2 -7.8292 10.3202
16173.3 -7.8277 10.3180
16175.4 -7.8263 10.3157
16177.5 -7.8249 10.3134
16179.6 -7.8236 10.3112
16181.7 -7.8224 10.3089
16183.8 -7.8213 10.3066
16185.9 -7.8202 10.3044
16188.1 -7.8193 10.3021
16190.2 -7.8184 10.2998
16192.3 -7.8175 10.2976
16194.4 -7.8168 10.2953
16196.5 -7.8161 10.2930
16198.6 -7.8155 10.2908
16200.8 -7.8150 10.2885
16202.9 -7.8146 10.2862
16205 -7.8143 10.2840
16207.1 -7.8140 10.2817
16209.2 -7.8139 10.2794
16211.3 -7.8138 10.2772
16213.5 -7.8138 10.2749
16215.6 -7.8140 10.2727
16217.7 -7.8142 10.2704
16219.8 -7.8145 10.2681
16221.9 -7.8149 10.2659
16224.1 -7.8154 10.2636
16226.2 -7.8160 10.2613
16228.3 -7.8167 10.2591
16230.4 -7.8175 10.2568
16232.6 -7.8185 10.2545
16234.7 -7.8195 10.2523
16236.8 -7.8207 10.2500
16238.9 -7.8220 10.2478
16241.1 -7.8234 10.2455
16243.2 -7.8249 10.2432
16245.3 -7.8265 10.2410
16247.5 -7.8283 10.2387
16249.6 -7.8302 10.2364
16251.7 -7.8322 10.2342
16253.8 -7.8344 10.2319
16256 -7.8367 10.2297
16258.1 -7.8392 10.2274
16260.2 -7.8418 10.2251
16262.4 -7.8446 10.2229
16264.5 -7.8475 10.2206
16266.6 -7.8506 10.2184
16268.8 -7.8539 10.2161
16270.9 -7.8574 10.2138
16273 -7.8610 10.2116
16275.2 -7.8648 10.2093
16277.3 -7.8688 10.2071
16279.5 -7.8730 10.2048
16281.6 -7.8775 10.2025
16283.7 -7.8821 10.2003
16285.9 -7.8870 10.1980
16288 -7.8921 10.1958
16290.2 -7.8974 10.1935
16292.3 -7.9030 10.1912
16294.4 -7.9089 10.1890
16296.6 -7.9150 10.1867
16298.7 -7.9215 10.1845
16300.9 -7.9282 10.1822
16303 -7.9353 10.1799
16305.1 -7.9426 10.1777
16307.3 -7.9504 10.1754
16309.4 -7.9584 10.1732
16311.6 -7.9669 10.1709
16313.7 -7.9758 10.1687
16315.9 -7.9851 10.1664
16318 -7.9949 10.1641
16320.2 -8.0051 10.1619
16322.3 -8.0159 10.1596
16324.5 -8.0272 10.1574
16326.6 -8.0391 10.1551
16328.8 -8.0516 10.1529
16330.9 -8.0647 10.1506
16333.1 -8.0786 10.1484
16335.2 -8.0933 10.1461
16337.4 -8.1088 10.1438
16339.5 -8.1251 10.1416
16341.7 -8.1425 10.1393
16343.8 -8.1610 10.1371
16346 -8.1806 10.1348
16348.1 -8.2015 10.1326
16350.3 -8.2239 10.1303
16352.5 -8.2479 10.1281
16354.6 -8.2737 10.1258
16356.8 -8.3016 10.1236
16358.9 -8.3318 10.1213
16361.1 -8.3647 10.1190
16363.2 -8.4007 10.1168
16365.4 -8.4404 10.1145
16367.6 -8.4845 10.1123
16369.7 -8.5340 10.1100
16371.9 -8.5901 10.1078
16374.1 -8.6548 10.1055
16376.2 -8.7308 10.1033
16378.4 -8.8225 10.1010
16380.5 -8.9375 10.0988
16382.7 -9.0906 10.0965
16384.9 -9.3178 10.0943
16387 -9.7587 10.0920
16389.2 -10.1776 11.6683
16391.4 -9.4385 11.6660
16393.5 -9.1472 11.6636
16395.7 -8.9609 11.6613
16397.9 -8.8230 11.6589
16400 -8.7131 11.6566
16402.2 -8.6213 11.6542
16404.4 -8.5424 11.6519
16406.6 -8.4730 11.6495
16408.7 -8.4109 11.6472
16410.9 -8.3548 11.6448
16413.1 -8.3033 11.6425
16415.2 -8.2559 11.6401
16417.4 -8.2118 11.6378
16419.6 -8.1705 11.6354
16421.8 -8.1318 11.6331
16423.9 -8.0951 11.6307
16426.1 -8.0604 11.6284
16428.3 -8.0274 11.6260
16430.5 -7.9959 11.6237
16432.6 -7.9658 11.6213
16434.8 -7.9369 11.6190
16437 -7.9091 11.6166
16439.2 -7.8823 11.6143
16441.4 -7.8565 11.6119
16443.5 -7.8316 11.6096
16445.7 -7.8074 11.6072
16447.9 -7.7840 11.6049
16450.1 -7.7612 11.6025
16452.3 -7.7391 11.6002
16454.5 -7.7176 11.5978
16456.6 -7.6966 11.5955
16458.8 -7.6762 11.5931
16461 -7.6563 11.5908
16463.2 -7.6368 11.5884
16465.4 -7.6178 11.5861
16467.6 -7.5992 11.5837
16469.8 -7.5809 11.5814
16471.9 -7.5631 11.5790
16474.1 -7.5456 11.5767
16476.3 -7.5284 11.5743
16478.5 -7.5115 11.5720
16480.7 -7.4950 11.5696
16482.9 -7.4787 11.5673
16485.1 -7.4628 11.5649
16487.3 -7.4473 11.5626
16489.5 -7.4319 11.5602
16491.7 -7.4167 11.5579
16493.9 -7.4017 11.5555
16496.1 -7.3869 11.5532
16498.2 -7.3724 11.5508
16500.4 -7.3580 11.5485
16502.6 -7.3439 11.5462
16504.8 -7.3300 11.5438
16507 -7.3162 11.5415
16509.2 -7.3026 11.5391
16511.4 -7.2892 11.5368
16513.6 -7.2760 11.5344
16515.8 -7.2629 11.5321
16518 -7.2500 11.5297
16520.2 -7.2372 11.5274
16522.4 -7.2246 11.5250
16524.6 -7.2121 11.5227
16526.8 -7.1998 11.5204
16529 -7.1876 11.5180
16531.2 -7.1755 11.5157
16533.5 -7.1636 11.5133
16535.7 -7.1517 11.5110
16537.9 -7.1400 11.5086
16540.1 -7.1284 11.5063
16542.3 -7.1170 11.5039
16544.5 -7.1056 11.5016
16546.7 -7.0943 11.4993
16548.9 -7.0832 11.4969
16551.1 -7.0721 11.4946
16553.3 -7.0612 11.4922
16555.5 -7.0503 11.4899
16557.7 -7.0395 11.4875
16559.9 -7.0289 11.4852
16562.2 -7.0183 11.4829
16564.4 -7.0078 11.4805
16566.6 -6.9974 11.4782
16568.8 -6.9871 11.4758
16571 -6.9768 11.4735
16573.2 -6.9666 11.4711
16575.4 -6.9566 11.4688
16577.7 -6.9466 11.4665
16579.9 -6.9366 11.4641
16582.1 -6.9268 11.4618
16584.3 -6.9170 11.4594
16586.5 -6.9073 11.4571
16588.8 -6.8976 11.4547
16591 -6.8880 11.4524
16593.2 -6.8785 11.4501
16595.4 -6.8691 11.4477
16597.6 -6.8597 11.4454
16599.9 -6.8504 11.4430
16602.1 -6.8411 11.4407
16604.3 -6.8319 11.4384
16606.5 -6.8227 11.4360
16608.8 -6.8137 11.4337
16611 -6.8046 11.4313
16613.2 -6.7957 11.4290
16615.4 -6.7868 11.4267
16617.7 -6.7779 11.4243
16619.9 -6.7691 11.4220
16622.1 -6.7603 11.4196
16624.3 -6.7516 11.4173
16626.6 -6.7430 11.4149
16628.8 -6.7344 11.4126
16631 -6.7258 11.4103
16633.3 -6.7173 11.4079
16635.5 -6.7088 11.4056
16637.7 -6.7004 11.4032
16640 -6.6921 11.4009
16642.2 -6.6837 11.3986
16644.4 -6.6755 11.3962
16646.7 -6.6672 11.3939
16648.9 -6.6590 11.3916
16651.1 -6.6509 11.3892
16653.4 -6.6428 11.3869
16655.6 -6.6347 11.3845
16657.8 -6.6267 11.3822
16660.1 -6.6187 11.3799
16662.3 -6.6108 11.3775
16664.6 -6.6029 11.3752
16666.8 -6.5950 11.3728
16669 -6.5872 11.3705
16671.3 -6.5794 11.3682
16673.5 -6.5716 11.3658
16675.8 -6.5639 11.3635
16678 -6.5562 11.3612
16680.3 -6.5486 11.3588
16682.5 -6.5410 11.3565
16684.7 -6.5334 11.3541
16687 -6.5259 11.3518
16754.6 -6.3136 11.2817
16984.2 -5.7374 11.0488
17220 -5.2698 10.8166
17462.6 -4.8857 10.5825
17712 -4.5509 10.3503
17968.7 -4.2542 10.1197
18233 -3.9883 9.8905
18505.1 -3.7480 9.6630
18785.5 -3.5293 9.4369
19074.5 -3.3295 9.2125
19372.6 -3.1463 8.9897
19680.1 -2.9779 8.7685
19997.5 -2.8230 8.5490
20325.3 -2.6802 8.3311
20664.1 -2.5483 8.1150
21014.3 -2.4271 7.9005
21376.6 -2.3161 7.6878
21751.6 -2.2134 7.4770
22140.1 -2.1192 7.2680
22542.6 -2.0330 7.0609
22960.1 -1.9542 6.8556
23393.3 -1.8824 6.6522
23843.1 -1.8174 6.4507
24310.7 -1.7589 6.2512
24796.9 -1.7064 6.0537
25302.9 -1.6599 5.8582
25830.1 -1.6189 5.6648
26379.6 -1.5834 5.4734
26953.1 -1.5509 5.2836
27552.1 -1.5260 5.0951
28178.3 -1.5060 4.9091
28833.6 -1.4908 4.7256
29520.1 -1.4803 4.5446
30240.1 -1.4743 4.3661
30996.1 -1.4726 4.1903
31790.9 -1.4694 4.0167
32627.5 -1.4763 3.8454
33509.3 -1.4832 3.6764
34440.1 -1.4984 3.5102
35424.1 -1.5173 3.3469
36466 -1.5401 3.1867
37571 -1.5665 3.0294
38745.1 -1.5965 2.8752
39994.9 -1.6301 2.7241
41328.1 -1.6672 2.5761
42753.2 -1.7080 2.4314
44280.1 -1.7524 2.2899
45920.1 -1.8005 2.1517
47686.3 -1.8527 2.0168
49593.7 -1.9090 1.8854
51660.1 -1.9701 1.7574
53906.2 -2.0364 1.6330
56356.5 -2.1089 1.5121
59040.2 -2.1874 1.3949
61992.2 -2.2776 1.2813
65254.9 -2.3809 1.1717
68880.2 -2.5032 1.0660
72932 -2.6562 0.9643
77490.2 -2.8674 0.8668
82656.2 -3.2121 0.7738
88560.2 -4.1425 0.6853
95372.6 -4.8582 2.8748
103320 100.5535 2.5365
112713 -3.2231 2.2075
123984 -6.6841 1.8933
