3338.39  -17.6129  3.1952
3338.48  -17.6295  3.1950
3338.57  -17.6463  3.1949
3338.66  -17.6631  3.1948
3338.75  -17.6801  3.1946
3338.84  -17.6973  3.1945
3338.93  -17.7145  3.1944
3339.02  -17.7319  3.1942
3339.11  -17.7493  3.1941
3339.2  -17.7670  3.1940
3339.29  -17.7847  3.1938
3339.38  -17.8026  3.1937
3339.47  -17.8206  3.1936
3339.56  -17.8387  3.1934
3339.65  -17.8570  3.1933
3339.74  -17.8754  3.1932
3339.83  -17.8940  3.1930
3339.92  -17.9127  3.1929
3340.01  -17.9316  3.1927
3340.1  -17.9506  3.1926
3340.19  -17.9697  3.1925
3340.28  -17.9890  3.1923
3340.37  -18.0085  3.1922
3340.46  -18.0281  3.1921
3340.55  -18.0479  3.1919
3340.64  -18.0678  3.1918
3340.73  -18.0880  3.1917
3340.82  -18.1082  3.1915
3340.91  -18.1287  3.1914
3341  -18.1493  3.1913
3341.09  -18.1701  3.1911
3341.18  -18.1911  3.1910
3341.27  -18.2123  3.1909
3341.36  -18.2337  3.1907
3341.45  -18.2552  3.1906
3341.54  -18.2770  3.1904
3341.63  -18.2989  3.1903
3341.72  -18.3211  3.1902
3341.81  -18.3434  3.1900
3341.9  -18.3660  3.1899
3341.99  -18.3888  3.1898
3342.08  -18.4118  3.1896
3342.17  -18.4350  3.1895
3342.26  -18.4585  3.1894
3342.35  -18.4822  3.1892
3342.44  -18.5061  3.1891
3342.53  -18.5302  3.1890
3342.62  -18.5546  3.1888
3342.71  -18.5793  3.1887
3342.8  -18.6042  3.1886
3342.89  -18.6294  3.1884
3342.98  -18.6549  3.1883
3343.07  -18.6806  3.1882
3343.16  -18.7066  3.1880
3343.25  -18.7329  3.1879
3343.34  -18.7594  3.1877
3343.43  -18.7863  3.1876
3343.52  -18.8135  3.1875
3343.61  -18.8410  3.1873
3343.7  -18.8688  3.1872
3343.79  -18.8970  3.1871
3343.88  -18.9255  3.1869
3343.97  -18.9543  3.1868
3344.06  -18.9835  3.1867
3344.15  -19.0130  3.1865
3344.24  -19.0429  3.1864
3344.33  -19.0732  3.1863
3344.42  -19.1039  3.1861
3344.51  -19.1350  3.1860
3344.6  -19.1665  3.1859
3344.69  -19.1984  3.1857
3344.78  -19.2308  3.1856
3344.87  -19.2636  3.1855
3344.96  -19.2968  3.1853
3345.05  -19.3305  3.1852
3345.14  -19.3648  3.1850
3345.23  -19.3995  3.1849
3345.32  -19.4347  3.1848
3345.41  -19.4705  3.1846
3345.5  -19.5068  3.1845
3345.59  -19.5437  3.1844
3345.68  -19.5811  3.1842
3345.77  -19.6192  3.1841
3345.86  -19.6578  3.1840
3345.95  -19.6972  3.1838
3346.04  -19.7371  3.1837
3346.14  -19.7778  3.1836
3346.23  -19.8192  3.1834
3346.32  -19.8613  3.1833
3346.41  -19.9042  3.1832
3346.5  -19.9479  3.1830
3346.59  -19.9924  3.1829
3346.68  -20.0377  3.1828
3346.77  -20.0839  3.1826
3346.86  -20.1311  3.1825
3346.95  -20.1792  3.1824
3347.04  -20.2283  3.1822
3347.13  -20.2785  3.1821
3347.22  -20.3298  3.1819
3347.31  -20.3821  3.1818
3347.4  -20.4357  3.1817
3347.49  -20.4905  3.1815
3347.58  -20.5467  3.1814
3347.67  -20.6042  3.1813
3347.76  -20.6631  3.1811
3347.85  -20.7236  3.1810
3347.94  -20.7856  3.1809
3348.03  -20.8493  3.1807
3348.12  -20.9148  3.1806
3348.21  -20.9822  3.1805
3348.3  -21.0515  3.1803
3348.39  -21.1230  3.1802
3348.48  -21.1967  3.1801
3348.58  -21.2728  3.1799
3348.67  -21.3514  3.1798
3348.76  -21.4328  3.1797
3348.85  -21.5171  3.1795
3348.94  -21.6045  3.1794
3349.03  -21.6953  3.1792
3349.12  -21.7897  3.1791
3349.21  -21.8881  3.1790
3349.3  -21.9909  3.1788
3349.39  -22.0983  3.1787
3349.48  -22.2109  3.1786
3349.57  -22.3291  3.1784
3349.66  -22.4537  3.1783
3349.75  -22.5853  3.1782
3349.84  -22.7247  3.1780
3349.93  -22.8729  3.1779
3350.02  -23.0311  3.1778
3350.11  -23.2009  3.1776
3350.2  -23.3839  3.1775
3350.29  -23.5824  3.1774
3350.38  -23.7994  3.1772
3350.48  -24.0387  3.1771
3350.57  -24.3052  3.1770
3350.66  -24.6061  3.1768
3350.75  -24.9515  3.1767
3350.84  -25.3571  3.1765
3350.93  -25.8483  3.1764
3351.02  -26.4711  3.1763
3351.11  -27.3230  3.1761
3351.2  -28.6787  3.1760
3351.29  -32.2967  3.1759
3351.38  -29.9836  10.5137
3351.47  -27.9700  10.5135
3351.56  -26.9052  10.5134
3351.65  -26.1768  10.5132
3351.74  -25.6224  10.5131
3351.83  -25.1748  10.5129
3351.92  -24.7995  10.5127
3352.02  -24.4763  10.5126
3352.11  -24.1925  10.5124
3352.2  -23.9396  10.5122
3352.29  -23.7114  10.5121
3352.38  -23.5036  10.5119
3352.47  -23.3129  10.5117
3352.56  -23.1366  10.5116
3352.65  -22.9728  10.5114
3352.74  -22.8197  10.5112
3352.83  -22.6761  10.5111
3352.92  -22.5408  10.5109
3353.01  -22.4130  10.5107
3353.1  -22.2919  10.5106
3353.19  -22.1768  10.5104
3353.28  -22.0671  10.5103
3353.38  -21.9623  10.5101
3353.47  -21.8621  10.5099
3353.56  -21.7661  10.5098
3353.65  -21.6738  10.5096
3353.74  -21.5851  10.5094
3353.83  -21.4997  10.5093
3353.92  -21.4173  10.5091
3354.01  -21.3378  10.5089
3354.1  -21.2608  10.5088
3354.19  -21.1864  10.5086
3354.28  -21.1143  10.5084
3354.37  -21.0444  10.5083
3354.46  -20.9765  10.5081
3354.55  -20.9105  10.5079
3354.65  -20.8464  10.5078
3354.74  -20.7840  10.5076
3354.83  -20.7233  10.5074
3354.92  -20.6641  10.5073
3355.01  -20.6064  10.5071
3355.1  -20.5501  10.5069
3355.19  -20.4952  10.5068
3355.28  -20.4415  10.5066
3355.37  -20.3891  10.5064
3355.46  -20.3378  10.5063
3355.55  -20.2876  10.5061
3355.64  -20.2385  10.5059
3355.74  -20.1905  10.5058
3355.83  -20.1434  10.5056
3355.92  -20.0973  10.5054
3356.01  -20.0520  10.5053
3356.1  -20.0077  10.5051
3356.19  -19.9642  10.5049
3356.28  -19.9215  10.5048
3356.37  -19.8795  10.5046
3356.46  -19.8384  10.5044
3356.55  -19.7979  10.5043
3356.64  -19.7582  10.5041
3356.73  -19.7191  10.5039
3356.83  -19.6807  10.5038
3356.92  -19.6429  10.5036
3357.01  -19.6058  10.5034
3357.1  -19.5692  10.5033
3357.19  -19.5332  10.5031
3357.28  -19.4978  10.5029
3357.37  -19.4629  10.5028
3357.46  -19.4285  10.5026
3357.55  -19.3947  10.5024
3357.64  -19.3613  10.5023
3357.73  -19.3284  10.5021
3357.83  -19.2960  10.5019
3357.92  -19.2640  10.5018
3358.01  -19.2325  10.5016
3358.1  -19.2014  10.5014
3358.19  -19.1708  10.5013
3358.28  -19.1405  10.5011
3358.37  -19.1106  10.5009
3358.46  -19.0812  10.5008
3358.55  -19.0521  10.5006
3358.64  -19.0233  10.5004
3358.74  -18.9950  10.5003
3358.83  -18.9669  10.5001
3358.92  -18.9393  10.4999
3359.01  -18.9119  10.4998
3359.1  -18.8849  10.4996
3359.19  -18.8582  10.4994
3359.28  -18.8318  10.4992
3359.37  -18.8057  10.4991
3359.46  -18.7799  10.4989
3359.55  -18.7544  10.4987
3359.65  -18.7292  10.4986
3359.74  -18.7042  10.4984
3359.83  -18.6796  10.4982
3359.92  -18.6552  10.4981
3360.01  -18.6310  10.4979
3360.1  -18.6072  10.4977
3360.19  -18.5835  10.4976
3360.28  -18.5601  10.4974
3360.37  -18.5370  10.4972
3360.46  -18.5141  10.4971
3360.56  -18.4914  10.4969
3360.65  -18.4689  10.4967
3360.74  -18.4467  10.4965
3360.83  -18.4247  10.4964
3360.92  -18.4029  10.4962
3361.01  -18.3813  10.4960
3361.1  -18.3599  10.4959
3361.19  -18.3387  10.4957
3361.28  -18.3177  10.4955
3361.38  -18.2969  10.4954
3361.47  -18.2763  10.4952
3361.56  -18.2559  10.4950
3361.65  -18.2357  10.4948
3361.74  -18.2156  10.4947
3361.83  -18.1957  10.4945
3361.92  -18.1760  10.4943
3362.01  -18.1565  10.4942
3362.1  -18.1371  10.4940
3362.2  -18.1180  10.4938
3362.29  -18.0989  10.4937
3362.38  -18.0801  10.4935
3362.47  -18.0613  10.4933
3362.56  -18.0428  10.4931
3362.65  -18.0244  10.4930
3362.74  -18.0061  10.4928
3362.83  -17.9880  10.4926
3362.93  -17.9701  10.4925
3363.02  -17.9523  10.4923
3363.11  -17.9346  10.4921
3363.2  -17.9171  10.4920
3363.29  -17.8997  10.4918
3363.38  -17.8824  10.4916
3363.47  -17.8653  10.4914
3363.56  -17.8483  10.4913
3363.66  -17.8314  10.4911
3512.4  -14.5983  10.1582
3512.5  -14.6068  10.1580
3512.6  -14.6153  10.1577
3512.7  -14.6240  10.1575
3512.8  -14.6327  10.1572
3512.9  -14.6415  10.1569
3513  -14.6505  10.1567
3513.1  -14.6595  10.1564
3513.2  -14.6686  10.1562
3513.3  -14.6778  10.1559
3513.4  -14.6872  10.1557
3513.5  -14.6966  10.1554
3513.6  -14.7061  10.1551
3513.7  -14.7158  10.1549
3513.8  -14.7256  10.1546
3513.9  -14.7354  10.1544
3514  -14.7454  10.1541
3514.1  -14.7556  10.1539
3514.2  -14.7658  10.1536
3514.3  -14.7762  10.1533
3514.4  -14.7866  10.1531
3514.49  -14.7973  10.1528
3514.59  -14.8080  10.1526
3514.69  -14.8189  10.1523
3514.79  -14.8299  10.1520
3514.89  -14.8410  10.1518
3514.99  -14.8523  10.1515
3515.09  -14.8638  10.1513
3515.19  -14.8754  10.1510
3515.29  -14.8871  10.1508
3515.39  -14.8990  10.1505
3515.49  -14.9111  10.1502
3515.59  -14.9233  10.1500
3515.69  -14.9357  10.1497
3515.79  -14.9483  10.1495
3515.89  -14.9610  10.1492
3515.99  -14.9740  10.1489
3516.09  -14.9871  10.1487
3516.19  -15.0004  10.1484
3516.29  -14.7259  10.1481
3516.39  -14.7397  10.1477
3516.49  -14.7536  10.1472
3516.59  -14.7678  10.1467
3516.69  -14.7821  10.1463
3516.79  -14.7967  10.1458
3516.89  -14.8114  10.1453
3516.99  -14.8265  10.1449
3517.09  -14.8417  10.1444
3517.19  -14.8572  10.1439
3517.29  -14.8730  10.1435
3517.39  -14.8890  10.1430
3517.49  -14.9053  10.1425
3517.59  -14.9219  10.1421
3517.69  -14.9388  10.1416
3517.79  -14.9560  10.1411
3517.89  -14.9735  10.1407
3517.98  -14.9913  10.1402
3518.08  -15.0094  10.1397
3518.18  -15.0279  10.1393
3518.28  -15.0467  10.1388
3518.38  -15.0660  10.1384
3518.48  -15.0855  10.1379
3518.58  -15.1055  10.1374
3518.68  -15.1259  10.1370
3518.78  -15.1467  10.1365
3518.88  -15.1680  10.1360
3518.98  -15.1897  10.1356
3519.08  -15.2119  10.1351
3519.18  -15.2345  10.1346
3519.28  -15.2577  10.1342
3519.38  -15.2815  10.1337
3519.48  -15.3058  10.1332
3519.58  -15.3307  10.1328
3519.68  -15.3562  10.1323
3519.78  -15.3824  10.1318
3519.88  -15.4092  10.1314
3519.98  -15.4368  10.1309
3520.08  -15.4651  10.1304
3520.18  -15.4942  10.1300
3520.28  -15.5242  10.1295
3520.38  -15.5550  10.1291
3520.48  -15.5867  10.1286
3520.58  -15.6195  10.1281
3520.68  -15.6532  10.1277
3520.78  -15.6881  10.1272
3520.88  -15.7242  10.1267
3520.98  -15.7615  10.1263
3521.08  -15.8002  10.1258
3521.18  -15.8403  10.1253
3521.28  -15.8820  10.1249
3521.38  -15.9253  10.1244
3521.48  -15.9705  10.1239
3521.58  -16.0176  10.1235
3521.68  -16.0668  10.1230
3521.78  -16.1184  10.1225
3521.88  -16.1725  10.1221
3521.98  -16.2294  10.1216
3522.08  -16.2893  10.1211
3522.18  -16.3528  10.1207
3522.28  -16.4201  10.1202
3522.38  -16.4917  10.1198
3522.48  -16.5682  10.1193
3522.58  -16.6503  10.1188
3522.68  -16.7390  10.1184
3522.78  -16.8352  10.1179
3522.88  -16.9404  10.1174
3522.98  -17.0564  10.1170
3523.08  -17.1856  10.1165
3523.18  -17.3314  10.1160
3523.28  -17.4985  10.1156
3523.38  -17.6944  10.1151
3523.48  -17.9306  10.1146
3523.58  -18.2281  10.1142
3523.68  -18.6301  10.1137
3523.78  -19.2509  10.1132
3523.88  -20.6753  10.1128
3523.98  -20.2921  13.7792
3524.08  -19.1247  13.7787
3524.18  -18.5516  13.7782
3524.28  -18.1681  13.7777
3524.39  -17.8792  13.7772
3524.49  -17.6472  13.7767
3524.59  -17.4533  13.7762
3524.69  -17.2866  13.7757
3524.79  -17.1405  13.7752
3524.89  -17.0103  13.7747
3524.99  -16.8928  13.7743
3525.09  -16.7859  13.7738
3525.19  -16.6876  13.7733
3525.29  -16.5968  13.7728
3525.39  -16.5123  13.7723
3525.49  -16.4333  13.7718
3525.59  -16.3592  13.7713
3525.69  -16.2892  13.7708
3525.79  -16.2231  13.7703
3525.89  -16.1604  13.7698
3525.99  -16.1007  13.7693
3526.09  -16.0437  13.7688
3526.19  -15.9893  13.7683
3526.29  -15.9372  13.7678
3526.39  -15.8871  13.7673
3526.49  -15.8390  13.7668
3526.59  -15.7927  13.7664
3526.69  -15.7481  13.7659
3526.79  -15.7049  13.7654
3526.89  -15.6633  13.7649
3526.99  -15.6229  13.7644
3527.09  -15.5838  13.7639
3527.19  -15.5459  13.7634
3527.29  -15.5090  13.7629
3527.39  -15.4732  13.7624
3527.49  -15.4384  13.7619
3527.59  -15.4045  13.7614
3527.69  -15.3715  13.7609
3527.79  -15.3393  13.7604
3527.9  -15.3079  13.7599
3528  -15.2772  13.7594
3528.1  -15.2473  13.7589
3528.2  -15.2180  13.7584
3528.3  -15.1894  13.7580
3528.4  -15.1613  13.7575
3528.5  -15.1339  13.7570
3528.6  -15.1070  13.7565
3528.7  -15.0807  13.7560
3528.8  -15.0549  13.7555
3528.9  -15.0296  13.7550
3529  -15.0048  13.7545
3529.1  -14.9804  13.7540
3529.2  -14.9564  13.7535
3529.3  -14.9329  13.7530
3529.4  -14.9098  13.7525
3529.5  -14.8871  13.7520
3529.6  -14.8648  13.7515
3529.7  -14.8428  13.7510
3529.8  -14.8212  13.7505
3529.9  -14.7999  13.7500
3530  -14.7789  13.7495
3530.1  -14.7583  13.7491
3530.21  -14.7380  13.7486
3530.31  -14.7180  13.7481
3530.41  -14.6982  13.7476
3530.51  -14.6788  13.7471
3530.61  -14.6596  13.7466
3530.71  -14.6407  13.7461
3530.81  -14.6220  13.7456
3530.91  -14.6036  13.7451
3531.01  -14.5854  13.7446
3531.11  -14.5675  13.7441
3531.21  -14.5498  13.7436
3531.31  -14.5323  13.7431
3531.41  -14.5151  13.7426
3531.51  -14.4980  13.7421
3531.61  -14.4812  13.7416
3531.71  -14.4645  13.7411
3531.81  -14.4481  13.7406
3531.92  -14.4318  13.7401
3532.02  -14.4157  13.7397
3532.12  -14.3998  13.7392
3532.22  -14.3841  13.7387
3532.32  -14.3686  13.7382
3532.42  -14.3532  13.7377
3532.52  -14.3380  13.7372
3532.62  -14.3229  13.7367
3532.72  -14.3080  13.7362
3532.82  -14.2933  13.7357
3532.92  -14.2787  13.7352
3533.02  -14.2642  13.7347
3533.12  -14.2499  13.7342
3533.22  -14.2357  13.7337
3533.32  -14.2217  13.7332
3533.42  -14.2078  13.7327
3533.53  -14.1940  13.7322
3533.63  -14.1804  13.7317
3533.73  -14.1669  13.7312
3533.83  -14.1535  13.7307
3533.93  -14.1402  13.7302
3534.03  -14.1271  13.7297
3534.13  -14.1141  13.7293
3534.23  -14.1011  13.7288
3534.33  -14.0883  13.7283
3534.43  -14.0756  13.7278
3534.53  -14.0630  13.7273
3534.63  -14.0506  13.7268
3534.73  -14.0382  13.7263
3534.84  -14.0259  13.7258
3534.94  -14.0137  13.7253
3535.04  -14.0017  13.7248
3535.14  -13.9897  13.7243
3535.24  -13.9778  13.7238
3535.34  -13.9660  13.7233
3535.44  -13.9543  13.7228
3535.54  -13.9427  13.7223
3535.64  -13.9311  13.7218
3535.74  -13.9197  13.7213
3535.84  -13.9083  13.7208
3535.94  -13.8971  13.7203
3536.04  -13.8859  13.7198
3536.15  -13.8748  13.7193
3536.25  -13.8638  13.7188
3536.35  -13.8528  13.7183
3536.45  -13.8419  13.7178
3536.55  -13.8311  13.7174
3536.65  -13.8204  13.7169
3536.75  -13.8098  13.7164
3536.85  -13.7992  13.7159
3536.95  -13.7887  13.7154
3537.05  -13.7783  13.7149
3537.15  -13.7679  13.7144
3537.26  -13.7576  13.7139
3537.36  -13.7474  13.7134
3537.46  -13.7372  13.7129
3537.56  -13.7271  13.7124
3537.66  -13.7171  13.7119
3537.76  -13.7071  13.7114
3537.86  -13.6972  13.7109
3537.96  -13.6874  13.7104
3538.06  -13.6776  13.7099
3538.16  -13.6679  13.7094
3538.27  -13.6582  13.7089
3538.37  -13.6486  13.7084
3538.47  -13.6391  13.7079
3538.57  -13.6296  13.7074
3538.67  -13.6201  13.7069
3538.77  -13.6108  13.7064
3538.87  -13.6014  13.7059
3538.97  -13.5922  13.7054
3539.07  -13.5829  13.7049
3539.17  -13.5738  13.7045
3539.28  -13.5647  13.7040
3539.38  -13.5556  13.7035
3539.48  -13.5466  13.7030
3539.58  -13.5376  13.7025
3539.68  -13.5287  13.7020
3539.78  -13.5198  13.7015
3539.88  -13.5110  13.7010
3539.98  -13.5022  13.7005
3540.08  -13.4935  13.7000
3540.18  -13.4848  13.6995
3540.29  -13.4762  13.6990
3540.39  -13.4676  13.6985
3791.69  -9.1634  12.4182
3791.8  -9.1669  12.4176
3791.92  -9.1704  12.4170
3792.03  -9.1739  12.4164
3792.15  -9.1775  12.4158
3792.27  -9.1811  12.4151
3792.38  -9.1848  12.4145
3792.5  -9.1885  12.4139
3792.61  -9.1922  12.4133
3792.73  -9.1960  12.4127
3792.85  -9.1998  12.4121
3792.96  -9.2037  12.4114
3793.08  -9.2076  12.4108
3793.19  -9.2116  12.4102
3793.31  -9.2156  12.4096
3793.43  -9.2197  12.4090
3793.54  -9.2238  12.4084
3793.66  -9.2280  12.4077
3793.77  -9.2322  12.4071
3793.89  -9.2365  12.4065
3794.01  -9.2409  12.4059
3794.12  -9.2453  12.4053
3794.24  -9.2497  12.4047
3794.36  -9.2542  12.4040
3794.47  -9.2588  12.4034
3794.59  -9.2634  12.4028
3794.7  -9.2681  12.4022
3794.82  -9.2728  12.4016
3794.94  -9.2777  12.4010
3795.05  -9.2825  12.4003
3795.17  -9.2875  12.3997
3795.28  -9.2925  12.3991
3795.4  -9.2976  12.3985
3795.52  -9.3027  12.3979
3795.63  -9.3080  12.3972
3795.75  -9.3133  12.3966
3795.87  -9.3186  12.3960
3795.98  -9.3241  12.3954
3796.1  -9.3296  12.3948
3796.21  -9.3353  12.3942
3796.33  -9.3410  12.3935
3796.45  -9.3467  12.3929
3796.56  -9.3526  12.3923
3796.68  -9.3586  12.3917
3796.8  -9.3646  12.3911
3796.91  -9.3708  12.3905
3797.03  -9.3770  12.3898
3797.14  -9.3834  12.3892
3797.26  -9.3898  12.3886
3797.38  -9.3964  12.3880
3797.49  -9.4030  12.3874
3797.61  -9.4098  12.3868
3797.73  -9.4167  12.3861
3797.84  -9.4237  12.3855
3797.96  -9.4308  12.3849
3798.07  -9.4380  12.3843
3798.19  -9.4454  12.3837
3798.31  -9.4529  12.3831
3798.42  -9.4605  12.3824
3798.54  -9.4683  12.3818
3798.66  -9.4762  12.3812
3798.77  -9.4843  12.3806
3798.89  -9.4925  12.3800
3799.01  -9.5009  12.3794
3799.12  -9.5094  12.3787
3799.24  -9.5181  12.3781
3799.35  -9.5270  12.3775
3799.47  -9.5360  12.3769
3799.59  -9.5453  12.3763
3799.7  -9.5547  12.3757
3799.82  -9.5643  12.3750
3799.94  -9.5742  12.3744
3800.05  -9.5842  12.3738
3800.17  -9.5945  12.3732
3800.29  -9.6051  12.3726
3800.4  -9.6158  12.3720
3800.52  -9.6268  12.3713
3800.64  -9.6381  12.3707
3800.75  -9.6497  12.3701
3800.87  -9.6615  12.3695
3800.99  -9.6736  12.3689
3801.1  -9.6861  12.3683
3801.22  -9.6989  12.3676
3801.34  -9.7120  12.3670
3801.45  -9.7255  12.3664
3801.57  -9.7394  12.3658
3801.68  -9.7537  12.3652
3801.8  -9.7684  12.3646
3801.92  -9.7835  12.3639
3802.03  -9.7992  12.3633
3802.15  -9.8153  12.3627
3802.27  -9.8320  12.3621
3802.38  -9.8492  12.3615
3802.5  -9.8670  12.3609
3802.62  -9.8855  12.3602
3802.73  -9.9046  12.3596
3802.85  -9.9245  12.3590
3802.97  -9.9452  12.3584
3803.08  -9.9668  12.3578
3803.2  -9.9892  12.3572
3803.32  -10.0127  12.3565
3803.43  -10.0372  12.3559
3803.55  -10.0630  12.3553
3803.67  -10.0900  12.3547
3803.78  -10.1184  12.3541
3803.9  -10.1485  12.3535
3804.02  -10.1803  12.3528
3804.13  -10.2140  12.3522
3804.25  -10.2500  12.3516
3804.37  -10.2885  12.3510
3804.48  -10.3299  12.3504
3804.6  -10.3746  12.3498
3804.72  -10.4232  12.3491
3804.83  -10.4764  12.3485
3804.95  -10.5351  12.3479
3805.07  -10.6007  12.3473
3805.19  -10.6748  12.3467
3805.3  -10.7599  12.3461
3805.42  -10.8599  12.3454
3805.54  -10.9809  12.3448
3805.65  -11.1339  12.3442
3805.77  -11.3421  12.3436
3805.89  -11.6680  12.3430
3806  -12.4608  12.3424
3806.12  -12.1094  14.2042
3806.24  -11.5536  14.2036
3806.35  -11.2708  14.2029
3806.47  -11.0794  14.2023
3806.59  -10.9343  14.2016
3806.7  -10.8174  14.2010
3806.82  -10.7194  14.2003
3806.94  -10.6349  14.1996
3807.05  -10.5607  14.1990
3807.17  -10.4945  14.1983
3807.29  -10.4346  14.1977
3807.41  -10.3801  14.1970
3807.52  -10.3299  14.1963
3807.64  -10.2834  14.1957
3807.76  -10.2401  14.1950
3807.87  -10.1996  14.1944
3807.99  -10.1616  14.1937
3808.11  -10.1256  14.1931
3808.22  -10.0916  14.1924
3808.34  -10.0593  14.1917
3808.46  -10.0285  14.1911
3808.57  -9.9992  14.1904
3808.69  -9.9711  14.1898
3808.81  -9.9441  14.1891
3808.93  -9.9182  14.1884
3809.04  -9.8933  14.1878
3809.16  -9.8693  14.1871
3809.28  -9.8461  14.1865
3809.39  -9.8237  14.1858
3809.51  -9.8021  14.1852
3809.63  -9.7811  14.1845
3809.75  -9.7607  14.1838
3809.86  -9.7409  14.1832
3809.98  -9.7217  14.1825
3810.1  -9.7030  14.1819
3810.21  -9.6848  14.1812
3810.33  -9.6671  14.1806
3810.45  -9.6498  14.1799
3810.56  -9.6330  14.1792
3810.68  -9.6165  14.1786
3810.8  -9.6004  14.1779
3810.92  -9.5847  14.1773
3811.03  -9.5693  14.1766
3811.15  -9.5542  14.1759
3811.27  -9.5395  14.1753
3811.38  -9.5250  14.1746
3811.5  -9.5109  14.1740
3811.62  -9.4970  14.1733
3811.74  -9.4834  14.1727
3811.85  -9.4700  14.1720
3811.97  -9.4568  14.1713
3812.09  -9.4439  14.1707
3812.21  -9.4312  14.1700
3812.32  -9.4188  14.1694
3812.44  -9.4065  14.1687
3812.56  -9.3945  14.1680
3812.67  -9.3826  14.1674
3812.79  -9.3709  14.1667
3812.91  -9.3594  14.1661
3813.03  -9.3481  14.1654
3813.14  -9.3369  14.1648
3813.26  -9.3259  14.1641
3813.38  -9.3151  14.1634
3813.49  -9.3044  14.1628
3813.61  -9.2938  14.1621
3813.73  -9.2834  14.1615
3813.85  -9.2731  14.1608
3813.96  -9.2630  14.1602
3814.08  -9.2530  14.1595
3814.2  -9.2431  14.1588
3814.32  -9.2334  14.1582
3814.43  -9.2237  14.1575
3814.55  -9.2142  14.1569
3814.67  -9.2048  14.1562
3814.79  -9.1955  14.1556
3814.9  -9.1863  14.1549
3815.02  -9.1772  14.1542
3815.14  -9.1683  14.1536
3815.26  -9.1594  14.1529
3815.37  -9.1506  14.1523
3815.49  -9.1419  14.1516
3815.61  -9.1333  14.1509
3815.72  -9.1248  14.1503
3815.84  -9.1164  14.1496
3815.96  -9.1080  14.1490
3816.08  -9.0998  14.1483
3816.19  -9.0916  14.1477
3816.31  -9.0835  14.1470
3816.43  -9.0755  14.1463
3816.55  -9.0675  14.1457
3816.66  -9.0597  14.1450
3816.78  -9.0519  14.1444
3816.9  -9.0441  14.1437
3817.02  -9.0365  14.1431
3817.13  -9.0289  14.1424
3817.25  -9.0214  14.1417
3817.37  -9.0139  14.1411
3817.49  -9.0065  14.1404
3817.6  -8.9992  14.1398
3817.72  -8.9919  14.1391
3817.84  -8.9847  14.1385
3817.96  -8.9776  14.1378
3818.07  -8.9705  14.1371
3818.19  -8.9634  14.1365
3818.31  -8.9565  14.1358
3818.43  -8.9495  14.1352
3818.55  -8.9427  14.1345
3818.66  -8.9359  14.1339
3818.78  -8.9291  14.1332
3818.9  -8.9224  14.1325
3819.02  -8.9157  14.1319
3819.13  -8.9091  14.1312
3819.25  -8.9025  14.1306
3819.37  -8.8960  14.1299
3819.49  -8.8895  14.1293
3819.6  -8.8831  14.1286
3819.72  -8.8767  14.1279
3819.84  -8.8704  14.1273
3819.96  -8.8641  14.1266
3820.07  -8.8578  14.1260
3820.19  -8.8516  14.1253
3820.31  -8.8454  14.1246
3820.43  -8.8393  14.1240
3820.55  -8.8332  14.1233
3820.66  -8.8272  14.1227
3820.78  -8.8212  14.1220
3820.9  -8.8152  14.1214
3821.02  -8.8093  14.1207
3821.13  -8.8034  14.1200
3821.25  -8.7975  14.1194
3821.37  -8.7917  14.1187
3821.49  -8.7859  14.1181
3821.61  -8.7801  14.1174
3821.72  -8.7744  14.1168
3821.84  -8.7687  14.1161
3821.96  -8.7630  14.1154
3822.08  -8.7574  14.1148
3822.19  -8.7518  14.1141
3822.31  -8.7463  14.1135
3822.43  -8.7407  14.1128
3822.55  -8.7352  14.1122
3822.67  -8.7298  14.1115
3822.78  -8.7243  14.1108
3822.9  -8.7189  14.1102
3823.02  -8.7135  14.1095
3823.14  -8.7082  14.1089
3823.26  -8.7029  14.1082
3823.37  -8.6976  14.1076
3823.49  -8.6923  14.1069
3823.61  -8.6870  14.1062
3823.73  -8.6818  14.1056
3823.84  -8.6766  14.1049
3823.96  -8.6715  14.1043
3824.08  -8.6664  14.1036
3824.2  -8.6612  14.1030
3824.32  -8.6562  14.1023
4290.12  -3.7660  11.8489
4305.01  -3.6906  11.7864
4320.01  -3.6167  11.7239
4335.12  -3.5441  11.6616
4350.33  -3.4729  11.5993
4365.65  -3.3955  11.5369
4381.07  -3.3269  11.4744
4396.61  -3.2596  11.4121
4412.25  -3.1935  11.3498
4428.01  -3.1286  11.2876
4443.88  -3.0648  11.2255
4459.87  -3.0021  11.1635
4475.97  -2.9405  11.1016
4492.19  -2.8800  11.0397
4508.52  -2.8205  10.9779
4524.98  -2.7620  10.9162
4541.55  -2.7045  10.8546
4558.25  -2.6480  10.7931
4575.07  -2.5925  10.7316
4592.01  -2.5330  10.6702
4609.08  -2.4793  10.6087
4626.28  -2.4266  10.5473
4643.61  -2.3747  10.4861
4661.07  -2.3237  10.4249
4678.65  -2.2736  10.3638
4696.38  -2.2243  10.3028
4714.23  -2.1758  10.2419
4732.23  -2.1281  10.1811
4750.36  -2.0812  10.1203
4768.63  -2.0351  10.0597
4787.04  -1.9897  9.9992
4805.59  -1.9451  9.9387
4824.29  -1.9012  9.8784
4843.14  -1.8581  9.8181
4862.13  -1.8156  9.7580
4881.27  -1.7739  9.6979
4900.57  -1.7329  9.6380
4920.01  -1.6925  9.5781
4939.62  -1.6528  9.5184
4959.37  -1.6088  9.4586
4979.29  -1.5705  9.3988
4999.37  -1.5328  9.3392
5019.61  -1.4957  9.2796
5040.01  -1.4593  9.2202
5060.59  -1.4235  9.1608
5081.33  -1.3883  9.1016
5102.24  -1.3537  9.0424
5123.32  -1.3197  8.9834
5144.58  -1.2863  8.9245
5166.01  -1.2535  8.8657
5187.63  -1.2213  8.8070
5209.43  -1.1896  8.7484
5231.41  -1.1584  8.6899
5253.57  -1.1279  8.6315
5275.93  -1.0978  8.5733
5298.48  -1.0683  8.5151
5321.22  -1.0394  8.4571
5344.15  -1.0109  8.3991
5367.29  -0.9830  8.3413
5390.62  -0.9556  8.2836
5414.16  -0.9287  8.2260
5437.91  -0.9023  8.1685
5461.87  -0.8764  8.1112
5486.03  -0.8510  8.0539
5510.42  -0.8260  7.9968
5535.02  -0.8016  7.9398
5559.84  -0.7776  7.8829
5584.88  -0.7541  7.8261
5610.15  -0.7311  7.7695
5635.65  -0.7085  7.7129
5661.39  -0.6863  7.6565
5687.36  -0.6647  7.6002
5713.56  -0.6434  7.5441
5740.02  -0.6227  7.4880
5766.71  -0.6023  7.4321
5793.66  -0.5824  7.3763
5820.86  -0.5629  7.3206
5848.32  -0.5438  7.2650
5876.04  -0.5252  7.2096
5904.02  -0.5070  7.1543
5932.27  -0.4892  7.0991
5960.79  -0.4718  7.0440
5989.58  -0.4548  6.9891
6018.66  -0.4382  6.9343
6048.02  -0.4220  6.8796
6077.66  -0.4062  6.8251
6107.6  -0.3908  6.7707
6137.84  -0.3758  6.7164
6168.38  -0.3612  6.6623
6199.22  -0.3469  6.6083
6230.37  -0.3331  6.5544
6261.84  -0.3196  6.5006
6293.62  -0.3065  6.4470
6325.73  -0.2937  6.3935
6358.17  -0.2813  6.3402
6390.95  -0.2693  6.2870
6424.06  -0.2577  6.2339
6457.52  -0.2464  6.1810
6491.33  -0.2354  6.1282
6525.49  -0.2248  6.0755
6560.02  -0.2146  6.0230
6594.91  -0.2047  5.9707
6630.18  -0.1952  5.9184
6665.82  -0.1860  5.8663
6701.86  -0.1771  5.8144
6738.28  -0.1654  5.7625
6775.1  -0.1573  5.7108
6812.33  -0.1496  5.6592
6849.96  -0.1421  5.6077
6888.02  -0.1345  5.5565
6926.5  -0.1278  5.5053
6965.41  -0.1214  5.4543
7004.77  -0.1148  5.4035
7044.57  -0.1090  5.3528
7084.82  -0.1018  5.3023
7125.54  -0.0967  5.2518
7166.73  -0.0919  5.2016
7208.39  -0.0875  5.1515
7250.55  -0.0833  5.1016
7293.2  -0.0795  5.0518
7336.35  -0.0759  5.0022
7380.02  -0.0727  4.9528
7424.21  -0.0698  4.9035
7468.94  -0.0671  4.8544
7514.2  -0.0648  4.8055
7560.02  -0.0627  4.7567
7606.4  -0.0610  4.7081
7653.35  -0.0586  4.6597
7700.89  -0.0575  4.6114
7749.02  -0.0566  4.5633
7797.76  -0.0560  4.5154
7847.11  -0.0558  4.4676
7897.09  -0.0557  4.4200
7947.71  -0.0560  4.3727
7998.99  -0.0566  4.3254
8050.93  -0.0574  4.2784
8103.55  -0.0585  4.2315
8156.86  -0.0599  4.1849
8210.88  -0.0615  4.1384
8265.62  -0.0634  4.0920
8321.1  -0.0656  4.0459
8377.32  -0.0681  4.0000
8434.31  -0.0708  3.9542
8492.08  -0.0738  3.9086
8550.64  -0.0770  3.8633
8610.02  -0.0805  3.8181
8670.23  -0.0843  3.7731
8731.29  -0.0883  3.7282
8793.22  -0.0926  3.6836
8856.02  -0.0971  3.6392
8919.74  -0.1018  3.5948
8984.37  -0.1068  3.5504
9049.95  -0.1121  3.5063
9116.5  -0.1176  3.4623
9184.03  -0.1235  3.4186
9252.56  -0.1296  3.3750
9322.13  -0.1359  3.3317
9392.75  -0.1426  3.2886
9464.45  -0.1494  3.2457
9537.26  -0.1566  3.2030
9611.19  -0.1640  3.1606
9686.28  -0.1717  3.1183
9762.55  -0.1796  3.0763
9840.03  -0.1878  3.0345
9918.75  -0.1962  2.9929
9998.74  -0.2049  2.9516
10080  -0.2138  2.9104
10162.7  -0.2230  2.8695
10246.6  -0.2324  2.8288
10332  -0.2421  2.7884
10418.9  -0.2520  2.7481
10507.1  -0.2622  2.7081
10597  -0.2726  2.6684
10688.3  -0.2832  2.6288
10781.2  -0.2912  2.5895
10875.8  -0.3024  2.5503
10972.1  -0.3139  2.5115
11070  -0.3256  2.4728
11169.8  -0.3376  2.4344
11271.3  -0.3498  2.3962
11374.7  -0.3600  2.3582
11480  -0.3728  2.3205
11587.3  -0.3858  2.2830
11696.6  -0.3991  2.2457
11808  -0.4126  2.2087
11921.6  -0.4264  2.1720
12037.3  -0.4405  2.1355
12155.3  -0.4548  2.0992
12275.7  -0.4694  2.0632
12398.4  -0.4842  2.0274
12523.7  -0.4994  1.9919
12651.5  -0.5148  1.9566
12781.9  -0.5305  1.9216
12915  -0.5465  1.8868
13051  -0.5628  1.8523
13189.8  -0.5794  1.8180
13331.6  -0.5963  1.7840
13476.6  -0.6135  1.7503
13624.7  -0.6311  1.7168
13776  -0.6490  1.6835
13930.8  -0.6673  1.6506
14089.1  -0.6860  1.6179
14251.1  -0.7050  1.5854
14416.8  -0.7244  1.5533
14586.4  -0.7421  1.5213
14760  -0.7625  1.4896
14937.9  -0.7834  1.4582
15120  -0.8048  1.4270
15306.7  -0.8246  1.3961
15498  -0.8471  1.3654
15694.2  -0.8702  1.3350
15895.4  -0.8939  1.3049
16101.9  -0.9183  1.2751
16313.7  -0.9434  1.2456
16531.2  -0.9671  1.2164
16754.6  -0.9939  1.1873
16984.2  -1.0216  1.1586
17220  -1.0503  1.1302
17462.6  -1.0801  1.1020
17712  -1.1111  1.0742
17968.7  -1.1434  1.0467
18233  -1.1772  1.0195
18505.1  -1.2127  0.9926
18785.5  -1.2500  0.9660
19074.5  -1.2895  0.9397
19372.6  -1.3314  0.9137
19680.1  -1.3761  0.8881
19997.5  -1.4241  0.8627
20325.3  -1.4760  0.8377
20664.1  -1.5324  0.8130
21014.3  -1.5944  0.7886
21376.6  -1.6633  0.7645
21751.6  -1.7407  0.7407
22140.1  -1.8290  0.7173
22542.6  -1.9319  0.6942
22960.1  -2.0547  0.6714
23393.3  -2.2064  0.6489
23843.1  -2.4031  0.6268
24310.7  -2.6786  0.6050
24796.9  -3.1252  0.5835
24801.8  -3.1312  0.5833
24806.8  -3.1374  0.5831
24811.8  -3.1436  0.5829
24816.7  -3.1498  0.5826
24821.7  -3.1561  0.5824
24826.7  -3.1624  0.5822
24831.6  -3.1688  0.5820
24836.6  -3.1752  0.5818
24841.6  -3.1817  0.5816
24846.6  -3.1882  0.5814
24851.5  -3.1948  0.5812
24856.5  -3.2015  0.5809
24861.5  -3.2082  0.5807
24866.5  -3.2149  0.5805
24871.5  -3.2218  0.5803
24876.5  -3.2286  0.5801
24881.5  -3.2356  0.5799
24886.5  -3.2426  0.5797
24891.5  -3.2496  0.5795
24896.5  -3.2568  0.5792
24901.5  -3.2640  0.5790
24906.5  -3.2712  0.5788
24911.5  -3.2785  0.5786
24916.5  -3.2859  0.5784
24921.5  -3.2934  0.5782
24926.5  -3.3009  0.5780
24931.5  -3.3085  0.5778
24936.5  -3.3162  0.5775
24941.5  -3.3239  0.5773
24946.5  -3.3317  0.5771
24951.6  -3.3396  0.5769
24956.6  -3.3476  0.5767
24961.6  -3.3556  0.5765
24966.6  -3.3638  0.5763
24971.7  -3.3720  0.5761
24976.7  -3.3803  0.5759
24981.7  -3.3887  0.5756
24986.8  -3.3971  0.5754
24991.8  -3.4057  0.5752
24996.8  -3.4143  0.5750
25001.9  -3.4231  0.5748
25006.9  -3.4319  0.5746
25012  -3.4409  0.5744
25017  -3.4499  0.5742
25022.1  -3.4590  0.5739
25027.1  -3.4683  0.5737
25032.2  -3.4776  0.5735
25037.2  -3.4870  0.5733
25042.3  -3.4966  0.5731
25047.3  -3.5063  0.5729
25052.4  -3.5160  0.5727
25057.5  -3.5259  0.5725
25062.5  -3.5360  0.5723
25067.6  -3.5461  0.5720
25072.7  -3.5564  0.5718
25077.7  -3.5668  0.5716
25082.8  -3.5773  0.5714
25087.9  -3.5880  0.5712
25093  -3.5988  0.5710
25098  -3.6097  0.5708
25103.1  -3.6208  0.5706
25108.2  -3.6320  0.5704
25113.3  -3.6434  0.5701
25118.4  -3.6550  0.5699
25123.5  -3.6667  0.5697
25128.6  -3.6785  0.5695
25133.7  -3.6906  0.5693
25138.8  -3.7028  0.5691
25143.9  -3.7152  0.5689
25149  -3.7278  0.5687
25154.1  -3.7405  0.5685
25159.2  -3.7535  0.5682
25164.3  -3.7666  0.5680
25169.4  -3.7800  0.5678
25174.5  -3.7936  0.5676
25179.6  -3.8074  0.5674
25184.7  -3.8214  0.5672
25189.8  -3.8357  0.5670
25194.9  -3.8502  0.5668
25200.1  -3.8650  0.5666
25205.2  -3.8800  0.5664
25210.3  -3.8952  0.5661
25215.4  -3.9108  0.5659
25220.6  -3.9266  0.5657
25225.7  -3.9428  0.5655
25230.8  -3.9592  0.5653
25236  -3.9760  0.5651
25241.1  -3.9931  0.5649
25246.3  -4.0105  0.5647
25251.4  -4.0283  0.5645
25256.5  -4.0465  0.5643
25261.7  -4.0650  0.5640
25266.8  -4.0839  0.5638
25272  -4.1033  0.5636
25277.1  -4.1231  0.5634
25282.3  -4.1434  0.5632
25287.4  -4.1641  0.5630
25292.6  -4.1854  0.5628
25297.8  -4.2071  0.5626
25302.9  -4.2294  0.5624
25308.1  -4.2523  0.5622
25313.3  -4.2758  0.5619
25318.4  -4.2999  0.5617
25323.6  -4.3247  0.5615
25328.8  -4.3502  0.5613
25333.9  -4.3765  0.5611
25339.1  -4.4036  0.5609
25344.3  -4.4315  0.5607
25349.5  -4.4602  0.5605
25354.7  -4.4900  0.5603
25359.9  -4.5207  0.5601
25365  -4.5526  0.5599
25370.2  -4.5856  0.5596
25375.4  -4.6198  0.5594
25380.6  -4.6554  0.5592
25385.8  -4.6924  0.5590
25391  -4.7310  0.5588
25396.2  -4.7713  0.5586
25401.4  -4.8135  0.5584
25406.6  -4.8577  0.5582
25411.8  -4.9041  0.5580
25417  -4.9529  0.5578
25422.3  -5.0045  0.5576
25427.5  -5.0592  0.5573
25432.7  -5.1172  0.5571
25437.9  -5.1791  0.5569
25443.1  -5.2455  0.5567
25448.3  -5.3169  0.5565
25453.6  -5.3941  0.5563
25458.8  -5.4784  0.5561
25464  -5.5709  0.5559
25469.3  -5.6734  0.5557
25474.5  -5.7884  0.5555
25479.7  -5.9194  0.5553
25485  -6.0712  0.5550
25490.2  -6.2519  0.5548
25495.4  -6.4748  0.5546
25500.7  -6.7656  0.5544
25505.9  -7.1843  0.5542
25511.2  -7.9397  0.5540
25516.4  -9.6304  3.6188
25521.7  -7.6487  3.6172
25526.9  -7.0362  3.6156
25532.2  -6.6615  3.6140
25537.5  -6.3904  3.6125
25542.7  -6.1777  3.6109
25548  -6.0026  3.6093
25553.2  -5.8537  3.6078
25558.5  -5.7241  3.6062
25563.8  -5.6094  3.6047
25569.1  -5.5065  3.6031
25574.3  -5.4131  3.6016
25579.6  -5.3276  3.6000
25584.9  -5.2488  3.5985
25590.2  -5.1757  3.5969
25595.4  -5.1075  3.5954
25600.7  -5.0436  3.5939
25606  -4.9835  3.5923
25611.3  -4.9268  3.5908
25616.6  -4.8730  3.5893
25621.9  -4.8219  3.5878
25627.2  -4.7732  3.5862
25632.5  -4.7268  3.5847
25637.8  -4.6823  3.5832
25643.1  -4.6397  3.5817
25648.4  -4.5988  3.5802
25653.7  -4.5595  3.5787
25659  -4.5216  3.5772
25664.3  -4.4850  3.5757
25669.6  -4.4497  3.5742
25675  -4.4156  3.5727
25680.3  -4.3825  3.5712
25685.6  -4.3505  3.5697
25690.9  -4.3194  3.5682
25696.2  -4.2893  3.5667
25701.6  -4.2599  3.5652
25706.9  -4.2314  3.5637
25712.2  -4.2037  3.5622
25717.6  -4.1766  3.5608
25722.9  -4.1503  3.5593
25728.2  -4.1246  3.5578
25733.6  -4.0995  3.5564
25738.9  -4.0750  3.5549
25744.3  -4.0511  3.5534
25749.6  -4.0277  3.5520
25755  -4.0048  3.5505
25760.3  -3.9824  3.5490
25765.7  -3.9605  3.5476
25771  -3.9390  3.5461
25776.4  -3.9180  3.5447
25781.7  -3.8973  3.5433
25787.1  -3.8771  3.5418
25792.5  -3.8572  3.5404
25797.8  -3.8377  3.5389
25803.2  -3.8186  3.5375
25808.6  -3.7998  3.5361
25813.9  -3.7814  3.5346
25819.3  -3.7632  3.5332
25824.7  -3.7454  3.5318
25830.1  -3.7279  3.5304
25835.5  -3.7106  3.5289
25840.8  -3.6936  3.5275
25846.2  -3.6769  3.5261
25851.6  -3.6605  3.5247
25857  -3.6443  3.5233
25862.4  -3.6284  3.5219
25867.8  -3.6127  3.5205
25873.2  -3.5972  3.5191
25878.6  -3.5819  3.5177
25884  -3.5669  3.5163
25889.4  -3.5521  3.5149
25894.8  -3.5375  3.5135
25900.2  -3.5230  3.5121
25905.6  -3.5088  3.5107
25911  -3.4948  3.5094
25916.5  -3.4809  3.5080
25921.9  -3.4673  3.5066
25927.3  -3.4538  3.5052
25932.7  -3.4404  3.5038
25938.1  -3.4273  3.5025
25943.6  -3.4143  3.5011
25949  -3.4014  3.4997
25954.4  -3.3887  3.4984
25959.9  -3.3762  3.4970
25965.3  -3.3638  3.4957
25970.7  -3.3516  3.4943
25976.2  -3.3395  3.4930
25981.6  -3.3275  3.4916
25987.1  -3.3156  3.4903
25992.5  -3.3039  3.4889
25998  -3.2924  3.4876
26003.4  -3.2809  3.4862
26008.9  -3.2696  3.4849
26014.3  -3.2584  3.4836
26019.8  -3.2473  3.4822
26025.3  -3.2363  3.4809
26030.7  -3.2255  3.4796
26036.2  -3.2147  3.4783
26041.7  -3.2041  3.4769
26047.1  -3.1935  3.4756
26052.6  -3.1831  3.4743
26058.1  -3.1728  3.4730
26063.6  -3.1625  3.4717
26069  -3.1524  3.4704
26074.5  -3.1423  3.4691
26080  -3.1324  3.4678
26085.5  -3.1226  3.4665
26091  -3.1128  3.4652
26096.5  -3.1031  3.4639
26102  -3.0935  3.4626
26107.5  -3.0840  3.4613
26113  -3.0746  3.4600
26118.5  -3.0653  3.4587
26124  -3.0561  3.4574
26129.5  -3.0469  3.4562
26135  -3.0378  3.4549
26140.5  -3.0288  3.4536
26146  -3.0199  3.4523
26151.5  -3.0110  3.4511
26157  -3.0022  3.4498
26162.6  -2.9935  3.4485
26168.1  -2.9849  3.4473
26173.6  -2.9763  3.4460
26179.1  -2.9678  3.4448
26184.7  -2.9594  3.4435
26190.2  -2.9510  3.4423
26195.7  -2.9427  3.4410
26201.3  -2.9344  3.4398
26206.8  -2.9263  3.4385
26212.3  -2.9182  3.4373
26217.9  -2.9101  3.4360
26223.4  -2.9021  3.4348
26229  -2.8942  3.4336
26234.5  -2.8863  3.4323
26240.1  -2.8785  3.4311
26245.6  -2.8708  3.4299
26251.2  -2.8631  3.4286
26256.7  -2.8554  3.4274
26262.3  -2.8479  3.4262
26267.9  -2.8403  3.4250
26379.6  -2.7001  3.4012
26953.1  -2.1526  3.2907
27552.1  -1.7874  3.1756
28178.3  -1.5102  3.0617
28833.6  -1.2881  2.9490
29520.1  -1.1043  2.8375
30240.1  -0.9489  2.7274
30996.1  -0.8156  2.6185
31790.9  -0.7003  2.5110
32627.5  -0.5999  2.4048
33509.3  -0.5098  2.2999
34440.1  -0.4333  2.1961
35424.1  -0.3665  2.0938
36466  -0.3083  1.9933
37571  -0.2578  1.8944
38745.1  -0.2143  1.7972
39994.9  -0.1771  1.7019
41328.1  -0.1457  1.6083
42753.2  -0.1197  1.5166
44280.1  -0.0986  1.4268
45920.1  -0.0821  1.3389
47686.3  -0.0698  1.2531
49593.7  -0.0616  1.1693
51660.1  -0.0542  1.0874
53906.2  -0.0537  1.0074
56356.5  -0.0565  0.9299
59040.2  -0.0623  0.8548
61992.2  -0.0710  0.7823
65254.9  -0.0823  0.7124
68880.2  -0.0960  0.6451
72932  -0.1120  0.5806
77490.2  -0.1299  0.5190
82656.2  -0.1499  0.4599
88560.2  -0.1718  0.4037
95372.6  -0.1951  0.3510
103320  -0.2196  0.3017
112713  -0.2449  0.2559
123984  -0.2707  0.2135
