4290.12 -0.4280 1.7921
4305.01 -0.4330 1.7814
4320.01 -0.4380 1.7707
4335.12 -0.4430 1.7600
4350.33 -0.4481 1.7494
4365.65 -0.4532 1.7387
4381.07 -0.4583 1.7281
4396.61 -0.4635 1.7176
4412.25 -0.4687 1.7070
4428.01 -0.4739 1.6965
4443.88 -0.4792 1.6860
4459.87 -0.4845 1.6755
4475.97 -0.4898 1.6651
4492.19 -0.4952 1.6547
4508.52 -0.5006 1.6443
4524.98 -0.5060 1.6339
4541.55 -0.5114 1.6236
4558.25 -0.5169 1.6132
4575.07 -0.5225 1.6029
4592.01 -0.5280 1.5927
4609.08 -0.5336 1.5824
4626.28 -0.5393 1.5722
4643.61 -0.5449 1.5620
4661.07 -0.5507 1.5518
4678.65 -0.5564 1.5417
4696.38 -0.5622 1.5316
4714.23 -0.5680 1.5215
4732.23 -0.5739 1.5114
4750.36 -0.5765 1.5014
4768.63 -0.5826 1.4914
4787.04 -0.5886 1.4813
4805.59 -0.5946 1.4713
4824.29 -0.6007 1.4614
4843.14 -0.6069 1.4514
4862.13 -0.6131 1.4415
4881.27 -0.6193 1.4316
4900.57 -0.6256 1.4218
4920.01 -0.6319 1.4119
4939.62 -0.6383 1.4021
4959.37 -0.6447 1.3924
4979.29 -0.6511 1.3826
4999.37 -0.6577 1.3729
5019.61 -0.6642 1.3632
5040.01 -0.6708 1.3535
5060.59 -0.6775 1.3439
5081.33 -0.6842 1.3343
5102.24 -0.6910 1.3247
5123.32 -0.6978 1.3151
5144.58 -0.7047 1.3056
5166.01 -0.7116 1.2961
5187.63 -0.7186 1.2866
5209.43 -0.7256 1.2771
5231.41 -0.7328 1.2677
5253.57 -0.7399 1.2583
5275.93 -0.7472 1.2490
5298.48 -0.7544 1.2396
5321.22 -0.7618 1.2303
5344.15 -0.7692 1.2210
5367.29 -0.7767 1.2118
5390.62 -0.7843 1.2026
5414.16 -0.7919 1.1934
5437.91 -0.7996 1.1842
5461.87 -0.8074 1.1750
5486.03 -0.8153 1.1659
5510.42 -0.8232 1.1569
5535.02 -0.8312 1.1478
5559.84 -0.8393 1.1388
5584.88 -0.8475 1.1298
5610.15 -0.8558 1.1208
5635.65 -0.8641 1.1119
5661.39 -0.8726 1.1030
5687.36 -0.8811 1.0941
5713.56 -0.8898 1.0852
5740.02 -0.8985 1.0764
5766.71 -0.9073 1.0676
5793.66 -0.9163 1.0588
5820.86 -0.9253 1.0501
5848.32 -0.9345 1.0414
5876.04 -0.9438 1.0327
5904.02 -0.9532 1.0241
5932.27 -0.9627 1.0154
5960.79 -0.9724 1.0069
5989.58 -0.9821 0.9983
6018.66 -0.9920 0.9898
6048.02 -1.0021 0.9813
6077.66 -1.0123 0.9728
6107.6 -1.0226 0.9643
6137.84 -1.0331 0.9559
6168.38 -1.0438 0.9475
6199.22 -1.0546 0.9392
6230.37 -1.0656 0.9309
6261.84 -1.0768 0.9226
6293.62 -1.0881 0.9143
6325.73 -1.0997 0.9061
6358.17 -1.1114 0.8979
6390.95 -1.1234 0.8897
6424.06 -1.1356 0.8816
6457.52 -1.1480 0.8735
6491.33 -1.1606 0.8654
6525.49 -1.1735 0.8573
6560.02 -1.1867 0.8493
6594.91 -1.2001 0.8413
6630.18 -1.2138 0.8334
6665.82 -1.2278 0.8254
6701.86 -1.2421 0.8175
6738.28 -1.2568 0.8097
6775.1 -1.2718 0.8018
6812.33 -1.2871 0.7940
6849.96 -1.3028 0.7863
6888.02 -1.3190 0.7785
6926.5 -1.3355 0.7708
6965.41 -1.3525 0.7631
7004.77 -1.3700 0.7555
7044.57 -1.3879 0.7479
7084.82 -1.4064 0.7403
7125.54 -1.4255 0.7327
7166.73 -1.4452 0.7252
7208.39 -1.4655 0.7177
7250.55 -1.4865 0.7103
7293.2 -1.5082 0.7029
7336.35 -1.5307 0.6955
7380.02 -1.5541 0.6881
7424.21 -1.5783 0.6808
7468.94 -1.6035 0.6735
7514.2 -1.6298 0.6662
7560.02 -1.6573 0.6590
7606.4 -1.6859 0.6518
7653.35 -1.7160 0.6446
7700.89 -1.7475 0.6375
7749.02 -1.7807 0.6304
7797.76 -1.8156 0.6233
7847.11 -1.8526 0.6163
7897.09 -1.8918 0.6093
7947.71 -1.9335 0.6023
7998.99 -1.9779 0.5954
8050.93 -2.0255 0.5885
8103.55 -2.0768 0.5816
8156.86 -2.1321 0.5748
8210.88 -2.1923 0.5680
8265.62 -2.2581 0.5612
8321.1 -2.3305 0.5545
8377.32 -2.4110 0.5478
8434.31 -2.5014 0.5411
8492.08 -2.6041 0.5345
8550.64 -2.7226 0.5279
8610.02 -2.8621 0.5213
8670.23 -3.0307 0.5148
8731.29 -3.2423 0.5083
8793.22 -3.5232 0.5018
8856.02 -3.9344 0.4954
8888.4 -4.2442 0.4921
8889.04 -4.2514 0.4920
8889.68 -4.2587 0.4920
8890.32 -4.2660 0.4919
8890.95 -4.2734 0.4919
8891.59 -4.2808 0.4918
8892.23 -4.2883 0.4917
8892.87 -4.2958 0.4917
8893.5 -4.3034 0.4916
8894.14 -4.3111 0.4915
8894.78 -4.3188 0.4915
8895.42 -4.3266 0.4914
8896.06 -4.3344 0.4913
8896.7 -4.3423 0.4913
8897.33 -4.3503 0.4912
8897.97 -4.3583 0.4912
8898.61 -4.3664 0.4911
8899.25 -4.3746 0.4910
8899.89 -4.3828 0.4910
8900.53 -4.3912 0.4909
8901.17 -4.3995 0.4908
8901.81 -4.4080 0.4908
8902.44 -4.4165 0.4907
8903.08 -4.4251 0.4906
8903.72 -4.4338 0.4906
8904.36 -4.4426 0.4905
8905 -4.4514 0.4904
8905.64 -4.4603 0.4904
8906.28 -4.4693 0.4903
8906.92 -4.4784 0.4902
8907.56 -4.4876 0.4902
8908.2 -4.4968 0.4901
8908.84 -4.5062 0.4901
8909.48 -4.5156 0.4900
8910.12 -4.5251 0.4899
8910.76 -4.5347 0.4899
8911.4 -4.5444 0.4898
8912.04 -4.5543 0.4897
8912.68 -4.5642 0.4897
8913.32 -4.5742 0.4896
8913.97 -4.5843 0.4895
8914.61 -4.5945 0.4895
8915.25 -4.6048 0.4894
8915.89 -4.6152 0.4893
8916.53 -4.6258 0.4893
8917.17 -4.6364 0.4892
8917.81 -4.6472 0.4891
8918.45 -4.6581 0.4891
8919.1 -4.6691 0.4890
8919.74 -4.6802 0.4890
8920.38 -4.6914 0.4889
8921.02 -4.7028 0.4888
8921.66 -4.7143 0.4888
8922.3 -4.7260 0.4887
8922.95 -4.7378 0.4886
8923.59 -4.7497 0.4886
8924.23 -4.7618 0.4885
8924.87 -4.7740 0.4884
8925.52 -4.7863 0.4884
8926.16 -4.7989 0.4883
8926.8 -4.8115 0.4882
8927.44 -4.8244 0.4882
8928.09 -4.8374 0.4881
8928.73 -4.8506 0.4880
8929.37 -4.8639 0.4880
8930.02 -4.8775 0.4879
8930.66 -4.8912 0.4879
8931.3 -4.9051 0.4878
8931.95 -4.9192 0.4877
8932.59 -4.9335 0.4877
8933.23 -4.9480 0.4876
8933.88 -4.9627 0.4875
8934.52 -4.9776 0.4875
8935.16 -4.9928 0.4874
8935.81 -5.0082 0.4873
8936.45 -5.0238 0.4873
8937.1 -5.0397 0.4872
8937.74 -5.0558 0.4871
8938.39 -5.0722 0.4871
8939.03 -5.0888 0.4870
8939.67 -5.1057 0.4869
8940.32 -5.1229 0.4869
8940.96 -5.1404 0.4868
8941.61 -5.1582 0.4868
8942.25 -5.1764 0.4867
8942.9 -5.1948 0.4866
8943.54 -5.2136 0.4866
8944.19 -5.2327 0.4865
8944.83 -5.2522 0.4864
8945.48 -5.2721 0.4864
8946.12 -5.2924 0.4863
8946.77 -5.3131 0.4862
8947.42 -5.3342 0.4862
8948.06 -5.3557 0.4861
8948.71 -5.3777 0.4860
8949.35 -5.4002 0.4860
8950 -5.4232 0.4859
8950.65 -5.4467 0.4859
8951.29 -5.4708 0.4858
8951.94 -5.4954 0.4857
8952.58 -5.5206 0.4857
8953.23 -5.5465 0.4856
8953.88 -5.5730 0.4855
8954.52 -5.6002 0.4855
8955.17 -5.6282 0.4854
8955.82 -5.6569 0.4853
8956.46 -5.6864 0.4853
8957.11 -5.7168 0.4852
8957.76 -5.7481 0.4851
8958.41 -5.7803 0.4851
8959.05 -5.8136 0.4850
8959.7 -5.8480 0.4849
8960.35 -5.8836 0.4849
8961 -5.9204 0.4848
8961.64 -5.9585 0.4848
8962.29 -5.9981 0.4847
8962.94 -6.0392 0.4846
8963.59 -6.0819 0.4846
8964.24 -6.1265 0.4845
8964.88 -6.1731 0.4844
8965.53 -6.2218 0.4844
8966.18 -6.2729 0.4843
8966.83 -6.3265 0.4842
8967.48 -6.3830 0.4842
8968.13 -6.4427 0.4841
8968.77 -6.5060 0.4840
8969.42 -6.5732 0.4840
8970.07 -6.6450 0.4839
8970.72 -6.7219 0.4839
8971.37 -6.8049 0.4838
8972.02 -6.8948 0.4837
8972.67 -6.9931 0.4837
8973.32 -7.1012 0.4836
8973.97 -7.2215 0.4835
8974.62 -7.3570 0.4835
8975.27 -7.5121 0.4834
8975.92 -7.6934 0.4833
8976.57 -7.9115 0.4833
8977.22 -8.1852 0.4832
8977.87 -8.5527 0.4831
8978.52 -9.1138 0.4831
8979.17 -10.3439 0.4830
8979.82 -10.2487 3.9025
8980.47 -9.0877 3.9019
8981.12 -8.5379 3.9013
8981.77 -8.1737 3.9008
8982.42 -7.9009 3.9002
8983.07 -7.6825 3.8997
8983.72 -7.5005 3.8991
8984.37 -7.3443 3.8985
8985.02 -7.2076 3.8980
8985.68 -7.0859 3.8974
8986.33 -6.9763 3.8968
8986.98 -6.8767 3.8963
8987.63 -6.7852 3.8957
8988.28 -6.7007 3.8951
8988.93 -6.6222 3.8946
8989.58 -6.5489 3.8940
8990.24 -6.4801 3.8935
8990.89 -6.4154 3.8929
8991.54 -6.3541 3.8923
8992.19 -6.2961 3.8918
8992.84 -6.2409 3.8912
8993.5 -6.1884 3.8906
8994.15 -6.1381 3.8901
8994.8 -6.0901 3.8895
8995.45 -6.0440 3.8889
8996.11 -5.9997 3.8884
8996.76 -5.9572 3.8878
8997.41 -5.9161 3.8873
8998.07 -5.8765 3.8867
8998.72 -5.8383 3.8861
8999.37 -5.8013 3.8856
9000.02 -5.7655 3.8850
9000.68 -5.7308 3.8845
9001.33 -5.6971 3.8839
9001.99 -5.6644 3.8833
9002.64 -5.6326 3.8828
9003.29 -5.6017 3.8822
9003.95 -5.5716 3.8816
9004.6 -5.5423 3.8811
9005.25 -5.5137 3.8805
9005.91 -5.4858 3.8800
9006.56 -5.4586 3.8794
9007.22 -5.4320 3.8788
9007.87 -5.4060 3.8783
9008.53 -5.3806 3.8777
9009.18 -5.3558 3.8772
9009.84 -5.3315 3.8766
9010.49 -5.3077 3.8760
9011.15 -5.2843 3.8755
9011.8 -5.2615 3.8749
9012.46 -5.2391 3.8744
9013.11 -5.2171 3.8738
9013.77 -5.1955 3.8732
9014.42 -5.1744 3.8727
9015.08 -5.1536 3.8721
9015.73 -5.1332 3.8716
9016.39 -5.1131 3.8710
9017.04 -5.0934 3.8704
9017.7 -5.0740 3.8699
9018.35 -5.0549 3.8693
9019.01 -5.0362 3.8688
9019.67 -5.0177 3.8682
9020.32 -4.9996 3.8676
9020.98 -4.9817 3.8671
9021.64 -4.9641 3.8665
9022.29 -4.9467 3.8660
9022.95 -4.9296 3.8654
9023.61 -4.9128 3.8648
9024.26 -4.8962 3.8643
9024.92 -4.8798 3.8637
9025.58 -4.8637 3.8632
9026.23 -4.8478 3.8626
9026.89 -4.8321 3.8621
9027.55 -4.8166 3.8615
9028.21 -4.8013 3.8609
9028.86 -4.7862 3.8604
9029.52 -4.7713 3.8598
9030.18 -4.7566 3.8593
9030.84 -4.7421 3.8587
9031.49 -4.7277 3.8582
9032.15 -4.7135 3.8576
9032.81 -4.6995 3.8570
9033.47 -4.6857 3.8565
9034.13 -4.6720 3.8559
9034.78 -4.6585 3.8554
9035.44 -4.6451 3.8548
9036.1 -4.6319 3.8543
9036.76 -4.6189 3.8537
9037.42 -4.6059 3.8531
9038.08 -4.5932 3.8526
9038.74 -4.5805 3.8520
9039.4 -4.5680 3.8515
9040.05 -4.5556 3.8509
9040.71 -4.5434 3.8504
9041.37 -4.5313 3.8498
9042.03 -4.5193 3.8492
9042.69 -4.5074 3.8487
9043.35 -4.4956 3.8481
9044.01 -4.4840 3.8476
9044.67 -4.4725 3.8470
9045.33 -4.4611 3.8465
9045.99 -4.4497 3.8459
9046.65 -4.4385 3.8454
9047.31 -4.4275 3.8448
9047.97 -4.4165 3.8442
9048.63 -4.4056 3.8437
9049.29 -4.3948 3.8431
9049.95 -4.3841 3.8426
9050.61 -4.3735 3.8420
9051.27 -4.3630 3.8415
9051.93 -4.3526 3.8409
9052.6 -4.3423 3.8404
9053.26 -4.3320 3.8398
9053.92 -4.3219 3.8393
9054.58 -4.3118 3.8387
9055.24 -4.3019 3.8381
9055.9 -4.2920 3.8376
9056.56 -4.2822 3.8370
9057.22 -4.2724 3.8365
9057.89 -4.2628 3.8359
9058.55 -4.2532 3.8354
9059.21 -4.2437 3.8348
9059.87 -4.2343 3.8343
9060.53 -4.2249 3.8337
9061.2 -4.2157 3.8332
9061.86 -4.2065 3.8326
9062.52 -4.1973 3.8321
9063.18 -4.1883 3.8315
9063.85 -4.1793 3.8310
9064.51 -4.1703 3.8304
9065.17 -4.1615 3.8298
9065.83 -4.1527 3.8293
9066.5 -4.1440 3.8287
9067.16 -4.1353 3.8282
9067.82 -4.1267 3.8276
9068.49 -4.1181 3.8271
9069.15 -4.1097 3.8265
9069.81 -4.1012 3.8260
9116.5 -3.6225 3.7876
9184.03 -3.1571 3.7334
9252.56 -2.8193 3.6802
9322.13 -2.5535 3.6279
9392.75 -2.3344 3.5764
9464.45 -2.1913 3.5307
9537.26 -2.0280 3.4885
9611.19 -1.8827 3.4465
9686.28 -1.7519 3.4046
9762.55 -1.6330 3.3627
9840.03 -1.5241 3.3210
9918.75 -1.4236 3.2795
9998.74 -1.3304 3.2380
10080 -1.2435 3.1967
10162.7 -1.1623 3.1555
10246.6 -1.0862 3.1144
10332 -1.0145 3.0735
10418.9 -0.9469 3.0326
10507.1 -0.8830 2.9919
10597 -0.8225 2.9514
10688.3 -0.7651 2.9110
10781.2 -0.7106 2.8707
10875.8 -0.6587 2.8306
10972.1 -0.6093 2.7906
11070 -0.5623 2.7507
11169.8 -0.5174 2.7110
11271.3 -0.4745 2.6715
11374.7 -0.4336 2.6320
11480 -0.3945 2.5928
11587.3 -0.3571 2.5537
11696.6 -0.3164 2.5146
11808 -0.2823 2.4754
11921.6 -0.2498 2.4363
12037.3 -0.2187 2.3974
12155.3 -0.1889 2.3588
12275.7 -0.1605 2.3203
12398.4 -0.1333 2.2820
12523.7 -0.1074 2.2439
12651.5 -0.0826 2.2060
12781.9 -0.0589 2.1684
12915 -0.0363 2.1309
13051 -0.0148 2.0936
13189.8 0.0058 2.0566
13331.6 0.0254 2.0197
13476.6 0.0441 1.9831
13624.7 0.0618 1.9467
13776 0.0787 1.9105
13930.8 0.0947 1.8745
14089.1 0.1099 1.8388
14251.1 0.1243 1.8032
14416.8 0.1379 1.7679
14586.4 0.1508 1.7329
14760 0.1629 1.6980
14937.9 0.1743 1.6634
15120 0.1851 1.6290
15306.7 0.1951 1.5949
15498 0.2045 1.5610
15694.2 0.2132 1.5274
15895.4 0.2213 1.4940
16101.9 0.2287 1.4609
16313.7 0.2356 1.4280
16531.2 0.2419 1.3953
16754.6 0.2476 1.3630
16984.2 0.2528 1.3309
17220 0.2574 1.2990
17462.6 0.2614 1.2674
17712 0.2651 1.2361
17968.7 0.2706 1.2051
18233 0.2730 1.1742
18505.1 0.2749 1.1435
18785.5 0.2763 1.1132
19074.5 0.2772 1.0832
19372.6 0.2776 1.0535
19680.1 0.2776 1.0241
19997.5 0.2772 0.9950
20325.3 0.2763 0.9663
20664.1 0.2750 0.9378
21014.3 0.2733 0.9097
21376.6 0.2712 0.8819
21751.6 0.2687 0.8545
22140.1 0.2658 0.8274
22542.6 0.2626 0.8006
22960.1 0.2590 0.7742
23393.3 0.2552 0.7482
23843.1 0.2508 0.7224
24310.7 0.2462 0.6971
24796.9 0.2412 0.6721
25302.9 0.2359 0.6474
25830.1 0.2303 0.6232
26379.6 0.2244 0.5993
26953.1 0.2183 0.5757
27552.1 0.2118 0.5524
28178.3 0.2050 0.5296
28833.6 0.1980 0.5072
29520.1 0.1908 0.4852
30240.1 0.1832 0.4636
30996.1 0.1755 0.4424
31790.9 0.1675 0.4216
32627.5 0.1593 0.4013
33509.3 0.1509 0.3814
34440.1 0.1423 0.3619
35424.1 0.1336 0.3429
36466 0.1247 0.3244
37571 0.1156 0.3062
38745.1 0.1064 0.2886
39994.9 0.0994 0.2712
41328.1 0.0898 0.2543
42753.2 0.0800 0.2379
44280.1 0.0701 0.2220
45920.1 0.0602 0.2066
47686.3 0.0503 0.1918
49593.7 0.0403 0.1774
51660.1 0.0303 0.1636
53906.2 0.0203 0.1503
56356.5 0.0103 0.1376
59040.2 0.0004 0.1254
61992.2 -0.0094 0.1137
65254.9 -0.0192 0.1026
68880.2 -0.0288 0.0920
72932 -0.0383 0.0820
77490.2 -0.0477 0.0725
82656.2 -0.0569 0.0636
88560.2 -0.0658 0.0553
95372.6 -0.0746 0.0475
103320 -0.0830 0.0403
112713 -0.0912 0.0337
123984 -0.0990 0.0277
