4290.12  0.0278  0.0155
4305.01  0.0277  0.0154
4320.01  0.0275  0.0153
4335.12  0.0273  0.0152
4350.33  0.0272  0.0151
4365.65  0.0270  0.0150
4381.07  0.0268  0.0149
4396.61  0.0267  0.0147
4412.25  0.0265  0.0146
4428.01  0.0263  0.0145
4443.88  0.0262  0.0144
4459.87  0.0260  0.0143
4475.97  0.0258  0.0142
4492.19  0.0257  0.0141
4508.52  0.0255  0.0140
4524.98  0.0253  0.0139
4541.55  0.0252  0.0137
4558.25  0.0250  0.0136
4575.07  0.0248  0.0135
4592.01  0.0247  0.0134
4609.08  0.0245  0.0133
4626.28  0.0244  0.0132
4643.61  0.0242  0.0131
4661.07  0.0240  0.0130
4678.65  0.0239  0.0129
4696.38  0.0237  0.0128
4714.23  0.0235  0.0127
4732.23  0.0234  0.0126
4750.36  0.0232  0.0125
4768.63  0.0231  0.0124
4787.04  0.0229  0.0123
4805.59  0.0227  0.0122
4824.29  0.0226  0.0121
4843.14  0.0224  0.0120
4862.13  0.0223  0.0119
4881.27  0.0221  0.0118
4900.57  0.0219  0.0117
4920.01  0.0218  0.0116
4939.62  0.0216  0.0115
4959.37  0.0215  0.0114
4979.29  0.0213  0.0113
4999.37  0.0212  0.0112
5019.61  0.0210  0.0111
5040.01  0.0208  0.0110
5060.59  0.0207  0.0109
5081.33  0.0205  0.0108
5102.24  0.0204  0.0107
5123.32  0.0202  0.0106
5144.58  0.0201  0.0105
5166.01  0.0199  0.0104
5187.63  0.0198  0.0103
5209.43  0.0196  0.0102
5231.41  0.0195  0.0101
5253.57  0.0193  0.0100
5275.93  0.0192  0.0099
5298.48  0.0190  0.0098
5321.22  0.0189  0.0097
5344.15  0.0187  0.0097
5367.29  0.0186  0.0096
5390.62  0.0184  0.0095
5414.16  0.0183  0.0094
5437.91  0.0181  0.0093
5461.87  0.0180  0.0092
5486.03  0.0178  0.0091
5510.42  0.0177  0.0090
5535.02  0.0175  0.0089
5559.84  0.0174  0.0089
5584.88  0.0172  0.0088
5610.15  0.0171  0.0087
5635.65  0.0169  0.0086
5661.39  0.0168  0.0085
5687.36  0.0166  0.0084
5713.56  0.0165  0.0083
5740.02  0.0163  0.0083
5766.71  0.0162  0.0082
5793.66  0.0161  0.0081
5820.86  0.0159  0.0080
5848.32  0.0158  0.0079
5876.04  0.0156  0.0079
5904.02  0.0155  0.0078
5932.27  0.0153  0.0077
5960.79  0.0152  0.0076
5989.58  0.0151  0.0075
6018.66  0.0149  0.0075
6048.02  0.0148  0.0074
6077.66  0.0146  0.0073
6107.6  0.0145  0.0072
6137.84  0.0144  0.0071
6168.38  0.0142  0.0071
6199.22  0.0141  0.0070
6230.37  0.0140  0.0069
6261.84  0.0138  0.0068
6293.62  0.0137  0.0068
6325.73  0.0136  0.0067
6358.17  0.0134  0.0066
6390.95  0.0133  0.0065
6424.06  0.0131  0.0065
6457.52  0.0130  0.0064
6491.33  0.0129  0.0063
6525.49  0.0127  0.0062
6560.02  0.0126  0.0062
6594.91  0.0125  0.0061
6630.18  0.0123  0.0060
6665.82  0.0122  0.0060
6701.86  0.0121  0.0059
6738.28  0.0119  0.0058
6775.1  0.0118  0.0057
6812.33  0.0117  0.0057
6849.96  0.0116  0.0056
6888.02  0.0114  0.0055
6926.5  0.0113  0.0055
6965.41  0.0112  0.0054
7004.77  0.0110  0.0053
7044.57  0.0109  0.0053
7084.82  0.0108  0.0052
7125.54  0.0107  0.0051
7166.73  0.0105  0.0051
7208.39  0.0104  0.0050
7250.55  0.0103  0.0049
7293.2  0.0102  0.0049
7336.35  0.0100  0.0048
7380.02  0.0099  0.0048
7424.21  0.0098  0.0047
7468.94  0.0097  0.0046
7514.2  0.0095  0.0046
7560.02  0.0094  0.0045
7606.4  0.0093  0.0044
7653.35  0.0092  0.0044
7700.89  0.0091  0.0043
7749.02  0.0089  0.0043
7797.76  0.0088  0.0042
7847.11  0.0087  0.0042
7897.09  0.0086  0.0041
7947.71  0.0085  0.0040
7998.99  0.0084  0.0040
8050.93  0.0082  0.0039
8103.55  0.0081  0.0039
8156.86  0.0080  0.0038
8210.88  0.0079  0.0038
8265.62  0.0078  0.0037
8321.1  0.0077  0.0036
8377.32  0.0075  0.0036
8434.31  0.0074  0.0035
8492.08  0.0073  0.0035
8550.64  0.0072  0.0034
8610.02  0.0071  0.0034
8670.23  0.0070  0.0033
8731.29  0.0069  0.0033
8793.22  0.0068  0.0032
8856.02  0.0067  0.0032
8919.74  0.0066  0.0031
8984.37  0.0064  0.0031
9049.95  0.0063  0.0030
9116.5  0.0062  0.0030
9184.03  0.0061  0.0029
9252.56  0.0060  0.0029
9322.13  0.0059  0.0028
9392.75  0.0058  0.0028
9464.45  0.0057  0.0027
9537.26  0.0056  0.0027
9611.19  0.0055  0.0026
9686.28  0.0054  0.0026
9762.55  0.0053  0.0025
9840.03  0.0052  0.0025
9918.75  0.0051  0.0025
9998.74  0.0050  0.0024
10080  0.0049  0.0024
10162.7  0.0048  0.0023
10246.6  0.0047  0.0023
10332  0.0046  0.0022
10418.9  0.0045  0.0022
10507.1  0.0044  0.0022
10597  0.0043  0.0021
10688.3  0.0042  0.0021
10781.2  0.0041  0.0020
10875.8  0.0040  0.0020
10972.1  0.0039  0.0020
11070  0.0038  0.0019
11169.8  0.0037  0.0019
11271.3  0.0036  0.0018
11374.7  0.0036  0.0018
11480  0.0035  0.0018
11587.3  0.0034  0.0017
11696.6  0.0033  0.0017
11808  0.0032  0.0017
11921.6  0.0031  0.0016
12037.3  0.0030  0.0016
12155.3  0.0029  0.0015
12275.7  0.0028  0.0015
12398.4  0.0028  0.0015
12523.7  0.0027  0.0014
12651.5  0.0026  0.0014
12781.9  0.0025  0.0014
12915  0.0024  0.0013
13051  0.0023  0.0013
13189.8  0.0023  0.0013
13331.6  0.0022  0.0013
13476.6  0.0021  0.0012
13624.7  0.0020  0.0012
13776  0.0019  0.0012
13930.8  0.0019  0.0011
14089.1  0.0018  0.0011
14251.1  0.0017  0.0011
14416.8  0.0016  0.0011
14586.4  0.0015  0.0010
14760  0.0015  0.0010
14937.9  0.0014  0.0010
15120  0.0013  0.0009
15306.7  0.0012  0.0009
15498  0.0012  0.0009
15694.2  0.0011  0.0009
15895.4  0.0010  0.0008
16101.9  0.0010  0.0008
16313.7  0.0009  0.0008
16531.2  0.0008  0.0008
16754.6  0.0008  0.0007
16984.2  0.0007  0.0007
17220  0.0006  0.0007
17462.6  0.0006  0.0007
17712  0.0005  0.0007
17968.7  0.0004  0.0006
18233  0.0004  0.0006
18505.1  0.0003  0.0006
18785.5  0.0002  0.0006
19074.5  0.0002  0.0006
19372.6  0.0001  0.0005
19680.1  0.0001  0.0005
19997.5  0.0000  0.0005
20325.3  -0.0001  0.0005
20664.1  -0.0001  0.0005
21014.3  -0.0002  0.0004
21376.6  -0.0002  0.0004
21751.6  -0.0003  0.0004
22140.1  -0.0003  0.0004
22542.6  -0.0004  0.0004
22960.1  -0.0005  0.0004
23393.3  -0.0005  0.0003
23843.1  -0.0006  0.0003
24310.7  -0.0006  0.0003
24796.9  -0.0007  0.0003
25302.9  -0.0007  0.0003
25830.1  -0.0008  0.0003
26379.6  -0.0008  0.0003
26953.1  -0.0009  0.0002
27552.1  -0.0009  0.0002
28178.3  -0.0009  0.0002
28833.6  -0.0010  0.0002
29520.1  -0.0010  0.0002
30240.1  -0.0011  0.0002
30996.1  -0.0011  0.0002
31790.9  -0.0012  0.0002
32627.5  -0.0012  0.0002
33509.3  -0.0012  0.0001
34440.1  -0.0013  0.0001
35424.1  -0.0013  0.0001
36466  -0.0014  0.0001
37571  -0.0014  0.0001
38745.1  -0.0014  0.0001
39994.9  -0.0015  0.0001
41328.1  -0.0015  0.0001
42753.2  -0.0015  0.0001
44280.1  -0.0015  0.0001
45920.1  -0.0016  0.0001
47686.3  -0.0016  0.0001
49593.7  -0.0016  0.0001
51660.1  -0.0017  0.0001
53906.2  -0.0017  0.0000
56356.5  -0.0017  0.0000
59040.2  -0.0017  0.0000
61992.2  -0.0018  0.0000
65254.9  -0.0018  0.0000
68880.2  -0.0018  0.0000
72932  -0.0018  0.0000
77490.2  -0.0018  0.0000
82656.2  -0.0019  0.0000
88560.2  -0.0019  0.0000
95372.6  -0.0019  0.0000
103320  -0.0019  0.0000
112713  -0.0019  0.0000
123984  -0.0019  0.0000
