4290.12  -4.4666  12.4513
4305.01  -4.4612  12.3869
4320.01  -4.4561  12.3227
4335.12  -4.4512  12.2585
4350.33  -4.4465  12.1945
4365.65  -4.4420  12.1305
4381.07  -4.4378  12.0666
4396.61  -4.4339  12.0028
4412.25  -4.4302  11.9390
4428.01  -4.4267  11.8754
4443.88  -4.4235  11.8118
4459.87  -4.4205  11.7484
4475.97  -4.4177  11.6850
4492.19  -4.4152  11.6217
4508.52  -4.4129  11.5585
4524.98  -4.4109  11.4954
4541.55  -4.3965  11.4321
4558.25  -4.3950  11.3689
4575.07  -4.3938  11.3058
4592.01  -4.3929  11.2428
4609.08  -4.3922  11.1799
4626.28  -4.3917  11.1171
4643.61  -4.3915  11.0544
4661.07  -4.3916  10.9918
4678.65  -4.3919  10.9293
4696.38  -4.3924  10.8668
4714.23  -4.3932  10.8045
4732.23  -4.3943  10.7423
4750.36  -4.3956  10.6801
4768.63  -4.3972  10.6181
4787.04  -4.3990  10.5562
4805.59  -4.4011  10.4943
4824.29  -4.4035  10.4326
4843.14  -4.4061  10.3709
4862.13  -4.4090  10.3094
4881.27  -4.4121  10.2479
4900.57  -4.4155  10.1866
4920.01  -4.4192  10.1254
4939.62  -4.4231  10.0642
4959.37  -4.4273  10.0032
4979.29  -4.4318  9.9422
4999.37  -4.4321  9.8813
5019.61  -4.4371  9.8205
5040.01  -4.4425  9.7598
5060.59  -4.4481  9.6991
5081.33  -4.4540  9.6386
5102.24  -4.4602  9.5782
5123.32  -4.4666  9.5179
5144.58  -4.4734  9.4577
5166.01  -4.4804  9.3977
5187.63  -4.4878  9.3377
5209.43  -4.4954  9.2778
5231.41  -4.5033  9.2181
5253.57  -4.5115  9.1584
5275.93  -4.5200  9.0989
5298.48  -4.5289  9.0394
5321.22  -4.5380  8.9801
5344.15  -4.5474  8.9209
5367.29  -4.5572  8.8618
5390.62  -4.5673  8.8028
5414.16  -4.5777  8.7440
5437.91  -4.5884  8.6852
5461.87  -4.5994  8.6266
5486.03  -4.6108  8.5680
5510.42  -4.6225  8.5096
5535.02  -4.6345  8.4513
5559.84  -4.6469  8.3931
5584.88  -4.6597  8.3351
5610.15  -4.6728  8.2771
5635.65  -4.6862  8.2193
5661.39  -4.7000  8.1616
5687.36  -4.7142  8.1040
5713.56  -4.7288  8.0465
5740.02  -4.7437  7.9891
5766.71  -4.7591  7.9319
5793.66  -4.7748  7.8748
5820.86  -4.7909  7.8178
5848.32  -4.8074  7.7609
5876.04  -4.8244  7.7042
5904.02  -4.8417  7.6475
5932.27  -4.8595  7.5910
5960.79  -4.8777  7.5346
5989.58  -4.8964  7.4784
6018.66  -4.9155  7.4222
6048.02  -4.9351  7.3662
6077.66  -4.9552  7.3103
6107.6  -4.9757  7.2546
6137.84  -4.9968  7.1989
6168.38  -5.0184  7.1434
6199.22  -5.0404  7.0881
6230.37  -5.0631  7.0328
6261.84  -5.0862  6.9777
6293.62  -5.1099  6.9227
6325.73  -5.1342  6.8678
6358.17  -5.1591  6.8131
6390.95  -5.1846  6.7585
6424.06  -5.2107  6.7040
6457.52  -5.2375  6.6497
6491.33  -5.2650  6.5955
6525.49  -5.2931  6.5414
6560.02  -5.3219  6.4875
6594.91  -5.3514  6.4337
6630.18  -5.3817  6.3800
6665.82  -5.4128  6.3265
6701.86  -5.4447  6.2731
6738.28  -5.4775  6.2199
6775.1  -5.5105  6.1668
6812.33  -5.5450  6.1138
6849.96  -5.5805  6.0609
6888.02  -5.6153  6.0082
6926.5  -5.6528  5.9557
6965.41  -5.6913  5.9032
7004.77  -5.7310  5.8509
7044.57  -5.7718  5.7988
7084.82  -5.8138  5.7468
7125.54  -5.8549  5.6949
7166.73  -5.8996  5.6431
7208.39  -5.9457  5.5915
7250.55  -5.9932  5.5401
7293.2  -6.0423  5.4888
7336.35  -6.0930  5.4376
7380.02  -6.1454  5.3866
7424.21  -6.1997  5.3358
7468.94  -6.2559  5.2851
7514.2  -6.3141  5.2346
7560.02  -6.3745  5.1842
7606.4  -6.4373  5.1340
7653.35  -6.5025  5.0839
7700.89  -6.5705  5.0340
7749.02  -6.6410  4.9843
7797.76  -6.7149  4.9347
7847.11  -6.7922  4.8852
7897.09  -6.8732  4.8359
7947.71  -6.9581  4.7868
7998.99  -7.0473  4.7379
8050.93  -7.1413  4.6891
8103.55  -7.2405  4.6405
8156.86  -7.3456  4.5920
8210.88  -7.4571  4.5437
8265.62  -7.5759  4.4956
8321.1  -7.7028  4.4476
8377.32  -7.8391  4.3998
8434.31  -7.9861  4.3521
8492.08  -8.1455  4.3047
8550.64  -8.3196  4.2574
8610.02  -8.5110  4.2102
8670.23  -8.7236  4.1633
8731.29  -8.9622  4.1165
8793.22  -9.2340  4.0699
8856.02  -9.5498  4.0234
8919.74  -9.9244  3.9770
8984.37  -10.3857  3.9303
9049.95  -10.9904  3.8838
9116.5  -11.8633  3.8375
9150.81  -12.5160  3.8140
9151.49  -12.5311  3.8135
9152.16  -12.5464  3.8130
9152.84  -12.5618  3.8126
9153.51  -12.5773  3.8121
9154.19  -12.5929  3.8117
9154.87  -12.6087  3.8112
9155.54  -12.6245  3.8107
9156.22  -12.6405  3.8103
9156.89  -12.6566  3.8098
9157.57  -12.6729  3.8093
9158.25  -12.6892  3.8089
9158.92  -12.7057  3.8084
9159.6  -12.7224  3.8080
9160.28  -12.7392  3.8075
9160.95  -12.7561  3.8070
9161.63  -12.7731  3.8066
9162.31  -12.7903  3.8061
9162.98  -12.8077  3.8057
9163.66  -12.8252  3.8052
9164.34  -12.8428  3.8047
9165.02  -12.8606  3.8043
9165.69  -12.8786  3.8038
9166.37  -12.8967  3.8034
9167.05  -12.9150  3.8029
9167.73  -12.9335  3.8024
9168.41  -12.9521  3.8020
9169.08  -12.9709  3.8015
9169.76  -12.9898  3.8011
9170.44  -13.0090  3.8006
9171.12  -13.0283  3.8001
9171.8  -13.0478  3.7997
9172.47  -13.0675  3.7992
9173.15  -13.0873  3.7988
9173.83  -13.1074  3.7983
9174.51  -13.1277  3.7978
9175.19  -13.1482  3.7974
9175.87  -13.1689  3.7969
9176.55  -13.1898  3.7965
9177.23  -13.2109  3.7960
9177.91  -13.2322  3.7955
9178.59  -13.2537  3.7951
9179.27  -13.2755  3.7946
9179.95  -13.2975  3.7942
9180.63  -13.3198  3.7937
9181.31  -13.3423  3.7932
9181.99  -13.3650  3.7928
9182.67  -13.3881  3.7923
9183.35  -13.4113  3.7919
9184.03  -13.4348  3.7914
9184.71  -13.4586  3.7909
9185.39  -13.4827  3.7905
9186.07  -13.5071  3.7900
9186.75  -13.5317  3.7896
9187.43  -13.5567  3.7891
9188.11  -13.5820  3.7886
9188.79  -13.6075  3.7882
9189.47  -13.6334  3.7877
9190.15  -13.6597  3.7873
9190.83  -13.6862  3.7868
9191.51  -13.7131  3.7863
9192.2  -13.7404  3.7859
9192.88  -13.7680  3.7854
9193.56  -13.7960  3.7850
9194.24  -13.8244  3.7845
9194.92  -13.8532  3.7840
9195.61  -13.8824  3.7836
9196.29  -13.9120  3.7831
9196.97  -13.9420  3.7827
9197.65  -13.9725  3.7822
9198.33  -14.0034  3.7817
9199.02  -14.0348  3.7813
9199.7  -14.0667  3.7808
9200.38  -14.0991  3.7804
9201.06  -14.1320  3.7799
9201.75  -14.1654  3.7794
9202.43  -14.1994  3.7790
9203.11  -14.2339  3.7785
9203.8  -14.2691  3.7781
9204.48  -14.3048  3.7776
9205.16  -14.3412  3.7772
9205.85  -14.3781  3.7767
9206.53  -14.4158  3.7762
9207.21  -14.4542  3.7758
9207.9  -14.4933  3.7753
9208.58  -14.5331  3.7749
9209.27  -14.5737  3.7744
9209.95  -14.6151  3.7739
9210.63  -14.6574  3.7735
9211.32  -14.7005  3.7730
9212  -14.7445  3.7726
9212.69  -14.7895  3.7721
9213.37  -14.8355  3.7716
9214.06  -14.8825  3.7712
9214.74  -14.9305  3.7707
9215.43  -14.9798  3.7703
9216.11  -15.0302  3.7698
9216.8  -15.0818  3.7693
9217.48  -15.1347  3.7689
9218.17  -15.1891  3.7684
9218.85  -15.2448  3.7680
9219.54  -15.3021  3.7675
9220.22  -15.3610  3.7671
9220.91  -15.4216  3.7666
9221.59  -15.4840  3.7661
9222.28  -15.5482  3.7657
9222.97  -15.6146  3.7652
9223.65  -15.6830  3.7648
9224.34  -15.7538  3.7643
9225.03  -15.8270  3.7638
9225.71  -15.9029  3.7634
9226.4  -15.9816  3.7629
9227.09  -16.0633  3.7625
9227.77  -16.1483  3.7620
9228.46  -16.2369  3.7616
9229.15  -16.3293  3.7611
9229.83  -16.4260  3.7606
9230.52  -16.5273  3.7602
9231.21  -16.6337  3.7597
9231.89  -16.7457  3.7593
9232.58  -16.8639  3.7588
9233.27  -16.9891  3.7583
9233.96  -17.1221  3.7579
9234.65  -17.2641  3.7574
9235.33  -17.4161  3.7570
9236.02  -17.5799  3.7565
9236.71  -17.7572  3.7561
9237.4  -17.9507  3.7556
9238.09  -18.1635  3.7551
9238.77  -18.3998  3.7547
9239.46  -18.6655  3.7542
9240.15  -18.9689  3.7538
9240.84  -19.3225  3.7533
9241.53  -19.7462  3.7528
9242.22  -20.2746  3.7524
9242.91  -20.9769  3.7519
9243.6  -22.0265  3.7515
9244.28  -24.1576  3.7510
9244.97  -25.0089  10.5508
9245.66  -22.3231  10.5490
9246.35  -21.1588  10.5472
9247.04  -20.4046  10.5453
9247.73  -19.8455  10.5435
9248.42  -19.4009  10.5417
9249.11  -19.0318  10.5398
9249.8  -18.7161  10.5380
9250.49  -18.4402  10.5361
9251.18  -18.1953  10.5343
9251.87  -17.9750  10.5325
9252.56  -17.7748  10.5306
9253.25  -17.5914  10.5288
9253.94  -17.4221  10.5270
9254.63  -17.2649  10.5251
9255.33  -17.1183  10.5233
9256.02  -16.9807  10.5215
9256.71  -16.8513  10.5196
9257.4  -16.7290  10.5178
9258.09  -16.6132  10.5160
9258.78  -16.5032  10.5141
9259.47  -16.3983  10.5123
9260.16  -16.2983  10.5105
9260.86  -16.2025  10.5086
9261.55  -16.1108  10.5068
9262.24  -16.0227  10.5050
9262.93  -15.9379  10.5032
9263.62  -15.8563  10.5013
9264.32  -15.7776  10.4995
9265.01  -15.7016  10.4977
9265.7  -15.6281  10.4958
9266.39  -15.5570  10.4940
9267.09  -15.4881  10.4922
9267.78  -15.4212  10.4904
9268.47  -15.3563  10.4885
9269.16  -15.2933  10.4867
9269.86  -15.2320  10.4849
9270.55  -15.1723  10.4831
9271.24  -15.1142  10.4812
9271.94  -15.0576  10.4794
9272.63  -15.0024  10.4776
9273.32  -14.9486  10.4758
9274.02  -14.8960  10.4740
9274.71  -14.8446  10.4721
9275.41  -14.7944  10.4703
9276.1  -14.7453  10.4685
9276.79  -14.6972  10.4667
9277.49  -14.6502  10.4648
9278.18  -14.6041  10.4630
9278.88  -14.5590  10.4612
9279.57  -14.5148  10.4594
9280.27  -14.4714  10.4576
9280.96  -14.4289  10.4558
9281.65  -14.3871  10.4539
9282.35  -14.3462  10.4521
9283.04  -14.3059  10.4503
9283.74  -14.2664  10.4485
9284.43  -14.2276  10.4467
9285.13  -14.1894  10.4449
9285.83  -14.1519  10.4430
9286.52  -14.1150  10.4412
9287.22  -14.0787  10.4394
9287.91  -14.0430  10.4376
9288.61  -14.0079  10.4358
9289.3  -13.9733  10.4340
9290  -13.9392  10.4322
9290.7  -13.9056  10.4304
9291.39  -13.8726  10.4285
9292.09  -13.8400  10.4267
9292.79  -13.8079  10.4249
9293.48  -13.7763  10.4231
9294.18  -13.7451  10.4213
9294.88  -13.7143  10.4195
9295.57  -13.6839  10.4177
9296.27  -13.6540  10.4159
9296.97  -13.6245  10.4141
9297.66  -13.5953  10.4123
9298.36  -13.5665  10.4104
9299.06  -13.5381  10.4086
9299.76  -13.5101  10.4068
9300.45  -13.4823  10.4050
9301.15  -13.4550  10.4032
9301.85  -13.4280  10.4014
9302.55  -13.4013  10.3996
9303.24  -13.3749  10.3978
9303.94  -13.3488  10.3960
9304.64  -13.3230  10.3942
9305.34  -13.2975  10.3924
9306.04  -13.2724  10.3906
9306.74  -13.2475  10.3888
9307.44  -13.2228  10.3870
9308.13  -13.1985  10.3852
9308.83  -13.1744  10.3834
9309.53  -13.1506  10.3816
9310.23  -13.1270  10.3798
9310.93  -13.1036  10.3780
9311.63  -13.0806  10.3762
9312.33  -13.0577  10.3744
9313.03  -13.0351  10.3726
9313.73  -13.0127  10.3708
9314.43  -12.9906  10.3690
9315.13  -12.9686  10.3672
9315.83  -12.9469  10.3654
9316.53  -12.9254  10.3636
9317.23  -12.9041  10.3618
9317.93  -12.8830  10.3600
9318.63  -12.8621  10.3582
9319.33  -12.8414  10.3564
9320.03  -12.8209  10.3546
9320.73  -12.8005  10.3528
9321.43  -12.7804  10.3510
9322.13  -12.7604  10.3493
9322.83  -12.7407  10.3475
9323.53  -12.7211  10.3457
9324.23  -12.7016  10.3439
9324.94  -12.6824  10.3421
9325.64  -12.6633  10.3403
9326.34  -12.6444  10.3385
9327.04  -12.6256  10.3367
9327.74  -12.6070  10.3349
9328.44  -12.5886  10.3331
9329.15  -12.5703  10.3313
9329.85  -12.5521  10.3296
9330.55  -12.5341  10.3278
9331.25  -12.5163  10.3260
9331.95  -12.4986  10.3242
9332.66  -12.4810  10.3224
9333.36  -12.4636  10.3206
9334.06  -12.4463  10.3188
9334.76  -12.4292  10.3170
9335.47  -12.4122  10.3153
9336.17  -12.3953  10.3135
9336.87  -12.3786  10.3117
9337.58  -12.3619  10.3099
9338.28  -12.3454  10.3081
9338.98  -12.3291  10.3063
9339.69  -12.3128  10.3046
9340.39  -12.2967  10.3028
9341.09  -12.2807  10.3010
9341.8  -12.2648  10.2992
9342.5  -12.2490  10.2974
9343.21  -12.2334  10.2957
9392.75  -11.3511  10.1721
9464.45  -10.5221  9.9990
9537.26  -9.9553  9.8299
9611.19  -9.5426  9.6647
9686.28  -9.2377  9.5034
9762.55  -9.1791  9.3717
9840.03  -9.0130  9.2462
9918.75  -8.9213  9.1212
9998.74  -8.8997  8.9968
10080  -8.9656  8.8729
10162.7  -9.1630  8.7496
10222.1  -9.4472  8.6624
10223  -9.4526  8.6612
10223.8  -9.4580  8.6599
10224.7  -9.4636  8.6587
10225.5  -9.4691  8.6575
10226.4  -9.4747  8.6563
10227.2  -9.4804  8.6550
10228  -9.4861  8.6538
10228.9  -9.4919  8.6526
10229.7  -9.4977  8.6514
10230.6  -9.5036  8.6501
10231.4  -9.5095  8.6489
10232.3  -9.5155  8.6477
10233.1  -9.5216  8.6465
10234  -9.5277  8.6452
10234.8  -9.5339  8.6440
10235.6  -9.5401  8.6428
10236.5  -9.5464  8.6415
10237.3  -9.5528  8.6403
10238.2  -9.5592  8.6391
10239  -9.5657  8.6379
10239.9  -9.5722  8.6366
10240.7  -9.5789  8.6354
10241.6  -9.5856  8.6342
10242.4  -9.5923  8.6330
10243.3  -9.5992  8.6317
10244.1  -9.6061  8.6305
10244.9  -9.6130  8.6293
10245.8  -9.6201  8.6281
10246.6  -9.6272  8.6269
10247.5  -9.6344  8.6256
10248.3  -9.6417  8.6244
10249.2  -9.6491  8.6232
10250  -9.6565  8.6220
10250.9  -9.6640  8.6207
10251.7  -9.6716  8.6195
10252.6  -9.6793  8.6183
10253.4  -9.6871  8.6171
10254.3  -9.6950  8.6158
10255.1  -9.7029  8.6146
10256  -9.7110  8.6134
10256.8  -9.7191  8.6122
10257.7  -9.7273  8.6109
10258.5  -9.7356  8.6097
10259.4  -9.7440  8.6085
10260.2  -9.7526  8.6073
10261.1  -9.7612  8.6060
10261.9  -9.7699  8.6048
10262.8  -9.7787  8.6036
10263.6  -9.7877  8.6024
10264.5  -9.7967  8.6011
10265.3  -9.8059  8.5999
10266.2  -9.8151  8.5987
10267  -9.8245  8.5975
10267.9  -9.8340  8.5963
10268.7  -9.8436  8.5950
10269.6  -9.8534  8.5938
10270.4  -9.8633  8.5926
10271.3  -9.8733  8.5914
10272.1  -9.8834  8.5901
10273  -9.8936  8.5889
10273.8  -9.9041  8.5877
10274.7  -9.9146  8.5865
10275.5  -9.9253  8.5852
10276.4  -9.9361  8.5840
10277.2  -9.9471  8.5828
10278.1  -9.9582  8.5816
10278.9  -9.9695  8.5804
10279.8  -9.9810  8.5791
10280.6  -9.9926  8.5779
10281.5  -10.0044  8.5767
10282.3  -10.0164  8.5755
10283.2  -10.0285  8.5742
10284  -10.0408  8.5730
10284.9  -10.0534  8.5718
10285.7  -10.0661  8.5706
10286.6  -10.0790  8.5694
10287.4  -10.0921  8.5681
10288.3  -10.1054  8.5669
10289.2  -10.1189  8.5657
10290  -10.1327  8.5645
10290.9  -10.1467  8.5632
10291.7  -10.1609  8.5620
10292.6  -10.1753  8.5608
10293.4  -10.1900  8.5596
10294.3  -10.2050  8.5584
10295.1  -10.2202  8.5571
10296  -10.2357  8.5559
10296.8  -10.2515  8.5547
10297.7  -10.2676  8.5535
10298.6  -10.2839  8.5523
10299.4  -10.3006  8.5510
10300.3  -10.3176  8.5498
10301.1  -10.3350  8.5486
10302  -10.3526  8.5474
10302.8  -10.3707  8.5462
10303.7  -10.3891  8.5449
10304.5  -10.4079  8.5437
10305.4  -10.4271  8.5425
10306.3  -10.4467  8.5413
10307.1  -10.4667  8.5400
10308  -10.4872  8.5388
10308.8  -10.5082  8.5376
10309.7  -10.5296  8.5364
10310.5  -10.5516  8.5352
10311.4  -10.5741  8.5339
10312.3  -10.5971  8.5327
10313.1  -10.6208  8.5315
10314  -10.6450  8.5303
10314.8  -10.6699  8.5291
10315.7  -10.6955  8.5278
10316.6  -10.7218  8.5266
10317.4  -10.7488  8.5254
10318.3  -10.7766  8.5242
10319.1  -10.8053  8.5230
10320  -10.8348  8.5217
10320.8  -10.8653  8.5205
10321.7  -10.8967  8.5193
10322.6  -10.9292  8.5181
10323.4  -10.9629  8.5169
10324.3  -10.9977  8.5156
10325.1  -11.0338  8.5144
10326  -11.0713  8.5132
10326.9  -11.1103  8.5120
10327.7  -11.1509  8.5108
10328.6  -11.1932  8.5096
10329.4  -11.2374  8.5083
10330.3  -11.2836  8.5071
10331.2  -11.3321  8.5059
10332  -11.3830  8.5047
10332.9  -11.4366  8.5035
10333.8  -11.4932  8.5022
10334.6  -11.5532  8.5010
10335.5  -11.6169  8.4998
10336.3  -11.6849  8.4986
10337.2  -11.7576  8.4974
10338.1  -11.8359  8.4961
10338.9  -11.9206  8.4949
10339.8  -12.0129  8.4937
10340.6  -12.1141  8.4925
10341.5  -12.2262  8.4913
10342.4  -12.3517  8.4901
10343.2  -12.4944  8.4888
10344.1  -12.6594  8.4876
10345  -12.8549  8.4864
10345.8  -13.0948  8.4852
10346.7  -13.4050  8.4840
10347.6  -13.8437  8.4827
10348.4  -14.5989  8.4815
10349.3  -19.0832  11.8846
10350.1  -14.5778  11.8827
10351  -13.8327  11.8808
10351.9  -13.3939  11.8788
10352.7  -13.0812  11.8769
10353.6  -12.8381  11.8750
10354.5  -12.6389  11.8730
10355.3  -12.4701  11.8711
10356.2  -12.3236  11.8692
10357.1  -12.1942  11.8672
10357.9  -12.0781  11.8653
10358.8  -11.9730  11.8634
10359.7  -11.8768  11.8615
10360.5  -11.7882  11.8595
10361.4  -11.7061  11.8576
10362.3  -11.6295  11.8557
10363.1  -11.5577  11.8537
10364  -11.4902  11.8518
10364.9  -11.4264  11.8499
10365.7  -11.3660  11.8479
10366.6  -11.3086  11.8460
10367.5  -11.2540  11.8441
10368.3  -11.2018  11.8422
10369.2  -11.1518  11.8402
10370.1  -11.1039  11.8383
10370.9  -11.0580  11.8364
10371.8  -11.0137  11.8345
10372.7  -10.9711  11.8325
10373.5  -10.9300  11.8306
10374.4  -10.8902  11.8287
10375.3  -10.8518  11.8268
10376.1  -10.8146  11.8248
10377  -10.7785  11.8229
10377.9  -10.7435  11.8210
10378.7  -10.7094  11.8191
10379.6  -10.6764  11.8171
10380.5  -10.6442  11.8152
10381.3  -10.6129  11.8133
10382.2  -10.5824  11.8114
10383.1  -10.5526  11.8094
10383.9  -10.5235  11.8075
10384.8  -10.4952  11.8056
10385.7  -10.4675  11.8037
10386.6  -10.4404  11.8017
10387.4  -10.4139  11.7998
10388.3  -10.3880  11.7979
10389.2  -10.3626  11.7960
10390  -10.3377  11.7941
10390.9  -10.3134  11.7921
10391.8  -10.2895  11.7902
10392.7  -10.2661  11.7883
10393.5  -10.2431  11.7864
10394.4  -10.2205  11.7845
10395.3  -10.1984  11.7825
10396.1  -10.1766  11.7806
10397  -10.1553  11.7787
10397.9  -10.1343  11.7768
10398.8  -10.1136  11.7749
10399.6  -10.0933  11.7730
10400.5  -10.0733  11.7710
10401.4  -10.0536  11.7691
10402.2  -10.0343  11.7672
10403.1  -10.0152  11.7653
10404  -9.9964  11.7634
10404.9  -9.9779  11.7615
10405.7  -9.9597  11.7595
10406.6  -9.9417  11.7576
10407.5  -9.9240  11.7557
10408.4  -9.9066  11.7538
10409.2  -9.8894  11.7519
10410.1  -9.8724  11.7500
10411  -9.8556  11.7480
10411.9  -9.8391  11.7461
10412.7  -9.8228  11.7442
10413.6  -9.8067  11.7423
10414.5  -9.7908  11.7404
10415.4  -9.7751  11.7385
10416.2  -9.7596  11.7366
10417.1  -9.7443  11.7347
10418  -9.7291  11.7327
10418.9  -9.7142  11.7308
10419.7  -9.6994  11.7289
10420.6  -9.6848  11.7270
10421.5  -9.6703  11.7251
10422.4  -9.6561  11.7232
10423.2  -9.6419  11.7213
10424.1  -9.6280  11.7194
10425  -9.6142  11.7175
10425.9  -9.6005  11.7156
10426.7  -9.5870  11.7136
10427.6  -9.5736  11.7117
10428.5  -9.5604  11.7098
10429.4  -9.5473  11.7079
10430.2  -9.5344  11.7060
10431.1  -9.5215  11.7041
10432  -9.5088  11.7022
10432.9  -9.4963  11.7003
10433.8  -9.4838  11.6984
10434.6  -9.4715  11.6965
10435.5  -9.4593  11.6946
10436.4  -9.4472  11.6927
10437.3  -9.4352  11.6908
10438.1  -9.4233  11.6889
10439  -9.4116  11.6870
10439.9  -9.3999  11.6850
10440.8  -9.3884  11.6831
10441.7  -9.3769  11.6812
10442.5  -9.3656  11.6793
10443.4  -9.3544  11.6774
10444.3  -9.3432  11.6755
10445.2  -9.3322  11.6736
10446.1  -9.3212  11.6717
10446.9  -9.3104  11.6698
10447.8  -9.2996  11.6679
10448.7  -9.2890  11.6660
10449.6  -9.2784  11.6641
10450.5  -9.2679  11.6622
10451.3  -9.2575  11.6603
10452.2  -9.2472  11.6584
10453.1  -9.2369  11.6565
10454  -9.2268  11.6546
10454.9  -9.2167  11.6527
10455.8  -9.2067  11.6508
10456.6  -9.1968  11.6489
10457.5  -9.1870  11.6470
10458.4  -9.1772  11.6451
10459.3  -9.1675  11.6432
10460.2  -9.1579  11.6413
10461  -9.1484  11.6394
10461.9  -9.1389  11.6375
10462.8  -9.1295  11.6356
10507.1  -8.7326  11.5411
10597  -8.2110  11.3542
10688.3  -7.9207  11.1700
10744.8  -7.8572  11.0590
10745.7  -7.8572  11.0572
10746.7  -7.8571  11.0554
10747.6  -7.8571  11.0536
10748.5  -7.8571  11.0518
10749.5  -7.8572  11.0499
10750.4  -7.8573  11.0481
10751.3  -7.8574  11.0463
10752.3  -7.8576  11.0445
10753.2  -7.8578  11.0427
10754.1  -7.8581  11.0409
10755.1  -7.8584  11.0391
10756  -7.8587  11.0373
10756.9  -7.8591  11.0355
10757.9  -7.8595  11.0337
10758.8  -7.8600  11.0319
10759.7  -7.8605  11.0300
10760.7  -7.8611  11.0282
10761.6  -7.8617  11.0264
10762.5  -7.8624  11.0246
10763.5  -7.8631  11.0228
10764.4  -7.8638  11.0210
10765.3  -7.8646  11.0192
10766.3  -7.8655  11.0174
10767.2  -7.8663  11.0156
10768.1  -7.8673  11.0138
10769.1  -7.8683  11.0120
10770  -7.8693  11.0102
10770.9  -7.8704  11.0084
10771.9  -7.8716  11.0066
10772.8  -7.8728  11.0048
10773.8  -7.8741  11.0030
10774.7  -7.8754  11.0012
10775.6  -7.8768  10.9994
10776.6  -7.8782  10.9975
10777.5  -7.8797  10.9957
10778.4  -7.8813  10.9939
10779.4  -7.8829  10.9921
10780.3  -7.8846  10.9903
10781.2  -7.8864  10.9885
10782.2  -7.8882  10.9867
10783.1  -7.8901  10.9849
10784.1  -7.8920  10.9831
10785  -7.8940  10.9813
10785.9  -7.8961  10.9795
10786.9  -7.8983  10.9777
10787.8  -7.9005  10.9759
10788.8  -7.9028  10.9741
10789.7  -7.9052  10.9723
10790.6  -7.9077  10.9705
10791.6  -7.9102  10.9687
10792.5  -7.9129  10.9669
10793.4  -7.9156  10.9651
10794.4  -7.9184  10.9633
10795.3  -7.9213  10.9615
10796.3  -7.9236  10.9597
10797.2  -7.9268  10.9579
10798.1  -7.9299  10.9562
10799.1  -7.9332  10.9544
10800  -7.9366  10.9526
10801  -7.9400  10.9508
10801.9  -7.9436  10.9490
10802.9  -7.9472  10.9472
10803.8  -7.9510  10.9454
10804.7  -7.9549  10.9436
10805.7  -7.9589  10.9418
10806.6  -7.9630  10.9400
10807.6  -7.9672  10.9382
10808.5  -7.9716  10.9364
10809.4  -7.9761  10.9346
10810.4  -7.9807  10.9328
10811.3  -7.9855  10.9310
10812.3  -7.9904  10.9292
10813.2  -7.9954  10.9274
10814.2  -8.0006  10.9256
10815.1  -8.0060  10.9239
10816  -8.0115  10.9221
10817  -8.0172  10.9203
10817.9  -8.0230  10.9185
10818.9  -8.0290  10.9167
10819.8  -8.0352  10.9149
10820.8  -8.0416  10.9131
10821.7  -8.0482  10.9113
10822.7  -8.0550  10.9095
10823.6  -8.0620  10.9077
10824.5  -8.0692  10.9059
10825.5  -8.0767  10.9042
10826.4  -8.0843  10.9024
10827.4  -8.0923  10.9006
10828.3  -8.1005  10.8988
10829.3  -8.1089  10.8970
10830.2  -8.1177  10.8952
10831.2  -8.1267  10.8934
10832.1  -8.1361  10.8916
10833.1  -8.1458  10.8898
10834  -8.1558  10.8881
10835  -8.1661  10.8863
10835.9  -8.1769  10.8845
10836.8  -8.1880  10.8827
10837.8  -8.1996  10.8809
10838.7  -8.2116  10.8791
10839.7  -8.2241  10.8773
10840.6  -8.2371  10.8756
10841.6  -8.2506  10.8738
10842.5  -8.2646  10.8720
10843.5  -8.2793  10.8702
10844.4  -8.2946  10.8684
10845.4  -8.3106  10.8666
10846.3  -8.3273  10.8649
10847.3  -8.3449  10.8631
10848.2  -8.3633  10.8613
10849.2  -8.3826  10.8595
10850.1  -8.4030  10.8577
10851.1  -8.4244  10.8559
10852  -8.4471  10.8542
10853  -8.4712  10.8524
10853.9  -8.4967  10.8506
10854.9  -8.5239  10.8488
10855.8  -8.5529  10.8470
10856.8  -8.5841  10.8453
10857.7  -8.6176  10.8435
10858.7  -8.7358  10.8417
10859.6  -8.7746  10.8401
10860.6  -8.8178  10.8385
10861.5  -8.8654  10.8369
10862.5  -8.9184  10.8353
10863.4  -8.9780  10.8337
10864.4  -9.0460  10.8321
10865.3  -9.1249  10.8305
10866.3  -9.2188  10.8289
10867.2  -9.3343  10.8273
10868.2  -9.4837  10.8257
10869.1  -9.6946  10.8241
10870.1  -10.0522  10.8225
10871.1  -11.7137  10.8209
10872  -10.1005  12.5156
10873  -9.7093  12.5139
10873.9  -9.4825  12.5122
10874.9  -9.3215  12.5106
10875.8  -9.1965  12.5089
10876.8  -9.0934  12.5072
10877.7  -9.0061  12.5055
10878.7  -8.9301  12.5039
10879.6  -8.8627  12.5022
10880.6  -8.8021  12.5005
10881.5  -8.7470  12.4989
10882.5  -8.6964  12.4972
10883.5  -8.6496  12.4955
10884.4  -8.6060  12.4938
10885.4  -8.5652  12.4922
10886.3  -8.5269  12.4905
10887.3  -8.4906  12.4888
10888.2  -8.4563  12.4871
10889.2  -8.4236  12.4855
10890.1  -8.3925  12.4838
10891.1  -8.3627  12.4821
10892.1  -8.3342  12.4805
10893  -8.3068  12.4788
10894  -8.2804  12.4771
10894.9  -8.2549  12.4754
10895.9  -8.2304  12.4738
10896.8  -8.2066  12.4721
10897.8  -8.1836  12.4704
10898.8  -8.1613  12.4687
10899.7  -8.1396  12.4671
10900.7  -8.1186  12.4654
10901.6  -8.0981  12.4637
10902.6  -8.0781  12.4621
10903.6  -8.0587  12.4604
10904.5  -8.0397  12.4587
10905.5  -8.0211  12.4570
10906.4  -8.0030  12.4554
10907.4  -7.9853  12.4537
10908.4  -7.9680  12.4520
10909.3  -7.9510  12.4504
10910.3  -7.9344  12.4487
10911.2  -7.9181  12.4470
10912.2  -7.9021  12.4453
10913.2  -7.8864  12.4437
10914.1  -7.8710  12.4420
10915.1  -7.8558  12.4403
10916  -7.8409  12.4387
10917  -7.8263  12.4370
10918  -7.8119  12.4353
10918.9  -7.7977  12.4336
10919.9  -7.7838  12.4320
10920.8  -7.7701  12.4303
10921.8  -7.7565  12.4286
10922.8  -7.7432  12.4270
10923.7  -7.7300  12.4253
10924.7  -7.7171  12.4236
10925.7  -7.7043  12.4220
10926.6  -7.6917  12.4203
10927.6  -7.6792  12.4186
10928.5  -7.6670  12.4169
10929.5  -7.6548  12.4153
10930.5  -7.6428  12.4136
10931.4  -7.6310  12.4119
10932.4  -7.6193  12.4103
10933.4  -7.6077  12.4086
10934.3  -7.5963  12.4069
10935.3  -7.5850  12.4052
10936.3  -7.5738  12.4036
10937.2  -7.5627  12.4019
10938.2  -7.5518  12.4002
10939.2  -7.5410  12.3986
10940.1  -7.5303  12.3969
10941.1  -7.5196  12.3952
10942  -7.5091  12.3936
10943  -7.4987  12.3919
10944  -7.4884  12.3902
10944.9  -7.4782  12.3885
10945.9  -7.4681  12.3869
10946.9  -7.4581  12.3852
10947.8  -7.4482  12.3835
10948.8  -7.4383  12.3819
10949.8  -7.4286  12.3802
10950.7  -7.4189  12.3785
10951.7  -7.4093  12.3769
10952.7  -7.3998  12.3752
10953.6  -7.3904  12.3735
10954.6  -7.3810  12.3718
10955.6  -7.3717  12.3702
10956.6  -7.3625  12.3685
10957.5  -7.3534  12.3668
10958.5  -7.3443  12.3652
10959.5  -7.3353  12.3635
10960.4  -7.3264  12.3618
10961.4  -7.3175  12.3602
10962.4  -7.3088  12.3585
10963.3  -7.3000  12.3568
10964.3  -7.2913  12.3552
10965.3  -7.2827  12.3535
10966.2  -7.2742  12.3518
10967.2  -7.2657  12.3501
10968.2  -7.2573  12.3485
10969.2  -7.2489  12.3468
10970.1  -7.2406  12.3451
10971.1  -7.2323  12.3435
10972.1  -7.2241  12.3418
10973  -7.2159  12.3401
10974  -7.2078  12.3385
10975  -7.1997  12.3368
10976  -7.1917  12.3351
10976.9  -7.1838  12.3335
10977.9  -7.1758  12.3318
10978.9  -7.1680  12.3301
10979.8  -7.1601  12.3285
10980.8  -7.1524  12.3268
10981.8  -7.1446  12.3251
10982.8  -7.1370  12.3235
10983.7  -7.1293  12.3218
10984.7  -7.1217  12.3201
10985.7  -7.1141  12.3184
10986.6  -7.1066  12.3168
10987.6  -7.0992  12.3151
10988.6  -7.0917  12.3134
10989.6  -7.0843  12.3118
10990.5  -7.0770  12.3101
10991.5  -7.0696  12.3084
10992.5  -7.0624  12.3068
10993.5  -7.0551  12.3051
10994.4  -7.0479  12.3034
10995.4  -7.0407  12.3018
10996.4  -7.0336  12.3001
10997.4  -7.0265  12.2984
10998.3  -7.0194  12.2968
10999.3  -7.0124  12.2951
11000.3  -7.0054  12.2934
11001.3  -6.9984  12.2918
11002.2  -6.9915  12.2901
11003.2  -6.9846  12.2884
11004.2  -6.9777  12.2868
11005.2  -6.9709  12.2851
11006.2  -6.9641  12.2834
11007.1  -6.9573  12.2818
11008.1  -6.9505  12.2801
11009.1  -6.9438  12.2784
11010.1  -6.9371  12.2768
11011  -6.9305  12.2751
11070  -6.5734  12.1752
11169.8  -6.0957  12.0090
11271.3  -5.7008  11.8433
11374.7  -5.3580  11.6780
11480  -5.0434  11.5117
11587.3  -4.7669  11.3455
11696.6  -4.5137  11.1800
11808  -4.2802  11.0151
11921.6  -4.0633  10.8509
12037.3  -3.8578  10.6873
12155.3  -3.6686  10.5241
12275.7  -3.4909  10.3617
12398.4  -3.3237  10.2000
12523.7  -3.1661  10.0390
12651.5  -3.0172  9.8788
12781.9  -2.8760  9.7194
12915  -2.7428  9.5607
13051  -2.6166  9.4027
13189.8  -2.4970  9.2455
13331.6  -2.3835  9.0892
13476.6  -2.2714  8.9335
13624.7  -2.1695  8.7782
13776  -2.0728  8.6238
13930.8  -1.9812  8.4702
14089.1  -1.8944  8.3175
14251.1  -1.8113  8.1656
14416.8  -1.7334  8.0145
14586.4  -1.6598  7.8644
14760  -1.5901  7.7151
14937.9  -1.5244  7.5668
15120  -1.4623  7.4194
15306.7  -1.4039  7.2729
15498  -1.3489  7.1273
15694.2  -1.2973  6.9827
15895.4  -1.2489  6.8391
16101.9  -1.2037  6.6964
16313.7  -1.1615  6.5547
16531.2  -1.1223  6.4140
16754.6  -1.0859  6.2743
16984.2  -1.0524  6.1356
17220  -1.0215  5.9980
17462.6  -0.9933  5.8614
17712  -0.9677  5.7258
17968.7  -0.9446  5.5913
18233  -0.9240  5.4578
18505.1  -0.9029  5.3254
18785.5  -0.8872  5.1940
19074.5  -0.8737  5.0636
19372.6  -0.8625  4.9344
19680.1  -0.8535  4.8064
19997.5  -0.8466  4.6795
20325.3  -0.8418  4.5538
20664.1  -0.8391  4.4293
21014.3  -0.8365  4.3059
21376.6  -0.8379  4.1837
21751.6  -0.8402  4.0627
22140.1  -0.8457  3.9430
22542.6  -0.8530  3.8246
22960.1  -0.8621  3.7075
23393.3  -0.8731  3.5917
23843.1  -0.8859  3.4773
24310.7  -0.9004  3.3643
24796.9  -0.9167  3.2527
25302.9  -0.9347  3.1424
25830.1  -0.9544  3.0336
26379.6  -0.9758  2.9262
26953.1  -0.9989  2.8200
27552.1  -1.0238  2.7149
28178.3  -1.0505  2.6114
28833.6  -1.0789  2.5094
29520.1  -1.1091  2.4091
30240.1  -1.1411  2.3104
30996.1  -1.1749  2.2133
31790.9  -1.2106  2.1179
32627.5  -1.2482  2.0242
33509.3  -1.2878  1.9322
34440.1  -1.3296  1.8419
35424.1  -1.3736  1.7533
36466  -1.4201  1.6665
37571  -1.4693  1.5815
38745.1  -1.5216  1.4982
39994.9  -1.5774  1.4168
41328.1  -1.6351  1.3370
42753.2  -1.7003  1.2590
44280.1  -1.7718  1.1831
45920.1  -1.8492  1.1089
47686.3  -1.9352  1.0365
49593.7  -2.0403  0.9660
51660.1  -2.1667  0.8976
53906.2  -2.3271  0.8314
56356.5  -2.5486  0.7674
59040.2  -2.9061  0.7056
59068.3  -2.9110  0.7050
59096.4  -2.9159  0.7044
59124.6  -2.9209  0.7038
59152.8  -2.9259  0.7032
59181.1  -2.9309  0.7026
59209.3  -2.9360  0.7020
59237.6  -2.9411  0.7014
59265.9  -2.9463  0.7008
59294.3  -2.9515  0.7002
59322.7  -2.9568  0.6996
59351.1  -2.9621  0.6990
59379.5  -2.9674  0.6983
59407.9  -2.9728  0.6977
59436.4  -2.9782  0.6971
59464.9  -2.9837  0.6965
59493.4  -2.9892  0.6959
59522  -2.9948  0.6953
59550.6  -3.0005  0.6947
59579.2  -3.0061  0.6941
59607.9  -3.0119  0.6935
59636.5  -3.0176  0.6929
59665.2  -3.0235  0.6923
59694  -3.0294  0.6917
59722.7  -3.0353  0.6911
59751.5  -3.0413  0.6905
59780.3  -3.0474  0.6899
59809.1  -3.0535  0.6893
59838  -3.0597  0.6887
59866.9  -3.0659  0.6881
59895.8  -3.0722  0.6875
59924.8  -3.0786  0.6869
59953.7  -3.0850  0.6863
59982.7  -3.0915  0.6857
60011.8  -3.0980  0.6851
60040.8  -3.1046  0.6845
60069.9  -3.1113  0.6839
60099.1  -3.1181  0.6833
60128.2  -3.1249  0.6827
60157.4  -3.1318  0.6821
60186.6  -3.1388  0.6815
60215.8  -3.1458  0.6809
60245.1  -3.1530  0.6803
60274.4  -3.1602  0.6797
60303.7  -3.1675  0.6792
60333  -3.1748  0.6786
60362.4  -3.1823  0.6780
60391.8  -3.1898  0.6774
60421.2  -3.1975  0.6768
60450.7  -3.2052  0.6762
60480.2  -3.2130  0.6756
60509.7  -3.2209  0.6750
60539.2  -3.2289  0.6744
60568.8  -3.2370  0.6738
60598.4  -3.2452  0.6732
60628  -3.2535  0.6726
60657.7  -3.2619  0.6720
60687.4  -3.2704  0.6714
60717.1  -3.2790  0.6708
60746.9  -3.2878  0.6702
60776.6  -3.2966  0.6696
60806.4  -3.3056  0.6690
60836.3  -3.3147  0.6685
60866.1  -3.3239  0.6679
60896  -3.3333  0.6673
60926  -3.3428  0.6667
60955.9  -3.3524  0.6661
60985.9  -3.3621  0.6655
61015.9  -3.3720  0.6649
61046  -3.3821  0.6643
61076  -3.3923  0.6637
61106.1  -3.4026  0.6631
61136.3  -3.4131  0.6625
61166.4  -3.4238  0.6620
61196.6  -3.4347  0.6614
61226.8  -3.4457  0.6608
61257.1  -3.4569  0.6602
61287.4  -3.4683  0.6596
61317.7  -3.4799  0.6590
61348  -3.4916  0.6584
61378.4  -3.5036  0.6578
61408.8  -3.5158  0.6572
61439.2  -3.5282  0.6567
61469.7  -3.5409  0.6561
61500.2  -3.5537  0.6555
61530.7  -3.5668  0.6549
61561.2  -3.5802  0.6543
61591.8  -3.5938  0.6537
61622.4  -3.6077  0.6531
61653.1  -3.6219  0.6526
61683.8  -3.6364  0.6520
61714.5  -3.6511  0.6514
61745.2  -3.6662  0.6508
61776  -3.6816  0.6502
61806.8  -3.6974  0.6496
61837.6  -3.7135  0.6490
61868.4  -3.7300  0.6485
61899.3  -3.7468  0.6479
61930.2  -3.7641  0.6473
61961.2  -3.7818  0.6467
61992.2  -3.8000  0.6461
62023.2  -3.8186  0.6455
62054.2  -3.8377  0.6450
62085.3  -3.8573  0.6444
62116.4  -3.8775  0.6438
62147.5  -3.8983  0.6432
62178.7  -3.9196  0.6426
62209.9  -3.9416  0.6420
62241.1  -3.9643  0.6415
62272.4  -3.9877  0.6409
62303.7  -4.0118  0.6403
62335  -4.0368  0.6397
62366.4  -4.0626  0.6391
62397.8  -4.0894  0.6386
62429.2  -4.1172  0.6380
62460.6  -4.1460  0.6374
62492.1  -4.1760  0.6368
62523.6  -4.2072  0.6362
62555.2  -4.2398  0.6357
62586.7  -4.2738  0.6351
62618.4  -4.3094  0.6345
62650  -4.3468  0.6339
62681.7  -4.3861  0.6333
62713.4  -4.4275  0.6328
62745.1  -4.4712  0.6322
62776.9  -4.5176  0.6316
62808.7  -4.5669  0.6310
62840.5  -4.6196  0.6304
62872.4  -4.6760  0.6299
62904.3  -4.7368  0.6293
62936.2  -4.8027  0.6287
62968.2  -4.8745  0.6281
63000.2  -4.9535  0.6276
63032.2  -5.0411  0.6270
63064.3  -5.1395  0.6264
63096.4  -5.2516  0.6258
63128.5  -5.3817  0.6253
63160.6  -5.5365  0.6247
63192.8  -5.7277  0.6241
63225.1  -5.9770  0.6235
63257.3  -6.3352  0.6230
63289.6  -6.9765  0.6224
63321.9  -8.6203  3.2840
63354.3  -6.7594  3.2815
63386.7  -6.2170  3.2789
63419.1  -5.8867  3.2764
63451.6  -5.6482  3.2739
63484  -5.4611  3.2714
63516.6  -5.3070  3.2689
63549.1  -5.1759  3.2664
63581.7  -5.0618  3.2639
63614.3  -4.9606  3.2613
63647  -4.8698  3.2588
63679.7  -4.7873  3.2563
63712.4  -4.7118  3.2538
63745.2  -4.6421  3.2513
63778  -4.5773  3.2488
63810.8  -4.5169  3.2463
63843.6  -4.4602  3.2437
63876.5  -4.4069  3.2412
63909.5  -4.3564  3.2387
63942.4  -4.3086  3.2362
63975.4  -4.2631  3.2337
64008.4  -4.2198  3.2312
64041.5  -4.1784  3.2286
64074.6  -4.1387  3.2261
64107.7  -4.1007  3.2236
64140.9  -4.0642  3.2211
64174.1  -4.0290  3.2186
64207.3  -3.9951  3.2161
64240.6  -3.9623  3.2135
64273.9  -3.9307  3.2110
64307.2  -3.9000  3.2085
64340.6  -3.8704  3.2060
64374  -3.8416  3.2035
64407.5  -3.8137  3.2010
64440.9  -3.7865  3.1984
64474.4  -3.7601  3.1959
64508  -3.7344  3.1934
64541.6  -3.7094  3.1909
64575.2  -3.6850  3.1884
64608.8  -3.6612  3.1858
64642.5  -3.6380  3.1833
64676.2  -3.6153  3.1808
64710  -3.5932  3.1783
64743.8  -3.5715  3.1758
64777.6  -3.5503  3.1732
64811.5  -3.5295  3.1707
64845.4  -3.5092  3.1682
64879.3  -3.4893  3.1657
64913.3  -3.4698  3.1632
64947.3  -3.4507  3.1606
64981.3  -3.4319  3.1581
65015.4  -3.4135  3.1556
65049.5  -3.3954  3.1531
65083.6  -3.3776  3.1506
65117.8  -3.3602  3.1480
65152  -3.3431  3.1455
65186.3  -3.3262  3.1430
65220.6  -3.3096  3.1405
65254.9  -3.2933  3.1380
65289.3  -3.2773  3.1354
65323.7  -3.2615  3.1329
65358.1  -3.2460  3.1304
65392.6  -3.2307  3.1279
65427.1  -3.2156  3.1254
65461.6  -3.2007  3.1228
65496.2  -3.1861  3.1203
65530.8  -3.1717  3.1178
65565.5  -3.1575  3.1153
65600.2  -3.1434  3.1127
65634.9  -3.1296  3.1102
65669.7  -3.1160  3.1077
65704.5  -3.1025  3.1052
65739.3  -3.0892  3.1027
65774.2  -3.0761  3.1001
65809.1  -3.0632  3.0976
65844  -3.0504  3.0951
65879  -3.0377  3.0926
65914.1  -3.0253  3.0900
65949.1  -3.0130  3.0875
65984.2  -3.0008  3.0850
66019.4  -2.9888  3.0825
66054.5  -2.9769  3.0800
66089.7  -2.9651  3.0774
66125  -2.9535  3.0749
66160.3  -2.9420  3.0724
66195.6  -2.9307  3.0699
66231  -2.9194  3.0673
66266.4  -2.9083  3.0648
66301.8  -2.8973  3.0623
66337.3  -2.8865  3.0598
66372.8  -2.8757  3.0572
66408.3  -2.8651  3.0547
66443.9  -2.8446  3.0522
66479.5  -2.8342  3.0495
66515.2  -2.8238  3.0468
66550.9  -2.8136  3.0442
66586.7  -2.8035  3.0415
66622.4  -2.7935  3.0389
66658.2  -2.7836  3.0362
66694.1  -2.7738  3.0336
66730  -2.7641  3.0309
66765.9  -2.7544  3.0283
66801.9  -2.7449  3.0256
66837.9  -2.7354  3.0230
66874  -2.7261  3.0203
66910.1  -2.7168  3.0177
66946.2  -2.7076  3.0150
66982.4  -2.6985  3.0124
67018.6  -2.6895  3.0097
67054.8  -2.6805  3.0071
67091.1  -2.6717  3.0044
67127.4  -2.6629  3.0018
67163.8  -2.6542  2.9991
67200.2  -2.6455  2.9965
67236.6  -2.6370  2.9939
67273.1  -2.6285  2.9912
67309.6  -2.6201  2.9886
67346.2  -2.6117  2.9859
67382.8  -2.6034  2.9833
67419.4  -2.5952  2.9807
67456.1  -2.5871  2.9780
67492.8  -2.5790  2.9754
67529.6  -2.5710  2.9728
67566.4  -2.5630  2.9701
67603.2  -2.5551  2.9675
67640.1  -2.5473  2.9649
67677  -2.5395  2.9622
67714  -2.5318  2.9596
67751  -2.5241  2.9570
67788.1  -2.5166  2.9544
67825.1  -2.5090  2.9517
67862.3  -2.5015  2.9491
67899.4  -2.4941  2.9465
67936.6  -2.4867  2.9438
67973.9  -2.4794  2.9412
68011.2  -2.4722  2.9386
68048.5  -2.4650  2.9360
68085.9  -2.4578  2.9334
68123.3  -2.4507  2.9307
68880.2  -2.3183  2.8785
72932  -1.8416  2.6225
77490.2  -1.5365  2.3754
82656.2  -1.3182  2.1370
88560.2  -1.1684  1.9039
95372.6  -1.0640  1.6808
103320  -0.9945  1.4682
112713  -0.9527  1.2664
123984  -0.9337  1.0760
