4290.12 -2.9546 0.4732
4305.01 -3.0295 0.4702
4320.01 -3.1118 0.4673
4335.12 -3.2028 0.4644
4350.33 -3.3045 0.4615
4365.65 -3.4195 0.4586
4381.07 -3.5513 0.4557
4396.61 -3.7053 0.4529
4412.25 -3.8898 0.4500
4428.01 -4.1184 0.4471
4443.88 -4.4171 0.4443
4459.87 -4.8430 0.4414
4471.29 -5.3061 0.4394
4471.45 -5.3143 0.4394
4471.61 -5.3226 0.4393
4471.77 -5.3309 0.4393
4471.93 -5.3393 0.4393
4472.09 -5.3478 0.4393
4472.26 -5.3564 0.4392
4472.42 -5.3650 0.4392
4472.58 -5.3736 0.4392
4472.74 -5.3824 0.4391
4472.9 -5.3912 0.4391
4473.06 -5.4001 0.4391
4473.22 -5.4091 0.4391
4473.39 -5.4181 0.4390
4473.55 -5.4272 0.4390
4473.71 -5.4364 0.4390
4473.87 -5.4457 0.4389
4474.03 -5.4551 0.4389
4474.19 -5.4645 0.4389
4474.35 -5.4741 0.4389
4474.52 -5.4837 0.4388
4474.68 -5.4934 0.4388
4474.84 -5.5031 0.4388
4475 -5.5130 0.4387
4475.16 -5.5230 0.4387
4475.32 -5.5330 0.4387
4475.48 -5.5432 0.4387
4475.65 -5.5535 0.4386
4475.81 -5.5638 0.4386
4475.97 -5.5743 0.4386
4476.13 -5.5848 0.4385
4476.29 -5.5955 0.4385
4476.45 -5.6062 0.4385
4476.62 -5.6171 0.4385
4476.78 -5.6281 0.4384
4476.94 -5.6392 0.4384
4477.1 -5.6504 0.4384
4477.26 -5.6617 0.4383
4477.42 -5.6731 0.4383
4477.59 -5.6847 0.4383
4477.75 -5.6964 0.4383
4477.91 -5.7082 0.4382
4478.07 -5.7201 0.4382
4478.23 -5.7322 0.4382
4478.39 -5.7444 0.4381
4478.56 -5.7568 0.4381
4478.72 -5.7693 0.4381
4478.88 -5.7819 0.4381
4479.04 -5.7947 0.4380
4479.2 -5.8076 0.4380
4479.37 -5.8207 0.4380
4479.53 -5.8340 0.4379
4479.69 -5.8474 0.4379
4479.85 -5.8610 0.4379
4480.01 -5.8748 0.4379
4480.17 -5.8887 0.4378
4480.34 -5.9028 0.4378
4480.5 -5.9171 0.4378
4480.66 -5.9316 0.4378
4480.82 -5.9463 0.4377
4480.98 -5.9611 0.4377
4481.15 -5.9762 0.4377
4481.31 -5.9915 0.4376
4481.47 -6.0070 0.4376
4481.63 -6.0228 0.4376
4481.79 -6.0387 0.4376
4481.96 -6.0549 0.4375
4482.12 -6.0713 0.4375
4482.28 -6.0880 0.4375
4482.44 -6.1050 0.4374
4482.6 -6.1222 0.4374
4482.77 -6.1397 0.4374
4482.93 -6.1574 0.4374
4483.09 -6.1755 0.4373
4483.25 -6.1938 0.4373
4483.41 -6.2125 0.4373
4483.58 -6.2315 0.4372
4483.74 -6.2508 0.4372
4483.9 -6.2705 0.4372
4484.06 -6.2905 0.4372
4484.23 -6.3109 0.4371
4484.39 -6.3317 0.4371
4484.55 -6.3528 0.4371
4484.71 -6.3744 0.4370
4484.87 -6.3964 0.4370
4485.04 -6.4189 0.4370
4485.2 -6.4418 0.4370
4485.36 -6.4652 0.4369
4485.52 -6.4891 0.4369
4485.69 -6.5136 0.4369
4485.85 -6.5386 0.4368
4486.01 -6.5641 0.4368
4486.17 -6.5903 0.4368
4486.33 -6.6171 0.4368
4486.5 -6.6445 0.4367
4486.66 -6.6727 0.4367
4486.82 -6.7015 0.4367
4486.98 -6.7312 0.4366
4487.15 -6.7616 0.4366
4487.31 -6.7929 0.4366
4487.47 -6.8252 0.4366
4487.63 -6.8583 0.4365
4487.8 -6.8925 0.4365
4487.96 -6.9278 0.4365
4488.12 -6.9642 0.4364
4488.28 -7.0018 0.4364
4488.45 -7.0407 0.4364
4488.61 -7.0810 0.4364
4488.77 -7.1229 0.4363
4488.93 -7.1663 0.4363
4489.1 -7.2115 0.4363
4489.26 -7.2586 0.4363
4489.42 -7.3078 0.4362
4489.58 -7.3592 0.4362
4489.75 -7.4131 0.4362
4489.91 -7.4697 0.4361
4490.07 -7.5292 0.4361
4490.23 -7.5921 0.4361
4490.4 -7.6587 0.4361
4490.56 -7.7295 0.4360
4490.72 -7.8050 0.4360
4490.88 -7.8860 0.4360
4491.05 -7.9731 0.4359
4491.21 -8.0676 0.4359
4491.37 -8.1706 0.4359
4491.54 -8.2840 0.4359
4491.7 -8.4099 0.4358
4491.86 -8.5517 0.4358
4492.02 -8.7137 0.4358
4492.19 -8.9027 0.4357
4492.35 -9.1295 0.4357
4492.51 -9.4130 0.4357
4492.67 -9.7916 0.4357
4492.84 -10.3624 0.4356
4493 -11.5591 0.4356
4493.16 -11.7592 4.0317
4493.33 -10.4377 4.0315
4493.49 -9.8401 4.0312
4493.65 -9.4491 4.0309
4493.81 -9.1579 4.0306
4493.98 -8.9258 4.0303
4494.14 -8.7328 4.0301
4494.3 -8.5675 4.0298
4494.47 -8.4229 4.0295
4494.63 -8.2945 4.0292
4494.79 -8.1790 4.0290
4494.96 -8.0740 4.0287
4495.12 -7.9777 4.0284
4495.28 -7.8888 4.0281
4495.44 -7.8063 4.0279
4495.61 -7.7293 4.0276
4495.77 -7.6570 4.0273
4495.93 -7.5891 4.0270
4496.1 -7.5248 4.0268
4496.26 -7.4640 4.0265
4496.42 -7.4061 4.0262
4496.59 -7.3511 4.0259
4496.75 -7.2985 4.0256
4496.91 -7.2481 4.0254
4497.07 -7.1999 4.0251
4497.24 -7.1536 4.0248
4497.4 -7.1090 4.0245
4497.56 -7.0661 4.0243
4497.73 -7.0248 4.0240
4497.89 -6.9848 4.0237
4498.05 -6.9461 4.0234
4498.22 -6.9087 4.0232
4498.38 -6.8725 4.0229
4498.54 -6.8373 4.0226
4498.71 -6.8032 4.0223
4498.87 -6.7700 4.0221
4499.03 -6.7378 4.0218
4499.2 -6.7064 4.0215
4499.36 -6.6758 4.0212
4499.52 -6.6460 4.0210
4499.69 -6.6170 4.0207
4499.85 -6.5886 4.0204
4500.01 -6.5609 4.0201
4500.18 -6.5339 4.0199
4500.34 -6.5074 4.0196
4500.5 -6.4816 4.0193
4500.67 -6.4562 4.0190
4500.83 -6.4315 4.0187
4500.99 -6.4072 4.0185
4501.16 -6.3834 4.0182
4501.32 -6.3601 4.0179
4501.48 -6.3373 4.0176
4501.65 -6.3149 4.0174
4501.81 -6.2928 4.0171
4501.97 -6.2712 4.0168
4502.14 -6.2500 4.0165
4502.3 -6.2292 4.0163
4502.46 -6.2087 4.0160
4502.63 -6.1886 4.0157
4502.79 -6.1688 4.0154
4502.95 -6.1493 4.0152
4503.12 -6.1302 4.0149
4503.28 -6.1113 4.0146
4503.44 -6.0928 4.0143
4503.61 -6.0745 4.0141
4503.77 -6.0565 4.0138
4503.94 -6.0388 4.0135
4504.1 -6.0213 4.0132
4504.26 -6.0041 4.0130
4504.43 -5.9871 4.0127
4504.59 -5.9704 4.0124
4504.75 -5.9539 4.0121
4504.92 -5.9376 4.0119
4505.08 -5.9216 4.0116
4505.25 -5.9057 4.0113
4505.41 -5.8901 4.0110
4505.57 -5.8747 4.0108
4505.74 -5.8594 4.0105
4505.9 -5.8444 4.0102
4506.06 -5.8295 4.0099
4506.23 -5.8149 4.0097
4506.39 -5.8004 4.0094
4506.56 -5.7861 4.0091
4506.72 -5.7719 4.0088
4506.88 -5.7579 4.0086
4507.05 -5.7441 4.0083
4507.21 -5.7304 4.0080
4507.37 -5.7169 4.0077
4507.54 -5.7036 4.0075
4507.7 -5.6904 4.0072
4507.87 -5.6773 4.0069
4508.03 -5.6644 4.0066
4508.19 -5.6516 4.0064
4508.36 -5.6389 4.0061
4508.52 -5.6264 4.0058
4508.69 -5.6140 4.0055
4508.85 -5.6017 4.0053
4509.01 -5.5896 4.0050
4509.18 -5.5775 4.0047
4509.34 -5.5656 4.0044
4509.51 -5.5539 4.0042
4509.67 -5.5422 4.0039
4509.83 -5.5306 4.0036
4510 -5.5192 4.0033
4510.16 -5.5078 4.0031
4510.33 -5.4966 4.0028
4510.49 -5.4854 4.0025
4510.65 -5.4744 4.0022
4510.82 -5.4635 4.0020
4510.98 -5.4526 4.0017
4511.15 -5.4419 4.0014
4511.31 -5.4313 4.0011
4511.47 -5.4207 4.0009
4511.64 -5.4102 4.0006
4511.8 -5.3999 4.0003
4511.97 -5.3896 4.0000
4512.13 -5.3794 3.9998
4512.3 -5.3693 3.9995
4512.46 -5.3593 3.9992
4512.62 -5.3493 3.9990
4512.79 -5.3394 3.9987
4512.95 -5.3297 3.9984
4513.12 -5.3200 3.9981
4513.28 -5.3103 3.9979
4513.45 -5.3008 3.9976
4513.61 -5.2913 3.9973
4513.77 -5.2819 3.9970
4513.94 -5.2726 3.9968
4514.1 -5.2633 3.9965
4514.27 -5.2541 3.9962
4514.43 -5.2450 3.9959
4514.6 -5.2359 3.9957
4514.76 -5.2269 3.9954
4514.92 -5.2180 3.9951
4515.09 -5.2092 3.9948
4515.25 -5.2004 3.9946
4515.42 -5.1916 3.9943
4515.58 -5.1830 3.9940
4515.75 -5.1744 3.9937
4515.91 -5.1658 3.9935
4516.08 -5.1573 3.9932
4516.24 -5.1489 3.9929
4516.4 -5.1405 3.9926
4516.57 -5.1322 3.9924
4516.73 -5.1239 3.9921
4524.98 -4.7691 3.9784
4541.55 -4.2677 3.9512
4558.25 -3.9096 3.9242
4575.07 -3.6297 3.8974
4592.01 -3.3994 3.8708
4609.08 -3.2034 3.8444
4626.28 -3.0326 3.8181
4643.61 -2.8812 3.7921
4661.07 -2.7452 3.7662
4678.65 -2.6218 3.7405
4696.38 -2.5087 3.7150
4714.23 -2.4100 3.6896
4732.23 -2.3429 3.6678
4750.36 -2.2522 3.6460
4768.63 -2.1670 3.6242
4787.04 -2.0868 3.6025
4805.59 -2.0108 3.5808
4824.29 -1.9388 3.5591
4843.14 -1.8702 3.5375
4862.13 -1.8049 3.5159
4881.27 -1.7424 3.4943
4900.57 -1.6827 3.4727
4920.01 -1.6253 3.4512
4939.62 -1.5703 3.4297
4959.37 -1.5173 3.4083
4979.29 -1.4664 3.3868
4999.37 -1.4172 3.3654
5019.61 -1.3697 3.3441
5040.01 -1.3239 3.3228
5060.59 -1.2795 3.3015
5081.33 -1.2366 3.2802
5102.24 -1.1950 3.2590
5123.32 -1.1546 3.2378
5144.58 -1.1155 3.2166
5166.01 -1.0775 3.1955
5187.63 -1.0406 3.1744
5209.43 -1.0048 3.1533
5231.41 -0.9699 3.1323
5253.57 -0.9360 3.1113
5275.93 -0.9029 3.0904
5298.48 -0.8708 3.0694
5321.22 -0.8394 3.0486
5344.15 -0.8089 3.0277
5367.29 -0.7791 3.0069
5390.62 -0.7501 2.9861
5414.16 -0.7217 2.9654
5437.91 -0.6941 2.9447
5461.87 -0.6671 2.9240
5486.03 -0.6407 2.9034
5510.42 -0.6150 2.8828
5535.02 -0.5899 2.8622
5559.84 -0.5653 2.8417
5584.88 -0.5413 2.8212
5610.15 -0.5178 2.8008
5635.65 -0.4949 2.7804
5661.39 -0.4725 2.7600
5687.36 -0.4506 2.7397
5713.56 -0.4291 2.7194
5740.02 -0.4081 2.6992
5766.71 -0.3876 2.6790
5793.66 -0.3676 2.6588
5820.86 -0.3479 2.6387
5848.32 -0.3276 2.6186
5876.04 -0.3088 2.5985
5904.02 -0.2904 2.5784
5932.27 -0.2724 2.5584
5960.79 -0.2548 2.5384
5989.58 -0.2376 2.5185
6018.66 -0.2207 2.4986
6048.02 -0.2042 2.4788
6077.66 -0.1881 2.4590
6107.6 -0.1723 2.4392
6137.84 -0.1568 2.4195
6168.38 -0.1417 2.3998
6199.22 -0.1268 2.3802
6230.37 -0.1123 2.3607
6261.84 -0.0982 2.3411
6293.62 -0.0843 2.3217
6325.73 -0.0707 2.3022
6358.17 -0.0574 2.2828
6390.95 -0.0444 2.2635
6424.06 -0.0317 2.2442
6457.52 -0.0192 2.2250
6491.33 -0.0071 2.2058
6525.49 0.0048 2.1866
6560.02 0.0165 2.1675
6594.91 0.0278 2.1485
6630.18 0.0390 2.1295
6665.82 0.0498 2.1105
6701.86 0.0604 2.0916
6738.28 0.0708 2.0728
6775.1 0.0810 2.0540
6812.33 0.0909 2.0352
6849.96 0.1005 2.0165
6888.02 0.1100 1.9979
6926.5 0.1192 1.9793
6965.41 0.1282 1.9607
7004.77 0.1370 1.9422
7044.57 0.1456 1.9238
7084.82 0.1539 1.9054
7125.54 0.1621 1.8871
7166.73 0.1700 1.8688
7208.39 0.1777 1.8506
7250.55 0.1853 1.8324
7293.2 0.1926 1.8143
7336.35 0.1997 1.7962
7380.02 0.2067 1.7782
7424.21 0.2134 1.7603
7468.94 0.2200 1.7424
7514.2 0.2264 1.7245
7560.02 0.2327 1.7068
7606.4 0.2387 1.6890
7653.35 0.2446 1.6714
7700.89 0.2502 1.6538
7749.02 0.2557 1.6362
7797.76 0.2610 1.6187
7847.11 0.2661 1.6013
7897.09 0.2711 1.5839
7947.71 0.2759 1.5666
7998.99 0.2805 1.5493
8050.93 0.2850 1.5322
8103.55 0.2893 1.5150
8156.86 0.2934 1.4980
8210.88 0.2974 1.4810
8265.62 0.3012 1.4640
8321.1 0.3049 1.4471
8377.32 0.3084 1.4303
8434.31 0.3118 1.4136
8492.08 0.3150 1.3969
8550.64 0.3181 1.3803
8610.02 0.3210 1.3637
8670.23 0.3238 1.3472
8731.29 0.3264 1.3308
8793.22 0.3289 1.3144
8856.02 0.3312 1.2981
8919.74 0.3334 1.2819
8984.37 0.3355 1.2657
9049.95 0.3409 1.2495
9116.5 0.3426 1.2333
9184.03 0.3441 1.2173
9252.56 0.3456 1.2013
9322.13 0.3468 1.1853
9392.75 0.3480 1.1695
9464.45 0.3505 1.1537
9537.26 0.3513 1.1380
9611.19 0.3521 1.1224
9686.28 0.3527 1.1069
9762.55 0.3532 1.0914
9840.03 0.3535 1.0761
9918.75 0.3538 1.0608
9998.74 0.3539 1.0456
10080 0.3539 1.0305
10162.7 0.3538 1.0154
10246.6 0.3535 1.0005
10332 0.3532 0.9856
10418.9 0.3527 0.9709
10507.1 0.3522 0.9562
10597 0.3515 0.9416
10688.3 0.3507 0.9271
10781.2 0.3498 0.9127
10875.8 0.3488 0.8983
10972.1 0.3477 0.8841
11070 0.3465 0.8699
11169.8 0.3452 0.8558
11271.3 0.3438 0.8419
11374.7 0.3423 0.8280
11480 0.3407 0.8142
11587.3 0.3390 0.8005
11696.6 0.3373 0.7869
11808 0.3354 0.7733
11921.6 0.3334 0.7599
12037.3 0.3314 0.7466
12155.3 0.3292 0.7333
12275.7 0.3270 0.7202
12398.4 0.3246 0.7071
12523.7 0.3222 0.6942
12651.5 0.3197 0.6813
12781.9 0.3172 0.6686
12915 0.3145 0.6559
13051 0.3118 0.6433
13189.8 0.3089 0.6308
13331.6 0.3060 0.6185
13476.6 0.3031 0.6062
13624.7 0.3000 0.5940
13776 0.2969 0.5819
13930.8 0.2937 0.5700
14089.1 0.2904 0.5581
14251.1 0.2871 0.5463
14416.8 0.2837 0.5347
14586.4 0.2802 0.5231
14760 0.2767 0.5116
14937.9 0.2730 0.5003
15120 0.2694 0.4890
15306.7 0.2656 0.4779
15498 0.2618 0.4668
15694.2 0.2580 0.4559
15895.4 0.2540 0.4451
16101.9 0.2501 0.4343
16313.7 0.2460 0.4237
16531.2 0.2419 0.4132
16754.6 0.2378 0.4028
16984.2 0.2336 0.3926
17220 0.2293 0.3824
17462.6 0.2250 0.3723
17712 0.2207 0.3624
17968.7 0.2163 0.3526
18233 0.2119 0.3428
18505.1 0.2074 0.3332
18785.5 0.2029 0.3238
19074.5 0.1983 0.3144
19372.6 0.1937 0.3051
19680.1 0.1899 0.2960
19997.5 0.1851 0.2869
20325.3 0.1803 0.2780
20664.1 0.1755 0.2692
21014.3 0.1707 0.2606
21376.6 0.1658 0.2520
21751.6 0.1609 0.2436
22140.1 0.1560 0.2353
22542.6 0.1511 0.2272
22960.1 0.1461 0.2191
23393.3 0.1411 0.2112
23843.1 0.1361 0.2035
24310.7 0.1311 0.1959
24796.9 0.1261 0.1884
25302.9 0.1210 0.1810
25830.1 0.1160 0.1738
26379.6 0.1110 0.1667
26953.1 0.1060 0.1596
27552.1 0.1010 0.1527
28178.3 0.0960 0.1459
28833.6 0.0910 0.1392
29520.1 0.0860 0.1327
30240.1 0.0809 0.1264
30996.1 0.0759 0.1202
31790.9 0.0709 0.1141
32627.5 0.0658 0.1083
33509.3 0.0608 0.1025
34440.1 0.0558 0.0969
35424.1 0.0509 0.0915
36466 0.0459 0.0862
37571 0.0410 0.0811
38745.1 0.0362 0.0762
39994.9 0.0313 0.0713
41328.1 0.0265 0.0667
42753.2 0.0218 0.0622
44280.1 0.0171 0.0579
45920.1 0.0125 0.0537
47686.3 0.0079 0.0496
49593.7 0.0034 0.0458
51660.1 -0.0010 0.0421
53906.2 -0.0054 0.0385
56356.5 -0.0096 0.0351
59040.2 -0.0138 0.0319
61992.2 -0.0179 0.0288
65254.9 -0.0219 0.0258
68880.2 -0.0258 0.0231
72932 -0.0296 0.0205
77490.2 -0.0333 0.0180
82656.2 -0.0368 0.0157
88560.2 -0.0402 0.0136
95372.6 -0.0435 0.0116
103320 -0.0466 0.0098
112713 -0.0496 0.0081
123984 -0.0524 0.0066
