4290.12  -1.0612  8.5228
4305.01  -1.0378  8.4762
4320.01  -1.0147  8.4296
4335.12  -0.9920  8.3830
4350.33  -0.9695  8.3366
4365.65  -0.9474  8.2902
4381.07  -0.9257  8.2438
4396.61  -0.9042  8.1976
4412.25  -0.8831  8.1514
4428.01  -0.8622  8.1053
4443.88  -0.8417  8.0593
4459.87  -0.8215  8.0133
4475.97  -0.8016  7.9674
4492.19  -0.7820  7.9216
4508.52  -0.7626  7.8759
4524.98  -0.7436  7.8302
4541.55  -0.7249  7.7846
4558.25  -0.7065  7.7391
4575.07  -0.6883  7.6937
4592.01  -0.6705  7.6483
4609.08  -0.6529  7.6030
4626.28  -0.6356  7.5578
4643.61  -0.6186  7.5127
4661.07  -0.6019  7.4676
4678.65  -0.5854  7.4226
4696.38  -0.5692  7.3777
4714.23  -0.5533  7.3329
4732.23  -0.5377  7.2882
4750.36  -0.5208  7.2435
4768.63  -0.5058  7.1989
4787.04  -0.4910  7.1544
4805.59  -0.4764  7.1099
4824.29  -0.4606  7.0656
4843.14  -0.4466  7.0213
4862.13  -0.4328  6.9771
4881.27  -0.4193  6.9330
4900.57  -0.4061  6.8889
4920.01  -0.3931  6.8450
4939.62  -0.3804  6.8011
4959.37  -0.3679  6.7573
4979.29  -0.3557  6.7136
4999.37  -0.3437  6.6700
5019.61  -0.3319  6.6264
5040.01  -0.3204  6.5830
5060.59  -0.3092  6.5396
5081.33  -0.2982  6.4963
5102.24  -0.2874  6.4531
5123.32  -0.2768  6.4100
5144.58  -0.2665  6.3670
5166.01  -0.2565  6.3241
5187.63  -0.2466  6.2812
5209.43  -0.2370  6.2384
5231.41  -0.2276  6.1958
5253.57  -0.2185  6.1532
5275.93  -0.2095  6.1107
5298.48  -0.2008  6.0683
5321.22  -0.1924  6.0260
5344.15  -0.1841  5.9837
5367.29  -0.1695  5.9415
5390.62  -0.1618  5.8993
5414.16  -0.1543  5.8572
5437.91  -0.1470  5.8152
5461.87  -0.1400  5.7733
5486.03  -0.1331  5.7314
5510.42  -0.1265  5.6897
5535.02  -0.1201  5.6481
5559.84  -0.1139  5.6066
5584.88  -0.1080  5.5652
5610.15  -0.0985  5.5238
5635.65  -0.0930  5.4824
5661.39  -0.0877  5.4412
5687.36  -0.0826  5.4001
5713.56  -0.0778  5.3591
5740.02  -0.0731  5.3182
5766.71  -0.0686  5.2774
5793.66  -0.0644  5.2367
5820.86  -0.0603  5.1961
5848.32  -0.0565  5.1556
5876.04  -0.0529  5.1153
5904.02  -0.0494  5.0750
5932.27  -0.0462  5.0348
5960.79  -0.0431  4.9948
5989.58  -0.0403  4.9548
6018.66  -0.0376  4.9150
6048.02  -0.0352  4.8752
6077.66  -0.0329  4.8356
6107.6  -0.0284  4.7960
6137.84  -0.0266  4.7566
6168.38  -0.0249  4.7172
6199.22  -0.0235  4.6780
6230.37  -0.0222  4.6388
6261.84  -0.0211  4.5998
6293.62  -0.0202  4.5609
6325.73  -0.0195  4.5221
6358.17  -0.0190  4.4834
6390.95  -0.0186  4.4449
6424.06  -0.0185  4.4064
6457.52  -0.0185  4.3681
6491.33  -0.0187  4.3299
6525.49  -0.0191  4.2918
6560.02  -0.0196  4.2538
6594.91  -0.0204  4.2160
6630.18  -0.0213  4.1782
6665.82  -0.0224  4.1406
6701.86  -0.0237  4.1031
6738.28  -0.0251  4.0657
6775.1  -0.0268  4.0284
6812.33  -0.0286  3.9913
6849.96  -0.0305  3.9542
6888.02  -0.0327  3.9173
6926.5  -0.0350  3.8806
6965.41  -0.0375  3.8439
7004.77  -0.0402  3.8074
7044.57  -0.0430  3.7709
7084.82  -0.0460  3.7347
7125.54  -0.0492  3.6985
7166.73  -0.0525  3.6624
7208.39  -0.0560  3.6265
7250.55  -0.0597  3.5907
7293.2  -0.0635  3.5551
7336.35  -0.0675  3.5195
7380.02  -0.0717  3.4841
7424.21  -0.0760  3.4489
7468.94  -0.0805  3.4137
7514.2  -0.0852  3.3787
7560.02  -0.0900  3.3438
7606.4  -0.0950  3.3090
7653.35  -0.1002  3.2744
7700.89  -0.1055  3.2399
7749.02  -0.1109  3.2055
7797.76  -0.1166  3.1713
7847.11  -0.1224  3.1372
7897.09  -0.1283  3.1032
7947.71  -0.1345  3.0694
7998.99  -0.1402  3.0357
8050.93  -0.1467  3.0021
8103.55  -0.1533  2.9687
8156.86  -0.1601  2.9354
8210.88  -0.1671  2.9022
8265.62  -0.1742  2.8692
8321.1  -0.1815  2.8363
8377.32  -0.1887  2.8036
8434.31  -0.1963  2.7710
8492.08  -0.2041  2.7385
8550.64  -0.2120  2.7062
8610.02  -0.2201  2.6740
8670.23  -0.2284  2.6420
8731.29  -0.2368  2.6101
8793.22  -0.2454  2.5784
8856.02  -0.2541  2.5468
8919.74  -0.2628  2.5152
8984.37  -0.2715  2.4837
9049.95  -0.2804  2.4524
9116.5  -0.2896  2.4212
9184.03  -0.2989  2.3901
9252.56  -0.3085  2.3592
9322.13  -0.3183  2.3285
9392.75  -0.3283  2.2979
9464.45  -0.3385  2.2675
9537.26  -0.3489  2.2373
9611.19  -0.3595  2.2072
9686.28  -0.3702  2.1773
9762.55  -0.3812  2.1475
9840.03  -0.3923  2.1180
9918.75  -0.4037  2.0885
9998.74  -0.4152  2.0593
10080  -0.4269  2.0302
10162.7  -0.4388  2.0012
10246.6  -0.4510  1.9725
10332  -0.4630  1.9439
10418.9  -0.4755  1.9154
10507.1  -0.4882  1.8872
10597  -0.5011  1.8591
10688.3  -0.5142  1.8311
10781.2  -0.5275  1.8034
10875.8  -0.5411  1.7758
10972.1  -0.5548  1.7484
11070  -0.5688  1.7211
11169.8  -0.5830  1.6941
11271.3  -0.5975  1.6672
11374.7  -0.6122  1.6404
11480  -0.6271  1.6139
11587.3  -0.6423  1.5875
11696.6  -0.6547  1.5612
11808  -0.6705  1.5351
11921.6  -0.6866  1.5092
12037.3  -0.7030  1.4835
12155.3  -0.7170  1.4579
12275.7  -0.7341  1.4324
12398.4  -0.7515  1.4072
12523.7  -0.7693  1.3821
12651.5  -0.7875  1.3572
12781.9  -0.8060  1.3326
12915  -0.8249  1.3081
13051  -0.8443  1.2838
13189.8  -0.8610  1.2596
13331.6  -0.8814  1.2356
13476.6  -0.9022  1.2118
13624.7  -0.9236  1.1882
13776  -0.9456  1.1648
13930.8  -0.9682  1.1415
14089.1  -0.9915  1.1185
14251.1  -1.0154  1.0957
14416.8  -1.0402  1.0731
14586.4  -1.0658  1.0507
14760  -1.0922  1.0285
14937.9  -1.1197  1.0065
15120  -1.1483  0.9847
15306.7  -1.1781  0.9631
15498  -1.2092  0.9417
15694.2  -1.2418  0.9205
15895.4  -1.2760  0.8995
16101.9  -1.3121  0.8787
16313.7  -1.3503  0.8582
16531.2  -1.3909  0.8378
16754.6  -1.4342  0.8177
16984.2  -1.4807  0.7978
17220  -1.5308  0.7780
17462.6  -1.5854  0.7585
17712  -1.6451  0.7393
17968.7  -1.7111  0.7202
18233  -1.7849  0.7013
18505.1  -1.8686  0.6827
18785.5  -1.9648  0.6642
19074.5  -2.0779  0.6460
19372.6  -2.2143  0.6280
19680.1  -2.3852  0.6103
19997.5  -2.6113  0.5927
20325.3  -2.9391  0.5754
20564.7  -3.3014  0.5632
20568.1  -3.3079  0.5630
20571.5  -3.3144  0.5629
20574.9  -3.3210  0.5627
20578.3  -3.3276  0.5625
20581.7  -3.3343  0.5623
20585.1  -3.3410  0.5622
20588.6  -3.3478  0.5620
20592  -3.3547  0.5618
20595.4  -3.3616  0.5617
20598.8  -3.3685  0.5615
20602.3  -3.3755  0.5613
20605.7  -3.3826  0.5612
20609.1  -3.3897  0.5610
20612.5  -3.3969  0.5608
20616  -3.4042  0.5606
20619.4  -3.4115  0.5605
20622.8  -3.4189  0.5603
20626.2  -3.4264  0.5601
20629.7  -3.4339  0.5600
20633.1  -3.4415  0.5598
20636.5  -3.4492  0.5596
20640  -3.4569  0.5595
20643.4  -3.4647  0.5593
20646.9  -3.4726  0.5591
20650.3  -3.4805  0.5589
20653.7  -3.4886  0.5588
20657.2  -3.4967  0.5586
20660.6  -3.5049  0.5584
20664.1  -3.5131  0.5583
20667.5  -3.5215  0.5581
20670.9  -3.5299  0.5579
20674.4  -3.5384  0.5578
20677.8  -3.5470  0.5576
20681.3  -3.5557  0.5574
20684.7  -3.5645  0.5572
20688.2  -3.5734  0.5571
20691.6  -3.5823  0.5569
20695.1  -3.5914  0.5567
20698.6  -3.6006  0.5566
20702  -3.6098  0.5564
20705.5  -3.6192  0.5562
20708.9  -3.6286  0.5561
20712.4  -3.6382  0.5559
20715.8  -3.6479  0.5557
20719.3  -3.6577  0.5555
20722.8  -3.6676  0.5554
20726.2  -3.6776  0.5552
20729.7  -3.6877  0.5550
20733.2  -3.6980  0.5549
20736.6  -3.7084  0.5547
20740.1  -3.7189  0.5545
20743.6  -3.7295  0.5544
20747  -3.7403  0.5542
20750.5  -3.7512  0.5540
20754  -3.7622  0.5539
20757.5  -3.7734  0.5537
20760.9  -3.7848  0.5535
20764.4  -3.7962  0.5533
20767.9  -3.8079  0.5532
20771.4  -3.8197  0.5530
20774.9  -3.8316  0.5528
20778.3  -3.8437  0.5527
20781.8  -3.8560  0.5525
20785.3  -3.8685  0.5523
20788.8  -3.8811  0.5522
20792.3  -3.8940  0.5520
20795.8  -3.9070  0.5518
20799.3  -3.9202  0.5517
20802.7  -3.9336  0.5515
20806.2  -3.9473  0.5513
20809.7  -3.9611  0.5511
20813.2  -3.9752  0.5510
20816.7  -3.9894  0.5508
20820.2  -4.0040  0.5506
20823.7  -4.0187  0.5505
20827.2  -4.0337  0.5503
20830.7  -4.0490  0.5501
20834.2  -4.0645  0.5500
20837.7  -4.0804  0.5498
20841.2  -4.0964  0.5496
20844.7  -4.1128  0.5495
20848.2  -4.1295  0.5493
20851.7  -4.1465  0.5491
20855.2  -4.1639  0.5489
20858.7  -4.1816  0.5488
20862.2  -4.1996  0.5486
20865.8  -4.2180  0.5484
20869.3  -4.2368  0.5483
20872.8  -4.2560  0.5481
20876.3  -4.2756  0.5479
20879.8  -4.2956  0.5478
20883.3  -4.3161  0.5476
20886.9  -4.3370  0.5474
20890.4  -4.3585  0.5473
20893.9  -4.3805  0.5471
20897.4  -4.4030  0.5469
20900.9  -4.4260  0.5468
20904.5  -4.4497  0.5466
20908  -4.4740  0.5464
20911.5  -4.4990  0.5463
20915  -4.5246  0.5461
20918.6  -4.5510  0.5459
20922.1  -4.5781  0.5457
20925.6  -4.6061  0.5456
20929.2  -4.6350  0.5454
20932.7  -4.6648  0.5452
20936.2  -4.6955  0.5451
20939.8  -4.7273  0.5449
20943.3  -4.7602  0.5447
20946.8  -4.7944  0.5446
20950.4  -4.8298  0.5444
20953.9  -4.8666  0.5442
20957.5  -4.9049  0.5441
20961  -4.9449  0.5439
20964.5  -4.9866  0.5437
20968.1  -5.0302  0.5436
20971.6  -5.0759  0.5434
20975.2  -5.1240  0.5432
20978.7  -5.1746  0.5431
20982.3  -5.2280  0.5429
20985.8  -5.2847  0.5427
20989.4  -5.3449  0.5426
20992.9  -5.4091  0.5424
20996.5  -5.4779  0.5422
21000.1  -5.5520  0.5420
21003.6  -5.6323  0.5419
21007.2  -5.7199  0.5417
21010.7  -5.8162  0.5415
21014.3  -5.9231  0.5414
21017.9  -6.0432  0.5412
21021.4  -6.1802  0.5410
21025  -6.3396  0.5409
21028.6  -6.5301  0.5407
21032.1  -6.7665  0.5405
21035.7  -7.0782  0.5404
21039.3  -7.5362  0.5402
21042.8  -8.4136  0.5400
21046.4  -9.2979  3.6783
21050  -7.8157  3.6771
21053.5  -7.2416  3.6760
21057.1  -6.8782  3.6748
21060.7  -6.6115  3.6736
21064.3  -6.4005  3.6725
21067.9  -6.2259  3.6713
21071.4  -6.0769  3.6702
21075  -5.9469  3.6690
21078.6  -5.8316  3.6678
21082.2  -5.7279  3.6667
21085.8  -5.6337  3.6655
21089.4  -5.5475  3.6644
21092.9  -5.4678  3.6632
21096.5  -5.3939  3.6620
21100.1  -5.3249  3.6609
21103.7  -5.2602  3.6597
21107.3  -5.1993  3.6586
21110.9  -5.1418  3.6574
21114.5  -5.0872  3.6563
21118.1  -5.0354  3.6551
21121.7  -4.9860  3.6540
21125.3  -4.9388  3.6528
21128.9  -4.8937  3.6517
21132.5  -4.8504  3.6505
21136.1  -4.8089  3.6493
21139.7  -4.7689  3.6482
21143.3  -4.7303  3.6470
21146.9  -4.6931  3.6459
21150.5  -4.6572  3.6447
21154.1  -4.6224  3.6436
21157.7  -4.5888  3.6424
21161.3  -4.5562  3.6413
21165  -4.5245  3.6401
21168.6  -4.4938  3.6390
21172.2  -4.4639  3.6378
21175.8  -4.4348  3.6367
21179.4  -4.4065  3.6355
21183  -4.3790  3.6344
21186.7  -4.3521  3.6332
21190.3  -4.3259  3.6321
21193.9  -4.3003  3.6309
21197.5  -4.2753  3.6298
21201.2  -4.2508  3.6287
21204.8  -4.2269  3.6275
21208.4  -4.2035  3.6264
21212  -4.1806  3.6252
21215.7  -4.1582  3.6241
21219.3  -4.1363  3.6229
21222.9  -4.1147  3.6218
21226.6  -4.0936  3.6206
21230.2  -4.0729  3.6195
21233.8  -4.0526  3.6183
21237.5  -4.0326  3.6172
21241.1  -4.0130  3.6161
21244.7  -3.9938  3.6149
21248.4  -3.9749  3.6138
21252  -3.9563  3.6126
21255.7  -3.9380  3.6115
21259.3  -3.9200  3.6103
21263  -3.9023  3.6092
21266.6  -3.8849  3.6081
21270.3  -3.8678  3.6069
21273.9  -3.8509  3.6058
21277.6  -3.8343  3.6046
21281.2  -3.8179  3.6035
21284.9  -3.8018  3.6024
21288.5  -3.7859  3.6012
21292.2  -3.7702  3.6001
21295.8  -3.7547  3.5990
21299.5  -3.7395  3.5978
21303.2  -3.7244  3.5967
21306.8  -3.7096  3.5955
21310.5  -3.6950  3.5944
21314.1  -3.6805  3.5933
21317.8  -3.6662  3.5921
21321.5  -3.6522  3.5910
21325.1  -3.6382  3.5899
21328.8  -3.6245  3.5887
21332.5  -3.6109  3.5876
21336.1  -3.5975  3.5865
21339.8  -3.5843  3.5853
21343.5  -3.5712  3.5842
21347.2  -3.5582  3.5831
21350.8  -3.5455  3.5819
21354.5  -3.5328  3.5808
21358.2  -3.5203  3.5797
21361.9  -3.5079  3.5785
21365.6  -3.4957  3.5774
21369.2  -3.4836  3.5763
21372.9  -3.4716  3.5751
21376.6  -3.4598  3.5740
21380.3  -3.4481  3.5729
21384  -3.4364  3.5717
21387.7  -3.4250  3.5706
21391.4  -3.4136  3.5695
21395.1  -3.4023  3.5684
21398.7  -3.3912  3.5672
21402.4  -3.3802  3.5661
21406.1  -3.3692  3.5650
21409.8  -3.3584  3.5638
21413.5  -3.3477  3.5627
21417.2  -3.3371  3.5616
21420.9  -3.3266  3.5605
21424.6  -3.3161  3.5593
21428.3  -3.3058  3.5582
21432  -3.2956  3.5571
21435.7  -3.2854  3.5560
21439.5  -3.2754  3.5548
21443.2  -3.2654  3.5537
21446.9  -3.2555  3.5526
21450.6  -3.2457  3.5515
21454.3  -3.2360  3.5503
21458  -3.2264  3.5492
21461.7  -3.2169  3.5481
21465.4  -3.2074  3.5470
21469.2  -3.1980  3.5458
21472.9  -3.1887  3.5447
21476.6  -3.1795  3.5436
21480.3  -3.1703  3.5425
21484  -3.1612  3.5414
21487.8  -3.1522  3.5402
21491.5  -3.1433  3.5391
21495.2  -3.1344  3.5380
21498.9  -3.1256  3.5369
21502.7  -3.1168  3.5358
21506.4  -3.1082  3.5346
21510.1  -3.0996  3.5335
21513.9  -3.0910  3.5324
21517.6  -3.0825  3.5313
21521.3  -3.0741  3.5302
21525.1  -3.0658  3.5290
21528.8  -3.0575  3.5279
21532.5  -3.0492  3.5268
21536.3  -3.0410  3.5257
21540  -3.0329  3.5246
21543.8  -3.0249  3.5235
21547.5  -3.0169  3.5224
21551.3  -3.0089  3.5212
21555  -3.0010  3.5201
21558.7  -2.9932  3.5190
21562.5  -2.9854  3.5179
21751.6  -2.6509  3.4626
22140.1  -2.2054  3.3562
22542.6  -1.8693  3.2611
22960.1  -1.6072  3.1665
23393.3  -1.3930  3.0727
23843.1  -1.2125  2.9795
24310.7  -1.0574  2.8870
24796.9  -0.9223  2.7952
25302.9  -0.8035  2.7041
25830.1  -0.6981  2.6137
26379.6  -0.6042  2.5242
26953.1  -0.5205  2.4354
27552.1  -0.4446  2.3473
28178.3  -0.3778  2.2601
28833.6  -0.3179  2.1741
29520.1  -0.2644  2.0891
30240.1  -0.2166  2.0053
30996.1  -0.1741  1.9227
31790.9  -0.1364  1.8412
32627.5  -0.1032  1.7610
33509.3  -0.0742  1.6820
34440.1  -0.0490  1.6042
35424.1  -0.0275  1.5278
36466  -0.0094  1.4526
37571  0.0056  1.3789
38745.1  0.0175  1.3064
39994.9  0.0265  1.2354
41328.1  0.0329  1.1659
42753.2  0.0401  1.0975
44280.1  0.0411  1.0304
45920.1  0.0397  0.9650
47686.3  0.0361  0.9012
49593.7  0.0305  0.8392
51660.1  0.0229  0.7790
53906.2  0.0136  0.7205
56356.5  0.0025  0.6640
59040.2  -0.0102  0.6093
61992.2  -0.0243  0.5565
65254.9  -0.0398  0.5058
68880.2  -0.0566  0.4570
72932  -0.0744  0.4104
77490.2  -0.0933  0.3658
82656.2  -0.1133  0.3234
88560.2  -0.1342  0.2833
95372.6  -0.1556  0.2457
103320  -0.1775  0.2107
112713  -0.1995  0.1781
123984  -0.2215  0.1481
