4290.12 -5.3312 16.2804
4305.01 -5.3072 16.1977
4320.01 -5.2836 16.1151
4335.12 -5.2603 16.0326
4350.33 -5.2375 15.9502
4365.65 -5.2150 15.8679
4381.07 -5.1929 15.7857
4396.61 -5.1712 15.7036
4412.25 -5.1498 15.6216
4428.01 -5.1288 15.5397
4443.88 -5.1082 15.4580
4459.87 -5.0880 15.3763
4475.97 -5.0681 15.2947
4492.19 -5.0486 15.2132
4508.52 -5.0295 15.1319
4524.98 -5.0107 15.0506
4541.55 -4.9922 14.9694
4558.25 -4.9742 14.8884
4575.07 -4.9565 14.8074
4592.01 -4.9392 14.7266
4609.08 -4.9222 14.6459
4626.28 -4.9056 14.5652
4643.61 -4.8893 14.4847
4661.07 -4.8734 14.4043
4678.65 -4.8579 14.3240
4696.38 -4.8427 14.2438
4714.23 -4.8278 14.1637
4732.23 -4.8133 14.0838
4750.36 -4.7992 14.0039
4768.63 -4.7854 13.9242
4787.04 -4.7720 13.8445
4805.59 -4.7590 13.7650
4824.29 -4.7462 13.6856
4843.14 -4.7339 13.6063
4862.13 -4.7218 13.5271
4881.27 -4.7102 13.4480
4900.57 -4.6989 13.3691
4920.01 -4.6742 13.2902
4939.62 -4.6637 13.2111
4959.37 -4.6536 13.1322
4979.29 -4.6438 13.0535
4999.37 -4.6344 12.9748
5019.61 -4.6253 12.8963
5040.01 -4.6166 12.8179
5060.59 -4.6082 12.7396
5081.33 -4.6002 12.6614
5102.24 -4.5925 12.5834
5123.32 -4.5768 12.5055
5144.58 -4.5704 12.4277
5166.01 -4.5639 12.3500
5187.63 -4.5577 12.2724
5209.43 -4.5520 12.1950
5231.41 -4.5465 12.1176
5253.57 -4.5415 12.0405
5275.93 -4.5367 11.9634
5298.48 -4.5324 11.8865
5321.22 -4.5284 11.8097
5344.15 -4.5247 11.7331
5367.29 -4.5214 11.6566
5390.62 -4.5185 11.5802
5414.16 -4.5159 11.5039
5437.91 -4.5065 11.4278
5461.87 -4.5048 11.3518
5486.03 -4.5034 11.2759
5510.42 -4.5024 11.2001
5535.02 -4.5017 11.1245
5559.84 -4.5014 11.0491
5584.88 -4.4921 10.9737
5610.15 -4.4926 10.8983
5635.65 -4.4935 10.8231
5661.39 -4.4948 10.7479
5687.36 -4.4965 10.6730
5713.56 -4.4985 10.5981
5740.02 -4.5009 10.5235
5766.71 -4.5037 10.4489
5793.66 -4.5069 10.3746
5820.86 -4.5104 10.3003
5848.32 -4.5144 10.2263
5876.04 -4.5187 10.1523
5904.02 -4.5234 10.0786
5932.27 -4.5285 10.0050
5960.79 -4.5340 9.9315
5989.58 -4.5399 9.8582
6018.66 -4.5463 9.7851
6048.02 -4.5530 9.7121
6077.66 -4.5601 9.6392
6107.6 -4.5645 9.5665
6137.84 -4.5725 9.4940
6168.38 -4.5809 9.4215
6199.22 -4.5897 9.3492
6230.37 -4.5990 9.2771
6261.84 -4.6087 9.2052
6293.62 -4.6188 9.1334
6325.73 -4.6294 9.0618
6358.17 -4.6404 8.9904
6390.95 -4.6519 8.9191
6424.06 -4.6638 8.8480
6457.52 -4.6762 8.7770
6491.33 -4.6891 8.7063
6525.49 -4.7024 8.6357
6560.02 -4.7162 8.5652
6594.91 -4.7305 8.4950
6630.18 -4.7453 8.4249
6665.82 -4.7607 8.3550
6701.86 -4.7765 8.2852
6738.28 -4.7928 8.2157
6775.1 -4.8097 8.1463
6812.33 -4.8271 8.0771
6849.96 -4.8451 8.0081
6888.02 -4.8636 7.9392
6926.5 -4.8827 7.8705
6965.41 -4.9024 7.8020
7004.77 -4.9227 7.7337
7044.57 -4.9436 7.6656
7084.82 -4.9651 7.5977
7125.54 -4.9872 7.5299
7166.73 -5.0100 7.4623
7208.39 -5.0335 7.3949
7250.55 -5.0577 7.3277
7293.2 -5.0826 7.2607
7336.35 -5.1082 7.1939
7380.02 -5.1345 7.1272
7424.21 -5.1617 7.0608
7468.94 -5.1896 6.9945
7514.2 -5.2183 6.9285
7560.02 -5.2479 6.8626
7606.4 -5.2783 6.7969
7653.35 -5.3097 6.7314
7700.89 -5.3420 6.6661
7749.02 -5.3753 6.6011
7797.76 -5.4096 6.5362
7847.11 -5.4449 6.4715
7897.09 -5.4813 6.4070
7947.71 -5.5189 6.3427
7998.99 -5.5576 6.2786
8050.93 -5.5976 6.2147
8103.55 -5.6389 6.1510
8156.86 -5.6815 6.0875
8210.88 -5.7256 6.0242
8265.62 -5.7712 5.9612
8321.1 -5.8183 5.8983
8377.32 -5.8672 5.8357
8434.31 -5.9178 5.7732
8492.08 -5.9703 5.7110
8550.64 -6.0245 5.6490
8610.02 -6.0811 5.5872
8670.23 -6.1399 5.5256
8731.29 -6.2011 5.4642
8793.22 -6.2648 5.4030
8856.02 -6.3314 5.3421
8919.74 -6.3994 5.2812
8984.37 -6.4691 5.2201
9049.95 -6.5440 5.1593
9116.5 -6.6233 5.0988
9184.03 -6.7072 5.0385
9252.56 -6.7957 4.9784
9322.13 -6.8895 4.9186
9392.75 -6.9888 4.8591
9464.45 -7.0944 4.7998
9537.26 -7.2070 4.7408
9611.19 -7.3273 4.6820
9686.28 -7.4566 4.6235
9762.55 -7.5961 4.5653
9840.03 -7.7475 4.5073
9918.75 -7.9126 4.4496
9998.74 -8.0943 4.3922
10080 -8.2959 4.3350
10162.7 -8.5222 4.2781
10246.6 -8.7798 4.2214
10332 -9.0748 4.1650
10418.9 -9.4296 4.1089
10507.1 -9.8660 4.0530
10597 -10.4324 3.9974
10688.3 -11.2304 3.9420
10744.8 -11.9648 3.9083
10745.7 -11.9795 3.9077
10746.7 -11.9943 3.9072
10747.6 -12.0092 3.9066
10748.5 -12.0243 3.9061
10749.5 -12.0394 3.9055
10750.4 -12.0547 3.9050
10751.3 -12.0701 3.9044
10752.3 -12.0856 3.9039
10753.2 -12.1012 3.9033
10754.1 -12.1170 3.9028
10755.1 -12.1329 3.9022
10756 -12.1489 3.9016
10756.9 -12.1651 3.9011
10757.9 -12.1814 3.9005
10758.8 -12.1978 3.9000
10759.7 -12.2144 3.8994
10760.7 -12.2311 3.8989
10761.6 -12.2480 3.8983
10762.5 -12.2650 3.8978
10763.5 -12.2821 3.8972
10764.4 -12.2994 3.8967
10765.3 -12.3169 3.8961
10766.3 -12.3345 3.8956
10767.2 -12.3523 3.8950
10768.1 -12.3702 3.8945
10769.1 -12.3883 3.8939
10770 -12.4066 3.8934
10770.9 -12.4251 3.8928
10771.9 -12.4437 3.8923
10772.8 -12.4625 3.8917
10773.8 -12.4815 3.8912
10774.7 -12.5007 3.8906
10775.6 -12.5201 3.8901
10776.6 -12.5396 3.8895
10777.5 -12.5594 3.8890
10778.4 -12.5794 3.8884
10779.4 -12.5995 3.8879
10780.3 -12.6199 3.8873
10781.2 -12.6405 3.8868
10782.2 -12.6613 3.8862
10783.1 -12.6824 3.8857
10784.1 -12.7036 3.8851
10785 -12.7251 3.8846
10785.9 -12.7469 3.8840
10786.9 -12.7689 3.8835
10787.8 -12.7911 3.8829
10788.8 -12.8136 3.8823
10789.7 -12.8364 3.8818
10790.6 -12.8594 3.8812
10791.6 -12.8827 3.8807
10792.5 -12.9063 3.8801
10793.4 -12.9301 3.8796
10794.4 -12.9543 3.8790
10795.3 -12.9787 3.8785
10796.3 -13.0035 3.8779
10797.2 -13.0286 3.8774
10798.1 -13.0540 3.8768
10799.1 -13.0798 3.8763
10800 -13.1058 3.8757
10801 -13.1323 3.8752
10801.9 -13.1591 3.8746
10802.9 -13.1863 3.8741
10803.8 -13.2138 3.8735
10804.7 -13.2418 3.8730
10805.7 -13.2701 3.8724
10806.6 -13.2989 3.8719
10807.6 -13.3281 3.8713
10808.5 -13.3577 3.8708
10809.4 -13.3878 3.8702
10810.4 -13.4184 3.8697
10811.3 -13.4494 3.8691
10812.3 -13.4809 3.8686
10813.2 -13.5130 3.8680
10814.2 -13.5456 3.8675
10815.1 -13.5787 3.8669
10816 -13.6124 3.8664
10817 -13.6467 3.8658
10817.9 -13.6816 3.8653
10818.9 -13.7171 3.8647
10819.8 -13.7532 3.8642
10820.8 -13.7901 3.8636
10821.7 -13.8276 3.8631
10822.7 -13.8659 3.8625
10823.6 -13.9050 3.8620
10824.5 -13.9448 3.8614
10825.5 -13.9854 3.8609
10826.4 -14.0269 3.8603
10827.4 -14.0693 3.8598
10828.3 -14.1126 3.8592
10829.3 -14.1569 3.8587
10830.2 -14.2022 3.8581
10831.2 -14.2486 3.8576
10832.1 -14.2960 3.8570
10833.1 -14.3447 3.8565
10834 -14.3945 3.8559
10835 -14.4457 3.8554
10835.9 -14.4982 3.8548
10836.8 -14.5521 3.8543
10837.8 -14.6076 3.8537
10838.7 -14.6646 3.8532
10839.7 -14.7234 3.8526
10840.6 -14.7839 3.8521
10841.6 -14.8463 3.8515
10842.5 -14.9108 3.8510
10843.5 -14.9774 3.8504
10844.4 -15.0463 3.8499
10845.4 -15.1177 3.8493
10846.3 -15.1917 3.8488
10847.3 -15.2686 3.8482
10848.2 -15.3486 3.8477
10849.2 -15.4320 3.8471
10850.1 -15.5190 3.8466
10851.1 -15.6099 3.8460
10852 -15.7052 3.8455
10853 -15.8053 3.8450
10853.9 -15.9107 3.8444
10854.9 -16.0219 3.8439
10855.8 -16.1397 3.8433
10856.8 -16.2648 3.8428
10857.7 -16.3983 3.8422
10858.7 -16.5413 3.8417
10859.6 -16.6954 3.8411
10860.6 -16.8623 3.8406
10861.5 -17.0443 3.8400
10862.5 -17.2445 3.8395
10863.4 -17.4669 3.8389
10864.4 -17.7170 3.8384
10865.3 -18.0026 3.8378
10866.3 -18.3357 3.8373
10867.2 -18.7350 3.8367
10868.2 -19.2334 3.8362
10869.1 -19.8970 3.8356
10870.1 -20.8920 3.8351
10871.1 -22.9361 3.8345
10872 -23.5547 10.2090
10873 -21.1065 10.2075
10873.9 -20.0276 10.2060
10874.9 -19.3260 10.2045
10875.8 -18.8051 10.2030
10876.8 -18.3905 10.2015
10877.7 -18.0461 10.2000
10878.7 -17.7514 10.1985
10879.6 -17.4939 10.1970
10880.6 -17.2652 10.1955
10881.5 -17.0594 10.1939
10882.5 -16.8725 10.1924
10883.5 -16.7012 10.1909
10884.4 -16.5431 10.1894
10885.4 -16.3963 10.1879
10886.3 -16.2593 10.1864
10887.3 -16.1309 10.1849
10888.2 -16.0100 10.1834
10889.2 -15.8959 10.1819
10890.1 -15.7877 10.1804
10891.1 -15.6849 10.1789
10892.1 -15.5871 10.1773
10893 -15.4936 10.1758
10894 -15.4043 10.1743
10894.9 -15.3186 10.1728
10895.9 -15.2363 10.1713
10896.8 -15.1572 10.1698
10897.8 -15.0811 10.1683
10898.8 -15.0076 10.1668
10899.7 -14.9367 10.1653
10900.7 -14.8681 10.1638
10901.6 -14.8017 10.1623
10902.6 -14.7374 10.1608
10903.6 -14.6750 10.1592
10904.5 -14.6144 10.1577
10905.5 -14.5556 10.1562
10906.4 -14.4984 10.1547
10907.4 -14.4428 10.1532
10908.4 -14.3886 10.1517
10909.3 -14.3357 10.1502
10910.3 -14.2842 10.1487
10911.2 -14.2340 10.1472
10912.2 -14.1849 10.1457
10913.2 -14.1370 10.1442
10914.1 -14.0901 10.1427
10915.1 -14.0443 10.1412
10916 -13.9995 10.1397
10917 -13.9557 10.1381
10918 -13.9127 10.1366
10918.9 -13.8706 10.1351
10919.9 -13.8294 10.1336
10920.8 -13.7889 10.1321
10921.8 -13.7493 10.1306
10922.8 -13.7103 10.1291
10923.7 -13.6721 10.1276
10924.7 -13.6346 10.1261
10925.7 -13.5978 10.1246
10926.6 -13.5616 10.1231
10927.6 -13.5260 10.1216
10928.5 -13.4910 10.1201
10929.5 -13.4566 10.1186
10930.5 -13.4228 10.1171
10931.4 -13.3895 10.1155
10932.4 -13.3567 10.1140
10933.4 -13.3244 10.1125
10934.3 -13.2927 10.1110
10935.3 -13.2614 10.1095
10936.3 -13.2306 10.1080
10937.2 -13.2002 10.1065
10938.2 -13.1703 10.1050
10939.2 -13.1408 10.1035
10940.1 -13.1117 10.1020
10941.1 -13.0830 10.1005
10942 -13.0547 10.0990
10943 -13.0268 10.0975
10944 -12.9992 10.0960
10944.9 -12.9721 10.0945
10945.9 -12.9452 10.0930
10946.9 -12.9188 10.0915
10947.8 -12.8926 10.0900
10948.8 -12.8668 10.0885
10949.8 -12.8413 10.0869
10950.7 -12.8161 10.0854
10951.7 -12.7912 10.0839
10952.7 -12.7666 10.0824
10953.6 -12.7423 10.0809
10954.6 -12.7183 10.0794
10955.6 -12.6945 10.0779
10956.6 -12.6710 10.0764
10957.5 -12.6478 10.0749
10958.5 -12.6249 10.0734
10959.5 -12.6022 10.0719
10960.4 -12.5797 10.0704
10961.4 -12.5575 10.0689
10962.4 -12.5355 10.0674
10963.3 -12.5138 10.0659
10964.3 -12.4922 10.0644
10965.3 -12.4709 10.0629
10966.2 -12.4499 10.0614
10967.2 -12.4290 10.0599
10968.2 -12.4083 10.0584
10969.2 -12.3879 10.0569
10970.1 -12.3676 10.0554
10971.1 -12.3476 10.0539
10972.1 -12.3277 10.0524
10973 -12.3080 10.0509
10974 -12.2885 10.0494
10975 -12.2692 10.0479
10976 -12.2501 10.0463
10976.9 -12.2312 10.0448
10977.9 -12.2124 10.0433
10978.9 -12.1938 10.0418
10979.8 -12.1754 10.0403
10980.8 -12.1571 10.0388
10981.8 -12.1390 10.0373
10982.8 -12.1210 10.0358
10983.7 -12.1032 10.0343
10984.7 -12.0856 10.0328
10985.7 -12.0681 10.0313
10986.6 -12.0507 10.0298
10987.6 -12.0335 10.0283
10988.6 -12.0165 10.0268
10989.6 -11.9996 10.0253
10990.5 -11.9828 10.0238
10991.5 -11.9661 10.0223
10992.5 -11.9496 10.0208
10993.5 -11.9333 10.0193
10994.4 -11.9170 10.0178
10995.4 -11.9009 10.0163
10996.4 -11.8849 10.0148
10997.4 -11.8690 10.0133
10998.3 -11.8533 10.0118
10999.3 -11.8377 10.0103
11000.3 -11.8222 10.0088
11001.3 -11.8068 10.0073
11002.2 -11.7915 10.0058
11003.2 -11.7763 10.0043
11004.2 -11.7613 10.0028
11005.2 -11.7464 10.0013
11006.2 -11.7315 9.9998
11007.1 -11.7168 9.9983
11008.1 -11.7022 9.9968
11009.1 -11.6877 9.9953
11010.1 -11.6733 9.9938
11011 -11.6590 9.9923
11070 -10.9466 9.9024
11169.8 -10.1450 9.7531
11271.3 -9.5955 9.6045
11374.7 -9.1940 9.4565
11480 -8.8914 9.3087
11587.3 -8.6724 9.1615
11696.6 -8.5234 9.0150
11808 -8.4424 8.8694
11921.6 -8.4366 8.7246
12037.3 -8.5275 8.5805
12155.3 -8.7639 8.4372
12216.4 -8.9963 8.3644
12217.6 -9.0020 8.3630
12218.8 -9.0078 8.3615
12220 -9.0136 8.3601
12221.2 -9.0195 8.3587
12222.4 -9.0255 8.3572
12223.6 -9.0315 8.3558
12224.8 -9.0376 8.3544
12226 -9.0437 8.3530
12227.3 -9.0499 8.3515
12228.5 -9.0562 8.3501
12229.7 -9.0625 8.3487
12230.9 -9.0689 8.3473
12232.1 -9.0753 8.3458
12233.3 -9.0818 8.3444
12234.5 -9.0884 8.3430
12235.7 -9.0951 8.3416
12236.9 -9.1018 8.3401
12238.1 -9.1086 8.3387
12239.3 -9.1155 8.3373
12240.5 -9.1224 8.3359
12241.7 -9.1294 8.3344
12242.9 -9.1365 8.3330
12244.2 -9.1437 8.3316
12245.4 -9.1509 8.3302
12246.6 -9.1582 8.3288
12247.8 -9.1657 8.3273
12249 -9.1731 8.3259
12250.2 -9.1807 8.3245
12251.4 -9.1884 8.3231
12252.6 -9.1961 8.3216
12253.8 -9.2039 8.3202
12255.1 -9.2119 8.3188
12256.3 -9.2199 8.3174
12257.5 -9.2280 8.3159
12258.7 -9.2362 8.3145
12259.9 -9.2445 8.3131
12261.1 -9.2529 8.3117
12262.3 -9.2614 8.3103
12263.5 -9.2700 8.3088
12264.7 -9.2787 8.3074
12266 -9.2875 8.3060
12267.2 -9.2964 8.3046
12268.4 -9.3054 8.3031
12269.6 -9.3146 8.3017
12270.8 -9.3238 8.3003
12272 -9.3332 8.2989
12273.2 -9.3427 8.2974
12274.5 -9.3523 8.2960
12275.7 -9.3620 8.2946
12276.9 -9.3719 8.2932
12278.1 -9.3819 8.2918
12279.3 -9.3921 8.2903
12280.5 -9.4023 8.2889
12281.8 -9.4127 8.2875
12283 -9.4233 8.2861
12284.2 -9.4340 8.2847
12285.4 -9.4449 8.2832
12286.6 -9.4559 8.2818
12287.8 -9.4676 8.2804
12289.1 -9.4790 8.2790
12290.3 -9.4905 8.2775
12291.5 -9.5022 8.2761
12292.7 -9.5141 8.2747
12293.9 -9.5261 8.2733
12295.2 -9.5383 8.2719
12296.4 -9.5507 8.2704
12297.6 -9.5633 8.2690
12298.8 -9.5760 8.2676
12300 -9.5890 8.2662
12301.3 -9.6022 8.2648
12302.5 -9.6157 8.2633
12303.7 -9.6293 8.2619
12304.9 -9.6432 8.2605
12306.1 -9.6573 8.2591
12307.4 -9.6716 8.2577
12308.6 -9.6862 8.2562
12309.8 -9.7011 8.2548
12311 -9.7162 8.2534
12312.2 -9.7317 8.2520
12313.5 -9.7474 8.2506
12314.7 -9.7634 8.2492
12315.9 -9.7797 8.2477
12317.1 -9.7963 8.2463
12318.4 -9.8132 8.2449
12319.6 -9.8305 8.2435
12320.8 -9.8482 8.2421
12322 -9.8662 8.2406
12323.3 -9.8846 8.2392
12324.5 -9.9034 8.2378
12325.7 -9.9226 8.2364
12326.9 -9.9422 8.2350
12328.2 -9.9623 8.2335
12329.4 -9.9828 8.2321
12330.6 -10.0039 8.2307
12331.8 -10.0254 8.2293
12333.1 -10.0475 8.2279
12334.3 -10.0701 8.2265
12335.5 -10.0934 8.2250
12336.8 -10.1172 8.2236
12338 -10.1417 8.2222
12339.2 -10.1668 8.2208
12340.4 -10.1927 8.2194
12341.7 -10.2193 8.2180
12342.9 -10.2468 8.2165
12344.1 -10.2750 8.2151
12345.3 -10.3042 8.2137
12346.6 -10.3343 8.2123
12347.8 -10.3654 8.2109
12349 -10.3976 8.2095
12350.3 -10.4310 8.2080
12351.5 -10.4656 8.2066
12352.7 -10.5015 8.2052
12354 -10.5388 8.2038
12355.2 -10.5777 8.2024
12356.4 -10.6182 8.2010
12357.7 -10.6605 8.1995
12358.9 -10.7048 8.1981
12360.1 -10.7513 8.1967
12361.4 -10.8001 8.1953
12362.6 -10.8515 8.1939
12363.8 -10.9058 8.1925
12365 -10.9633 8.1910
12366.3 -11.0245 8.1896
12367.5 -11.0897 8.1882
12368.7 -11.1596 8.1868
12370 -11.2349 8.1854
12371.2 -11.3165 8.1840
12372.5 -11.4054 8.1826
12373.7 -11.5031 8.1811
12374.9 -11.6114 8.1797
12376.2 -11.7331 8.1783
12377.4 -11.8717 8.1769
12378.6 -12.0326 8.1755
12379.9 -12.2244 8.1741
12381.1 -12.4616 8.1726
12382.3 -12.7722 8.1712
12383.6 -13.2226 8.1698
12384.8 -14.0525 8.1684
12386 -15.4493 11.3825
12387.3 -13.6353 11.3805
12388.5 -13.0150 11.3786
12389.8 -12.6304 11.3766
12391 -12.3507 11.3747
12392.2 -12.1306 11.3728
12393.5 -11.9491 11.3708
12394.7 -11.7945 11.3689
12396 -11.6598 11.3670
12397.2 -11.5405 11.3650
12398.4 -11.4334 11.3631
12399.7 -11.3361 11.3612
12400.9 -11.2471 11.3592
12402.2 -11.1649 11.3573
12403.4 -11.0887 11.3554
12404.6 -11.0176 11.3534
12405.9 -10.9509 11.3515
12407.1 -10.8881 11.3495
12408.4 -10.8289 11.3476
12409.6 -10.7727 11.3457
12410.8 -10.7193 11.3437
12412.1 -10.6685 11.3418
12413.3 -10.6199 11.3399
12414.6 -10.5734 11.3379
12415.8 -10.5288 11.3360
12417.1 -10.4860 11.3341
12418.3 -10.4449 11.3321
12419.5 -10.4052 11.3302
12420.8 -10.3669 11.3283
12422 -10.3299 11.3263
12423.3 -10.2941 11.3244
12424.5 -10.2595 11.3225
12425.8 -10.2259 11.3205
12427 -10.1933 11.3186
12428.3 -10.1617 11.3167
12429.5 -10.1309 11.3147
12430.8 -10.1010 11.3128
12432 -10.0718 11.3109
12433.2 -10.0434 11.3090
12434.5 -10.0158 11.3070
12435.7 -9.9888 11.3051
12437 -9.9624 11.3032
12438.2 -9.9366 11.3012
12439.5 -9.9115 11.2993
12440.7 -9.8869 11.2974
12442 -9.8628 11.2954
12443.2 -9.8392 11.2935
12444.5 -9.8161 11.2916
12445.7 -9.7935 11.2896
12447 -9.7713 11.2877
12448.2 -9.7496 11.2858
12449.5 -9.7283 11.2839
12450.7 -9.7074 11.2819
12452 -9.6868 11.2800
12453.2 -9.6666 11.2781
12454.5 -9.6468 11.2761
12455.7 -9.6274 11.2742
12457 -9.6082 11.2723
12458.2 -9.5894 11.2703
12459.5 -9.5709 11.2684
12460.7 -9.5527 11.2665
12462 -9.5347 11.2646
12463.2 -9.5171 11.2626
12464.5 -9.4997 11.2607
12465.7 -9.4826 11.2588
12467 -9.4658 11.2568
12468.3 -9.4492 11.2549
12469.5 -9.4328 11.2530
12470.8 -9.4167 11.2511
12472 -9.4008 11.2491
12473.3 -9.3851 11.2472
12474.5 -9.3697 11.2453
12475.8 -9.3544 11.2433
12477 -9.3393 11.2414
12478.3 -9.3245 11.2395
12479.6 -9.3098 11.2376
12480.8 -9.2954 11.2356
12482.1 -9.2811 11.2337
12483.3 -9.2670 11.2318
12484.6 -9.2530 11.2299
12485.8 -9.2393 11.2279
12487.1 -9.2257 11.2260
12488.4 -9.2122 11.2241
12489.6 -9.1990 11.2221
12490.9 -9.1858 11.2202
12492.1 -9.1729 11.2183
12493.4 -9.1600 11.2164
12494.6 -9.1474 11.2144
12495.9 -9.1348 11.2125
12497.2 -9.1224 11.2106
12498.4 -9.1102 11.2087
12499.7 -9.0980 11.2067
12500.9 -9.0860 11.2048
12502.2 -9.0742 11.2029
12503.5 -9.0624 11.2010
12504.7 -9.0508 11.1990
12506 -9.0393 11.1971
12507.2 -9.0279 11.1952
12508.5 -9.0166 11.1933
12509.8 -9.0055 11.1913
12511 -8.9944 11.1894
12512.3 -8.9835 11.1875
12513.6 -8.9727 11.1856
12514.8 -8.9619 11.1836
12516.1 -8.9513 11.1817
12517.3 -8.9408 11.1798
12518.6 -8.9304 11.1779
12519.9 -8.9200 11.1760
12521.1 -8.9098 11.1740
12522.4 -8.8997 11.1721
12523.7 -8.8896 11.1702
12524.9 -8.8797 11.1683
12526.2 -8.8698 11.1663
12527.5 -8.8601 11.1644
12528.7 -8.8504 11.1625
12530 -8.8408 11.1606
12531.3 -8.8313 11.1587
12532.5 -8.8218 11.1567
12533.8 -8.8125 11.1548
12535.1 -8.8032 11.1529
12536.3 -8.7940 11.1510
12537.6 -8.7849 11.1490
12538.9 -8.7759 11.1471
12540.1 -8.7669 11.1452
12541.4 -8.7581 11.1433
12542.7 -8.7493 11.1414
12543.9 -8.7405 11.1394
12545.2 -8.7319 11.1375
12546.5 -8.7233 11.1356
12547.8 -8.7147 11.1337
12549 -8.7063 11.1318
12550.3 -8.6979 11.1298
12551.6 -8.6896 11.1279
12552.8 -8.6813 11.1260
12554.1 -8.6731 11.1241
12555.4 -8.6650 11.1222
12556.6 -8.6570 11.1202
12557.9 -8.6490 11.1183
12559.2 -8.6410 11.1164
12560.5 -8.6331 11.1145
12561.7 -8.6253 11.1126
12651.5 -8.1979 10.9785
12781.9 -7.8868 10.7881
12783.2 -7.8854 10.7862
12784.5 -7.8840 10.7843
12785.8 -7.8827 10.7824
12787.2 -7.8814 10.7805
12788.5 -7.8801 10.7786
12789.8 -7.8789 10.7767
12791.1 -7.8777 10.7748
12792.4 -7.8766 10.7729
12793.8 -7.8755 10.7710
12795.1 -7.8745 10.7691
12796.4 -7.8734 10.7672
12797.7 -7.8725 10.7653
12799 -7.8716 10.7634
12800.4 -7.8707 10.7616
12801.7 -7.8698 10.7597
12803 -7.8691 10.7578
12804.3 -7.8683 10.7559
12805.7 -7.8676 10.7540
12807 -7.8670 10.7521
12808.3 -7.8663 10.7502
12809.6 -7.8658 10.7483
12810.9 -7.8653 10.7464
12812.3 -7.8648 10.7445
12813.6 -7.8644 10.7426
12814.9 -7.8640 10.7407
12816.2 -7.8637 10.7388
12817.6 -7.8634 10.7369
12818.9 -7.8632 10.7350
12820.2 -7.8631 10.7331
12821.5 -7.8630 10.7312
12822.9 -7.8629 10.7293
12824.2 -7.8629 10.7274
12825.5 -7.8630 10.7256
12826.9 -7.8631 10.7237
12828.2 -7.8632 10.7218
12829.5 -7.8635 10.7199
12830.8 -7.8637 10.7180
12832.2 -7.8641 10.7161
12833.5 -7.8645 10.7142
12834.8 -7.8649 10.7123
12836.1 -7.8655 10.7104
12837.5 -7.8661 10.7085
12838.8 -7.8667 10.7066
12840.1 -7.8674 10.7047
12841.5 -7.8682 10.7028
12842.8 -7.8691 10.7009
12844.1 -7.8700 10.6991
12845.5 -7.8710 10.6972
12846.8 -7.8720 10.6953
12848.1 -7.8731 10.6934
12849.5 -7.8744 10.6915
12850.8 -7.8756 10.6896
12852.1 -7.8770 10.6877
12853.4 -7.8784 10.6858
12854.8 -7.8799 10.6839
12856.1 -7.8815 10.6820
12857.4 -7.8832 10.6801
12858.8 -7.8850 10.6782
12860.1 -7.8868 10.6764
12861.4 -7.8888 10.6745
12862.8 -7.8908 10.6726
12864.1 -7.8929 10.6707
12865.5 -7.8952 10.6688
12866.8 -7.8975 10.6669
12868.1 -7.8999 10.6650
12869.5 -7.9024 10.6631
12870.8 -7.9050 10.6612
12872.1 -7.9078 10.6593
12873.5 -7.9106 10.6575
12874.8 -7.9136 10.6556
12876.1 -7.9166 10.6537
12877.5 -7.9198 10.6518
12878.8 -7.9231 10.6499
12880.2 -7.9265 10.6480
12881.5 -7.9301 10.6461
12882.8 -7.9338 10.6442
12884.2 -7.9376 10.6424
12885.5 -7.9416 10.6405
12886.8 -7.9457 10.6386
12888.2 -7.9500 10.6367
12889.5 -7.9544 10.6348
12890.9 -7.9590 10.6329
12892.2 -7.9637 10.6310
12893.5 -7.9686 10.6291
12894.9 -7.9737 10.6273
12896.2 -7.9790 10.6254
12897.6 -7.9844 10.6235
12898.9 -7.9901 10.6216
12900.3 -7.9959 10.6197
12901.6 -8.0020 10.6178
12902.9 -8.0083 10.6159
12904.3 -8.0148 10.6140
12905.6 -8.0215 10.6122
12907 -8.0285 10.6103
12908.3 -8.0358 10.6084
12909.7 -8.0433 10.6065
12911 -8.0511 10.6046
12912.3 -8.0591 10.6027
12913.7 -8.0675 10.6008
12915 -8.0763 10.5990
12916.4 -8.0853 10.5971
12917.7 -8.0947 10.5952
12919.1 -8.1045 10.5933
12920.4 -8.1146 10.5914
12921.8 -8.1252 10.5895
12923.1 -8.1363 10.5876
12924.5 -8.1477 10.5858
12925.8 -8.1597 10.5839
12927.2 -8.1722 10.5820
12928.5 -8.1853 10.5801
12929.9 -8.1989 10.5782
12931.2 -8.2132 10.5763
12932.5 -8.2282 10.5745
12933.9 -8.2439 10.5726
12935.2 -8.2604 10.5707
12936.6 -8.2778 10.5688
12937.9 -8.2961 10.5669
12939.3 -8.3154 10.5650
12940.6 -8.3358 10.5632
12942 -8.3574 10.5613
12943.3 -8.3804 10.5594
12944.7 -8.4048 10.5575
12946.1 -8.4309 10.5556
12947.4 -8.4589 10.5537
12948.8 -8.4890 10.5519
12950.1 -8.5214 10.5500
12951.5 -8.5567 10.5481
12952.8 -8.5951 10.5462
12954.2 -8.6373 10.5443
12955.5 -8.6839 10.5425
12956.9 -8.7361 10.5406
12958.2 -8.7950 10.5387
12959.6 -8.8626 10.5368
12960.9 -8.9416 10.5349
12962.3 -9.0362 10.5331
12963.6 -9.1539 10.5312
12965 -9.3088 10.5293
12966.4 -9.5340 10.5274
12967.7 -9.9472 10.5255
12969.1 -10.7489 12.1731
12970.4 -9.7533 12.1711
12971.8 -9.4266 12.1692
12973.1 -9.2242 12.1672
12974.5 -9.0765 12.1653
12975.9 -8.9598 12.1633
12977.2 -8.8630 12.1613
12978.6 -8.7803 12.1594
12979.9 -8.7078 12.1574
12981.3 -8.6432 12.1555
12982.7 -8.5849 12.1535
12984 -8.5317 12.1515
12985.4 -8.4828 12.1496
12986.7 -8.4374 12.1476
12988.1 -8.3950 12.1457
12989.5 -8.3553 12.1437
12990.8 -8.3179 12.1417
12992.2 -8.2824 12.1398
12993.5 -8.2488 12.1378
12994.9 -8.2168 12.1359
12996.3 -8.1938 12.1339
12997.6 -8.1645 12.1320
12999 -8.1364 12.1300
13000.4 -8.1093 12.1281
13001.7 -8.0833 12.1262
13003.1 -8.0581 12.1242
13004.4 -8.0338 12.1223
13005.8 -8.0102 12.1204
13007.2 -7.9874 12.1184
13008.5 -7.9652 12.1165
13009.9 -7.9437 12.1145
13011.3 -7.9227 12.1126
13012.6 -7.9023 12.1107
13014 -7.8824 12.1087
13015.4 -7.8630 12.1068
13016.7 -7.8441 12.1049
13018.1 -7.8256 12.1029
13019.5 -7.8074 12.1010
13020.8 -7.7897 12.0990
13022.2 -7.7723 12.0971
13023.6 -7.7553 12.0952
13024.9 -7.7386 12.0932
13026.3 -7.7223 12.0913
13027.7 -7.7062 12.0894
13029 -7.6904 12.0874
13030.4 -7.6749 12.0855
13031.8 -7.6597 12.0835
13033.1 -7.6447 12.0816
13034.5 -7.6299 12.0797
13035.9 -7.6154 12.0777
13037.3 -7.6011 12.0758
13038.6 -7.5870 12.0739
13040 -7.5732 12.0719
13041.4 -7.5595 12.0700
13042.7 -7.5460 12.0680
13044.1 -7.5327 12.0661
13045.5 -7.5196 12.0642
13046.9 -7.5066 12.0622
13048.2 -7.4939 12.0603
13049.6 -7.4812 12.0584
13051 -7.4688 12.0564
13052.4 -7.4564 12.0545
13053.7 -7.4443 12.0526
13055.1 -7.4322 12.0506
13056.5 -7.4203 12.0487
13057.9 -7.4086 12.0467
13059.2 -7.3970 12.0448
13060.6 -7.3854 12.0429
13062 -7.3741 12.0409
13063.4 -7.3628 12.0390
13064.7 -7.3516 12.0371
13066.1 -7.3406 12.0351
13067.5 -7.3297 12.0332
13068.9 -7.3188 12.0313
13070.2 -7.3081 12.0293
13071.6 -7.2975 12.0274
13073 -7.2870 12.0255
13074.4 -7.2766 12.0235
13075.8 -7.2662 12.0216
13077.1 -7.2560 12.0196
13078.5 -7.2458 12.0177
13079.9 -7.2358 12.0158
13081.3 -7.2258 12.0138
13082.7 -7.2159 12.0119
13084 -7.2060 12.0100
13085.4 -7.1963 12.0080
13086.8 -7.1866 12.0061
13088.2 -7.1771 12.0042
13089.6 -7.1675 12.0022
13090.9 -7.1581 12.0003
13092.3 -7.1487 11.9984
13093.7 -7.1394 11.9964
13095.1 -7.1302 11.9945
13096.5 -7.1210 11.9926
13097.9 -7.1119 11.9906
13099.2 -7.1029 11.9887
13100.6 -7.0939 11.9868
13102 -7.0850 11.9848
13103.4 -7.0761 11.9829
13104.8 -7.0674 11.9810
13106.2 -7.0586 11.9790
13107.6 -7.0499 11.9771
13108.9 -7.0413 11.9752
13110.3 -7.0327 11.9732
13111.7 -7.0242 11.9713
13113.1 -7.0158 11.9694
13114.5 -7.0074 11.9674
13115.9 -6.9990 11.9655
13117.3 -6.9907 11.9636
13118.6 -6.9824 11.9616
13120 -6.9742 11.9597
13121.4 -6.9661 11.9578
13122.8 -6.9580 11.9558
13124.2 -6.9499 11.9539
13125.6 -6.9419 11.9520
13127 -6.9339 11.9500
13128.4 -6.9259 11.9481
13129.8 -6.9181 11.9462
13131.2 -6.9102 11.9442
13132.5 -6.9024 11.9423
13133.9 -6.8946 11.9404
13135.3 -6.8869 11.9384
13136.7 -6.8792 11.9365
13138.1 -6.8716 11.9346
13139.5 -6.8640 11.9326
13140.9 -6.8564 11.9307
13142.3 -6.8489 11.9288
13143.7 -6.8414 11.9268
13145.1 -6.8339 11.9249
13146.5 -6.8265 11.9230
13147.9 -6.8191 11.9210
13149.3 -6.8118 11.9191
13150.7 -6.8045 11.9172
13152 -6.7972 11.9152
13153.4 -6.7899 11.9133
13154.8 -6.7827 11.9114
13156.2 -6.7755 11.9094
13157.6 -6.7684 11.9075
13159 -6.7613 11.9056
13160.4 -6.7542 11.9037
13161.8 -6.7471 11.9017
13189.8 -6.6121 11.8631
13331.6 -6.0529 11.6704
13476.6 -5.6092 11.4783
13624.7 -5.2215 11.2865
13776 -4.8908 11.0929
13930.8 -4.5952 10.9002
14089.1 -4.3275 10.7086
14251.1 -4.0835 10.5180
14416.8 -3.8585 10.3283
14586.4 -3.6505 10.1397
14760 -3.4574 9.9521
14937.9 -3.2776 9.7655
15120 -3.1098 9.5799
15306.7 -2.9529 9.3954
15498 -2.8061 9.2120
15694.2 -2.6684 9.0296
15895.4 -2.5393 8.8483
16101.9 -2.4150 8.6681
16313.7 -2.3015 8.4886
16531.2 -2.1950 8.3103
16754.6 -2.0952 8.1332
16984.2 -2.0013 7.9573
17220 -1.9137 7.7825
17462.6 -1.8317 7.6089
17712 -1.7551 7.4366
17968.7 -1.6837 7.2655
18233 -1.6172 7.0958
18505.1 -1.5555 6.9272
18785.5 -1.4983 6.7600
19074.5 -1.4454 6.5941
19372.6 -1.3968 6.4296
19680.1 -1.3522 6.2663
19997.5 -1.3115 6.1045
20325.3 -1.2746 5.9440
20664.1 -1.2416 5.7850
21014.3 -1.2119 5.6273
21376.6 -1.1857 5.4711
21751.6 -1.1614 5.3164
22140.1 -1.1419 5.1630
22542.6 -1.1257 5.0111
22960.1 -1.1125 4.8608
23393.3 -1.1024 4.7120
23843.1 -1.0951 4.5649
24310.7 -1.0908 4.4193
24796.9 -1.0886 4.2754
25302.9 -1.0900 4.1331
25830.1 -1.0940 3.9925
26379.6 -1.1006 3.8536
26953.1 -1.1089 3.7160
27552.1 -1.1196 3.5795
28178.3 -1.1336 3.4451
28833.6 -1.1504 3.3126
29520.1 -1.1698 3.1821
30240.1 -1.1917 3.0536
30996.1 -1.2161 2.9272
31790.9 -1.2429 2.8029
32627.5 -1.2721 2.6807
33509.3 -1.3036 2.5606
34440.1 -1.3376 2.4427
35424.1 -1.3739 2.3269
36466 -1.4127 2.2133
37571 -1.4541 2.1020
38745.1 -1.4981 1.9929
39994.9 -1.5449 1.8861
41328.1 -1.5948 1.7817
42753.2 -1.6480 1.6796
44280.1 -1.7049 1.5798
45920.1 -1.7662 1.4825
47686.3 -1.8303 1.3876
49593.7 -1.9033 1.2951
51660.1 -1.9843 1.2051
53906.2 -2.0745 1.1178
56356.5 -2.1780 1.0330
59040.2 -2.3069 0.9507
61992.2 -2.4712 0.8713
65254.9 -2.7019 0.7950
68160.7 -2.9950 0.7353
68198.2 -2.9997 0.7346
68235.7 -3.0044 0.7339
68273.3 -3.0092 0.7332
68310.9 -3.0140 0.7325
68348.6 -3.0189 0.7317
68386.3 -3.0238 0.7310
68424 -3.0288 0.7303
68461.8 -3.0337 0.7296
68499.6 -3.0388 0.7288
68537.5 -3.0438 0.7281
68575.4 -3.0490 0.7274
68613.4 -3.0541 0.7267
68651.4 -3.0593 0.7260
68689.4 -3.0646 0.7252
68727.5 -3.0699 0.7245
68765.6 -3.0752 0.7238
68803.7 -3.0806 0.7231
68841.9 -3.0860 0.7224
68880.2 -3.0915 0.7216
68918.5 -3.0971 0.7209
68956.8 -3.1026 0.7202
68995.2 -3.1083 0.7195
69033.6 -3.1140 0.7188
69072.1 -3.1197 0.7181
69110.6 -3.1255 0.7173
69149.1 -3.1314 0.7166
69187.7 -3.1373 0.7159
69226.3 -3.1433 0.7152
69265 -3.1493 0.7145
69303.7 -3.1554 0.7138
69342.5 -3.1615 0.7131
69381.3 -3.1677 0.7123
69420.1 -3.1740 0.7116
69459 -3.1804 0.7109
69498 -3.1868 0.7102
69536.9 -3.1932 0.7095
69576 -3.1998 0.7088
69615 -3.2064 0.7081
69654.1 -3.2131 0.7073
69693.3 -3.2198 0.7066
69732.5 -3.2267 0.7059
69771.7 -3.2336 0.7052
69811 -3.2406 0.7045
69850.3 -3.2476 0.7038
69889.7 -3.2548 0.7031
69929.1 -3.2620 0.7024
69968.6 -3.2693 0.7017
70008.1 -3.2767 0.7010
70047.7 -3.2842 0.7002
70087.2 -3.2918 0.6995
70126.9 -3.2995 0.6988
70166.6 -3.3072 0.6981
70206.3 -3.3151 0.6974
70246.1 -3.3230 0.6967
70285.9 -3.3311 0.6960
70325.8 -3.3393 0.6953
70365.7 -3.3475 0.6946
70405.6 -3.3559 0.6939
70445.7 -3.3644 0.6932
70485.7 -3.3730 0.6925
70525.8 -3.3817 0.6918
70565.9 -3.3906 0.6911
70606.1 -3.3996 0.6903
70646.3 -3.4087 0.6896
70686.6 -3.4179 0.6889
70727 -3.4273 0.6882
70767.3 -3.4368 0.6875
70807.7 -3.4464 0.6868
70848.2 -3.4562 0.6861
70888.7 -3.4661 0.6854
70929.3 -3.4762 0.6847
70969.9 -3.4865 0.6840
71010.5 -3.4969 0.6833
71051.2 -3.5075 0.6826
71091.9 -3.5182 0.6819
71132.7 -3.5292 0.6812
71173.6 -3.5403 0.6805
71214.4 -3.5516 0.6798
71255.4 -3.5631 0.6791
71296.3 -3.5748 0.6784
71337.4 -3.5868 0.6777
71378.4 -3.5989 0.6770
71419.6 -3.6113 0.6763
71460.7 -3.6239 0.6756
71501.9 -3.6367 0.6749
71543.2 -3.6498 0.6742
71584.5 -3.6632 0.6735
71625.8 -3.6769 0.6728
71667.3 -3.6908 0.6721
71708.7 -3.7050 0.6714
71750.2 -3.7195 0.6707
71791.7 -3.7343 0.6700
71833.3 -3.7495 0.6694
71875 -3.7650 0.6687
71916.7 -3.7809 0.6680
71958.4 -3.7972 0.6673
72000.2 -3.8138 0.6666
72042 -3.8309 0.6659
72083.9 -3.8484 0.6652
72125.9 -3.8663 0.6645
72167.8 -3.8847 0.6638
72209.9 -3.9037 0.6631
72251.9 -3.9231 0.6624
72294.1 -3.9432 0.6617
72336.3 -3.9638 0.6610
72378.5 -3.9850 0.6603
72420.8 -4.0069 0.6597
72463.1 -4.0295 0.6590
72505.5 -4.0528 0.6583
72547.9 -4.0770 0.6576
72590.4 -4.1020 0.6569
72632.9 -4.1279 0.6562
72675.5 -4.1547 0.6555
72718.1 -4.1826 0.6548
72760.8 -4.2117 0.6541
72803.5 -4.2419 0.6534
72846.3 -4.2735 0.6528
72889.1 -4.3065 0.6521
72932 -4.3410 0.6514
72974.9 -4.3773 0.6507
73017.9 -4.4154 0.6500
73060.9 -4.4557 0.6493
73104 -4.4982 0.6486
73147.1 -4.5433 0.6480
73190.3 -4.5914 0.6473
73233.5 -4.6427 0.6466
73276.8 -4.6977 0.6459
73320.1 -4.7571 0.6452
73363.5 -4.8215 0.6445
73407 -4.8919 0.6438
73450.4 -4.9694 0.6432
73494 -5.0555 0.6425
73537.6 -5.1525 0.6418
73581.2 -5.2632 0.6411
73624.9 -5.3923 0.6404
73668.7 -5.5467 0.6397
73712.5 -5.7388 0.6391
73756.3 -5.9924 0.6384
73800.2 -6.3655 0.6377
73844.2 -7.0796 0.6370
73888.2 -7.8285 3.2157
73932.2 -6.5913 3.2129
73976.3 -6.1150 3.2102
74020.5 -5.8133 3.2074
74064.7 -5.5916 3.2046
74109 -5.4160 3.2019
74153.3 -5.2705 3.1991
74197.7 -5.1460 3.1963
74242.1 -5.0373 3.1936
74286.6 -4.9407 3.1908
74331.1 -4.8538 3.1880
74375.7 -4.7747 3.1852
74420.4 -4.7022 3.1825
74465.1 -4.6351 3.1797
74509.8 -4.5728 3.1769
74554.6 -4.5145 3.1741
74599.5 -4.4599 3.1713
74644.4 -4.4083 3.1685
74689.4 -4.3596 3.1657
74734.4 -4.3133 3.1629
74779.5 -4.2693 3.1601
74824.6 -4.2273 3.1573
74869.8 -4.1872 3.1545
74915 -4.1487 3.1517
74960.3 -4.1118 3.1488
75005.7 -4.0763 3.1460
75051.1 -4.0421 3.1432
75096.5 -4.0092 3.1404
75142 -3.9773 3.1375
75187.6 -3.9465 3.1347
75233.2 -3.9167 3.1319
75278.9 -3.8878 3.1290
75324.6 -3.8598 3.1262
75370.4 -3.8326 3.1234
75416.3 -3.8061 3.1205
75462.2 -3.7804 3.1177
75508.1 -3.7553 3.1148
75554.1 -3.7309 3.1120
75600.2 -3.7071 3.1091
75646.3 -3.6839 3.1063
75692.5 -3.6612 3.1034
75738.8 -3.6390 3.1005
75785.1 -3.6174 3.0977
75831.4 -3.5962 3.0948
75877.8 -3.5755 3.0919
75924.3 -3.5552 3.0891
75970.8 -3.5353 3.0862
76017.4 -3.5158 3.0833
76064 -3.4967 3.0804
76110.7 -3.4780 3.0775
76157.5 -3.4596 3.0746
76204.3 -3.4416 3.0717
76251.1 -3.4239 3.0689
76298.1 -3.4065 3.0660
76345 -3.3894 3.0631
76392.1 -3.3726 3.0602
76439.2 -3.3560 3.0573
76486.3 -3.3398 3.0543
76533.5 -3.3238 3.0514
76580.8 -3.3081 3.0485
76628.1 -3.2926 3.0456
76675.5 -3.2773 3.0427
76723 -3.2623 3.0398
76770.5 -3.2475 3.0368
76818.1 -3.2329 3.0339
76865.7 -3.2186 3.0310
76913.4 -3.2044 3.0281
76961.1 -3.1904 3.0251
77008.9 -3.1767 3.0222
77056.8 -3.1631 3.0193
77104.7 -3.1497 3.0163
77152.7 -3.1365 3.0134
77200.7 -3.1234 3.0104
77248.8 -3.1105 3.0075
77297 -3.0978 3.0045
77345.2 -3.0852 3.0016
77393.5 -3.0728 2.9986
77441.8 -3.0606 2.9956
77490.2 -3.0485 2.9927
77538.7 -3.0303 2.9897
77587.2 -3.0186 2.9866
77635.8 -3.0071 2.9835
77684.4 -2.9956 2.9805
77733.1 -2.9843 2.9774
77781.9 -2.9732 2.9744
77830.7 -2.9621 2.9713
77879.6 -2.9512 2.9683
77928.6 -2.9404 2.9652
77977.6 -2.9297 2.9621
78026.6 -2.9191 2.9591
78075.8 -2.9087 2.9561
78125 -2.8984 2.9530
78174.2 -2.8881 2.9500
78223.6 -2.8780 2.9469
78272.9 -2.8680 2.9439
78322.4 -2.8581 2.9408
78371.9 -2.8482 2.9378
78421.5 -2.8385 2.9348
78471.1 -2.8289 2.9317
78520.8 -2.8194 2.9287
78570.6 -2.8099 2.9256
78620.4 -2.8006 2.9226
78670.3 -2.7914 2.9196
78720.2 -2.7822 2.9166
78770.2 -2.7731 2.9135
78820.3 -2.7641 2.9105
78870.4 -2.7552 2.9075
78920.7 -2.7464 2.9044
78970.9 -2.7376 2.9014
79021.3 -2.7290 2.8984
79071.6 -2.7204 2.8954
79122.1 -2.7118 2.8924
79172.6 -2.7034 2.8893
79223.2 -2.6950 2.8863
79273.9 -2.6867 2.8833
79324.6 -2.6785 2.8803
79375.4 -2.6704 2.8773
79426.2 -2.6623 2.8743
79477.1 -2.6543 2.8713
79528.1 -2.6463 2.8683
79579.2 -2.6384 2.8653
79630.3 -2.6306 2.8623
79681.5 -2.6229 2.8593
79732.7 -2.6152 2.8562
79784 -2.6075 2.8532
79835.4 -2.6000 2.8502
79886.8 -2.5924 2.8473
79938.3 -2.5850 2.8443
79989.9 -2.5776 2.8413
80041.5 -2.5703 2.8383
80093.2 -2.5631 2.8354
80145 -2.5559 2.8324
80196.9 -2.5488 2.8295
80248.8 -2.5418 2.8266
80300.7 -2.5348 2.8236
80352.8 -2.5278 2.8207
80404.9 -2.5209 2.8178
80457.1 -2.5140 2.8149
80509.3 -2.5072 2.8119
82656.2 -2.2682 2.6956
88560.2 -1.8574 2.4115
95372.6 -1.5950 2.1375
103320 -1.4159 1.8715
112713 -1.3019 1.6185
123984 -1.2321 1.3795
