3714.44  -17.1455  3.2567
3714.55  -17.1630  3.2566
3714.66  -17.1806  3.2564
3714.78  -17.1983  3.2563
3714.89  -17.2161  3.2561
3715  -17.2341  3.2560
3715.11  -17.2522  3.2558
3715.22  -17.2705  3.2557
3715.33  -17.2888  3.2555
3715.44  -17.3074  3.2554
3715.55  -17.3260  3.2552
3715.67  -17.3448  3.2551
3715.78  -17.3638  3.2549
3715.89  -17.3828  3.2547
3716  -17.4021  3.2546
3716.11  -17.4215  3.2544
3716.22  -17.4410  3.2543
3716.33  -17.4607  3.2541
3716.45  -17.4805  3.2540
3716.56  -17.5005  3.2538
3716.67  -17.5207  3.2537
3716.78  -17.5411  3.2535
3716.89  -17.5616  3.2534
3717  -17.5822  3.2532
3717.11  -17.6031  3.2531
3717.23  -17.6241  3.2529
3717.34  -17.6453  3.2527
3717.45  -17.6667  3.2526
3717.56  -17.6883  3.2524
3717.67  -17.7101  3.2523
3717.78  -17.7320  3.2521
3717.89  -17.7542  3.2520
3718.01  -17.7765  3.2518
3718.12  -17.7991  3.2517
3718.23  -17.8218  3.2515
3718.34  -17.8448  3.2514
3718.45  -17.8680  3.2512
3718.56  -17.8914  3.2511
3718.68  -17.9151  3.2509
3718.79  -17.9389  3.2507
3718.9  -17.9630  3.2506
3719.01  -17.9873  3.2504
3719.12  -18.0119  3.2503
3719.23  -18.0367  3.2501
3719.34  -18.0618  3.2500
3719.46  -18.0871  3.2498
3719.57  -18.1127  3.2497
3719.68  -18.1386  3.2495
3719.79  -18.1647  3.2494
3719.9  -18.1911  3.2492
3720.01  -18.2178  3.2491
3720.13  -18.2448  3.2489
3720.24  -18.2720  3.2487
3720.35  -18.2996  3.2486
3720.46  -18.3275  3.2484
3720.57  -18.3557  3.2483
3720.68  -18.3843  3.2481
3720.8  -18.4131  3.2480
3720.91  -18.4423  3.2478
3721.02  -18.4719  3.2477
3721.13  -18.5018  3.2475
3721.24  -18.5321  3.2474
3721.35  -18.5627  3.2472
3721.47  -18.5938  3.2471
3721.58  -18.6252  3.2469
3721.69  -18.6570  3.2467
3721.8  -18.6893  3.2466
3721.91  -18.7220  3.2464
3722.02  -18.7551  3.2463
3722.14  -18.7886  3.2461
3722.25  -18.8227  3.2460
3722.36  -18.8572  3.2458
3722.47  -18.8921  3.2457
3722.58  -18.9276  3.2455
3722.69  -18.9636  3.2454
3722.81  -19.0002  3.2452
3722.92  -19.0372  3.2451
3723.03  -19.0749  3.2449
3723.14  -19.1131  3.2447
3723.25  -19.1519  3.2446
3723.37  -19.1914  3.2444
3723.48  -19.2315  3.2443
3723.59  -19.2722  3.2441
3723.7  -19.3136  3.2440
3723.81  -19.3558  3.2438
3723.92  -19.3986  3.2437
3724.04  -19.4422  3.2435
3724.15  -19.4866  3.2434
3724.26  -19.5318  3.2432
3724.37  -19.5779  3.2431
3724.48  -19.6248  3.2429
3724.6  -19.6727  3.2427
3724.71  -19.7214  3.2426
3724.82  -19.7712  3.2424
3724.93  -19.8220  3.2423
3725.04  -19.8738  3.2421
3725.16  -19.9267  3.2420
3725.27  -19.9808  3.2418
3725.38  -20.0362  3.2417
3725.49  -20.0927  3.2415
3725.6  -20.1506  3.2414
3725.72  -20.2099  3.2412
3725.83  -20.2707  3.2411
3725.94  -20.3330  3.2409
3726.05  -20.3969  3.2407
3726.16  -20.4624  3.2406
3726.27  -20.5298  3.2404
3726.39  -20.5990  3.2403
3726.5  -20.6703  3.2401
3726.61  -20.7436  3.2400
3726.72  -20.8192  3.2398
3726.83  -20.8972  3.2397
3726.95  -20.9777  3.2395
3727.06  -21.0610  3.2394
3727.17  -21.1471  3.2392
3727.28  -21.2363  3.2391
3727.4  -21.3289  3.2389
3727.51  -21.4250  3.2387
3727.62  -21.5251  3.2386
3727.73  -21.6294  3.2384
3727.84  -21.7382  3.2383
3727.96  -21.8521  3.2381
3728.07  -21.9714  3.2380
3728.18  -22.0969  3.2378
3728.29  -22.2290  3.2377
3728.4  -22.3685  3.2375
3728.52  -22.5164  3.2374
3728.63  -22.6737  3.2372
3728.74  -22.8417  3.2371
3728.85  -23.0219  3.2369
3728.96  -23.2162  3.2367
3729.08  -23.4271  3.2366
3729.19  -23.6577  3.2364
3729.3  -23.9120  3.2363
3729.41  -24.1954  3.2361
3729.53  -24.5154  3.2360
3729.64  -24.8831  3.2358
3729.75  -25.3150  3.2357
3729.86  -25.8384  3.2355
3729.97  -26.5028  3.2354
3730.09  -27.4135  3.2352
3730.2  -28.8684  3.2351
3730.31  -32.8388  3.2349
3730.42  -30.1967  11.0495
3730.54  -28.0834  11.0489
3730.65  -26.9570  11.0482
3730.76  -26.1842  11.0475
3730.87  -25.5952  11.0468
3730.98  -25.1191  11.0461
3731.1  -24.7195  11.0454
3731.21  -24.3752  11.0447
3731.32  -24.0727  11.0440
3731.43  -23.8030  11.0434
3731.55  -23.5596  11.0427
3731.66  -23.3379  11.0420
3731.77  -23.1342  11.0413
3731.88  -22.9459  11.0406
3732  -22.7709  11.0399
3732.11  -22.6073  11.0392
3732.22  -22.4538  11.0386
3732.33  -22.3091  11.0379
3732.44  -22.1724  11.0372
3732.56  -22.0428  11.0365
3732.67  -21.9196  11.0358
3732.78  -21.8022  11.0351
3732.89  -21.6901  11.0344
3733.01  -21.5827  11.0337
3733.12  -21.4798  11.0331
3733.23  -21.3810  11.0324
3733.34  -21.2859  11.0317
3733.46  -21.1944  11.0310
3733.57  -21.1060  11.0303
3733.68  -21.0207  11.0296
3733.79  -20.9382  11.0289
3733.91  -20.8583  11.0283
3734.02  -20.7809  11.0276
3734.13  -20.7059  11.0269
3734.24  -20.6330  11.0262
3734.36  -20.5622  11.0255
3734.47  -20.4933  11.0248
3734.58  -20.4263  11.0241
3734.69  -20.3611  11.0235
3734.81  -20.2975  11.0228
3734.92  -20.2355  11.0221
3735.03  -20.1750  11.0214
3735.14  -20.1159  11.0207
3735.26  -20.0582  11.0200
3735.37  -20.0018  11.0193
3735.48  -19.9466  11.0187
3735.59  -19.8927  11.0180
3735.71  -19.8398  11.0173
3735.82  -19.7881  11.0166
3735.93  -19.7374  11.0159
3736.04  -19.6878  11.0152
3736.16  -19.6391  11.0145
3736.27  -19.5913  11.0139
3736.38  -19.5444  11.0132
3736.49  -19.4984  11.0125
3736.61  -19.4533  11.0118
3736.72  -19.4089  11.0111
3736.83  -19.3653  11.0104
3736.94  -19.3225  11.0097
3737.06  -19.2804  11.0091
3737.17  -19.2390  11.0084
3737.28  -19.1982  11.0077
3737.4  -19.1582  11.0070
3737.51  -19.1187  11.0063
3737.62  -19.0799  11.0056
3737.73  -19.0416  11.0050
3737.85  -19.0040  11.0043
3737.96  -18.9669  11.0036
3738.07  -18.9304  11.0029
3738.18  -18.8943  11.0022
3738.3  -18.8588  11.0015
3738.41  -18.8238  11.0008
3738.52  -18.7893  11.0002
3738.63  -18.7553  10.9995
3738.75  -18.7217  10.9988
3738.86  -18.6886  10.9981
3738.97  -18.6559  10.9974
3739.09  -18.6236  10.9967
3739.2  -18.5917  10.9961
3739.31  -18.5603  10.9954
3739.42  -18.5292  10.9947
3739.54  -18.4985  10.9940
3739.65  -18.4682  10.9933
3739.76  -18.4383  10.9926
3739.88  -18.4087  10.9920
3739.99  -18.3795  10.9913
3740.1  -18.3506  10.9906
3740.21  -18.3220  10.9899
3740.33  -18.2938  10.9892
3740.44  -18.2659  10.9885
3740.55  -18.2383  10.9879
3740.67  -18.2110  10.9872
3740.78  -18.1840  10.9865
3740.89  -18.1573  10.9858
3741  -18.1309  10.9851
3741.12  -18.1047  10.9844
3741.23  -18.0788  10.9838
3741.34  -18.0532  10.9831
3741.46  -18.0279  10.9824
3741.57  -18.0028  10.9817
3741.68  -17.9780  10.9810
3741.79  -17.9534  10.9803
3741.91  -17.9291  10.9797
3742.02  -17.9050  10.9790
3742.13  -17.8811  10.9783
3742.25  -17.8575  10.9776
3742.36  -17.8340  10.9769
3742.47  -17.8108  10.9763
3742.58  -17.7879  10.9756
3742.7  -17.7651  10.9749
3742.81  -17.7425  10.9742
3742.92  -17.7202  10.9735
3743.04  -17.6980  10.9728
3743.15  -17.6761  10.9722
3743.26  -17.6543  10.9715
3743.38  -17.6328  10.9708
3743.49  -17.6114  10.9701
3743.6  -17.5902  10.9694
3743.71  -17.5692  10.9687
3743.83  -17.5483  10.9681
3743.94  -17.5277  10.9674
3744.05  -17.5072  10.9667
3744.17  -17.4869  10.9660
3744.28  -17.4667  10.9653
3744.39  -17.4467  10.9647
3744.51  -17.4269  10.9640
3744.62  -17.4072  10.9633
3744.73  -17.3877  10.9626
3744.85  -17.3684  10.9619
3744.96  -17.3492  10.9612
3745.07  -17.3301  10.9606
3745.18  -17.3112  10.9599
3745.3  -17.2924  10.9592
3745.41  -17.2738  10.9585
3745.52  -17.2553  10.9578
3745.64  -17.2370  10.9572
3745.75  -17.2188  10.9565
3922.44  -13.7091  10.0003
3922.56  -13.7170  9.9998
3922.69  -13.7249  9.9993
3922.81  -13.7330  9.9988
3922.93  -13.7411  9.9983
3923.06  -13.7493  9.9978
3923.18  -13.7575  9.9973
3923.31  -13.7659  9.9967
3923.43  -13.7743  9.9962
3923.56  -13.7829  9.9957
3923.68  -13.7915  9.9952
3923.8  -13.8002  9.9947
3923.93  -13.8090  9.9942
3924.05  -13.8179  9.9937
3924.18  -13.8269  9.9931
3924.3  -13.8360  9.9926
3924.42  -13.8452  9.9921
3924.55  -13.8544  9.9916
3924.67  -13.8638  9.9911
3924.8  -13.8733  9.9906
3924.92  -13.8829  9.9901
3925.05  -13.8926  9.9896
3925.17  -13.9024  9.9890
3925.29  -13.9124  9.9885
3925.42  -13.9224  9.9880
3925.54  -13.9326  9.9875
3925.67  -13.9429  9.9870
3925.79  -13.9533  9.9865
3925.92  -13.9638  9.9860
3926.04  -13.9744  9.9854
3926.16  -13.9852  9.9849
3926.29  -13.9961  9.9844
3926.41  -14.0072  9.9839
3926.54  -14.0183  9.9834
3926.66  -14.0297  9.9829
3926.79  -14.0411  9.9824
3926.91  -14.0527  9.9818
3927.03  -14.0645  9.9813
3927.16  -14.0764  9.9808
3927.28  -14.0885  9.9803
3927.41  -14.1007  9.9798
3927.53  -14.1131  9.9793
3927.66  -14.1257  9.9788
3927.78  -14.1384  9.9782
3927.91  -14.1513  9.9777
3928.03  -14.1644  9.9772
3928.15  -14.1776  9.9767
3928.28  -14.1911  9.9762
3928.4  -14.2047  9.9757
3928.53  -14.2186  9.9752
3928.65  -14.2326  9.9747
3928.78  -14.2469  9.9741
3928.9  -14.2613  9.9736
3929.03  -14.2760  9.9731
3929.15  -14.2909  9.9726
3929.28  -14.3061  9.9721
3929.4  -14.3215  9.9716
3929.52  -14.3371  9.9711
3929.65  -14.3530  9.9705
3929.77  -14.3691  9.9700
3929.9  -14.3855  9.9695
3930.02  -14.4022  9.9690
3930.15  -14.4191  9.9685
3930.27  -14.4364  9.9680
3930.4  -14.4540  9.9675
3930.52  -14.4718  9.9670
3930.65  -14.4900  9.9664
3930.77  -14.5085  9.9659
3930.89  -14.5274  9.9654
3931.02  -14.5466  9.9649
3931.14  -14.5662  9.9644
3931.27  -14.5861  9.9639
3931.39  -14.6065  9.9634
3931.52  -14.6272  9.9628
3931.64  -14.6484  9.9623
3931.77  -14.6700  9.9618
3931.89  -14.6921  9.9613
3932.02  -14.7147  9.9608
3932.14  -14.7377  9.9603
3932.27  -14.7613  9.9598
3932.39  -14.7854  9.9592
3932.52  -14.8100  9.9587
3932.64  -14.8352  9.9582
3932.76  -14.8611  9.9577
3932.89  -14.8876  9.9572
3933.01  -14.9147  9.9567
3933.14  -14.9425  9.9562
3933.26  -14.9711  9.9557
3933.39  -15.0005  9.9551
3933.51  -15.0306  9.9546
3933.64  -15.0616  9.9541
3933.76  -15.0936  9.9536
3933.89  -15.1264  9.9531
3934.01  -15.1603  9.9526
3934.14  -15.1952  9.9521
3934.26  -15.2313  9.9515
3934.39  -15.2686  9.9510
3934.51  -15.3071  9.9505
3934.64  -15.3471  9.9500
3934.76  -15.3885  9.9495
3934.89  -15.4315  9.9490
3935.01  -15.4761  9.9485
3935.14  -15.5226  9.9480
3935.26  -15.5711  9.9474
3935.39  -15.6217  9.9469
3935.51  -15.6747  9.9464
3935.64  -15.7302  9.9459
3935.76  -15.7886  9.9454
3935.89  -15.8500  9.9449
3936.01  -15.9148  9.9444
3936.14  -15.9835  9.9438
3936.26  -16.0565  9.9433
3936.39  -16.1343  9.9428
3936.51  -16.2177  9.9423
3936.64  -16.3074  9.9418
3936.76  -16.4044  9.9413
3936.89  -16.5101  9.9408
3937.01  -16.6262  9.9403
3937.14  -16.7547  9.9397
3937.26  -16.8988  9.9392
3937.39  -17.0626  9.9387
3937.51  -17.2522  9.9382
3937.64  -17.4772  9.9377
3937.76  -17.7539  9.9372
3937.89  -18.1127  9.9367
3938.01  -18.6237  9.9361
3938.14  -19.5187  9.9356
3938.26  -22.7311  13.8071
3938.39  -19.3649  13.8064
3938.51  -18.5493  13.8056
3938.64  -18.0615  13.8048
3938.76  -17.7119  13.8040
3938.89  -17.4391  13.8033
3939.01  -17.2152  13.8025
3939.14  -17.0253  13.8017
3939.26  -16.8602  13.8009
3939.39  -16.7143  13.8001
3939.51  -16.5834  13.7994
3939.64  -16.4648  13.7986
3939.76  -16.3563  13.7978
3939.89  -16.2563  13.7970
3940.01  -16.1635  13.7962
3940.14  -16.0769  13.7955
3940.26  -15.9958  13.7947
3940.39  -15.9196  13.7939
3940.51  -15.8475  13.7931
3940.64  -15.7792  13.7924
3940.76  -15.7144  13.7916
3940.89  -15.6526  13.7908
3941.02  -15.5935  13.7900
3941.14  -15.5371  13.7892
3941.27  -15.4829  13.7885
3941.39  -15.4309  13.7877
3941.52  -15.3808  13.7869
3941.64  -15.3326  13.7861
3941.77  -15.2860  13.7854
3941.89  -15.2411  13.7846
3942.02  -15.1975  13.7838
3942.14  -15.1554  13.7830
3942.27  -15.1145  13.7822
3942.39  -15.0748  13.7815
3942.52  -15.0363  13.7807
3942.64  -14.9988  13.7799
3942.77  -14.9624  13.7791
3942.9  -14.9269  13.7784
3943.02  -14.8923  13.7776
3943.15  -14.8585  13.7768
3943.27  -14.8256  13.7760
3943.4  -14.7934  13.7752
3943.52  -14.7619  13.7745
3943.65  -14.7312  13.7737
3943.77  -14.7011  13.7729
3943.9  -14.6717  13.7721
3944.02  -14.6429  13.7714
3944.15  -14.6146  13.7706
3944.28  -14.5869  13.7698
3944.4  -14.5598  13.7690
3944.53  -14.5331  13.7683
3944.65  -14.5070  13.7675
3944.78  -14.4813  13.7667
3944.9  -14.4561  13.7659
3945.03  -14.4314  13.7651
3945.15  -14.4070  13.7644
3945.28  -14.3831  13.7636
3945.4  -14.3595  13.7628
3945.53  -14.3364  13.7620
3945.66  -14.3136  13.7613
3945.78  -14.2912  13.7605
3945.91  -14.2691  13.7597
3946.03  -14.2473  13.7589
3946.16  -14.2259  13.7582
3946.28  -14.2048  13.7574
3946.41  -14.1839  13.7566
3946.54  -14.1634  13.7558
3946.66  -14.1432  13.7551
3946.79  -14.1232  13.7543
3946.91  -14.1035  13.7535
3947.04  -14.0841  13.7527
3947.16  -14.0649  13.7519
3947.29  -14.0459  13.7512
3947.41  -14.0272  13.7504
3947.54  -14.0088  13.7496
3947.67  -13.9905  13.7488
3947.79  -13.9725  13.7481
3947.92  -13.9547  13.7473
3948.04  -13.9371  13.7465
3948.17  -13.9197  13.7457
3948.29  -13.9025  13.7450
3948.42  -13.8856  13.7442
3948.55  -13.8687  13.7434
3948.67  -13.8521  13.7426
3948.8  -13.8357  13.7419
3948.92  -13.8194  13.7411
3949.05  -13.8033  13.7403
3949.17  -13.7874  13.7395
3949.3  -13.7716  13.7387
3949.43  -13.7560  13.7380
3949.55  -13.7406  13.7372
3949.68  -13.7253  13.7364
3949.8  -13.7102  13.7356
3949.93  -13.6952  13.7349
3950.06  -13.6803  13.7341
3950.18  -13.6656  13.7333
3950.31  -13.6511  13.7325
3950.43  -13.6366  13.7318
3950.56  -13.6223  13.7310
3950.68  -13.6082  13.7302
3950.81  -13.5941  13.7294
3950.94  -13.5802  13.7287
3951.06  -13.5664  13.7279
3951.19  -13.5528  13.7271
3951.31  -13.5392  13.7263
3951.44  -13.5258  13.7256
3951.57  -13.5124  13.7248
3951.69  -13.4992  13.7240
3951.82  -13.4861  13.7232
3951.94  -13.4731  13.7225
3952.07  -13.4602  13.7217
3952.2  -13.4474  13.7209
3952.32  -13.4347  13.7201
3952.45  -13.4222  13.7194
3952.57  -13.4097  13.7186
3952.7  -13.3973  13.7178
3952.83  -13.3850  13.7170
3952.95  -13.3728  13.7163
3953.08  -13.3606  13.7155
3953.2  -13.3486  13.7147
3953.33  -13.3367  13.7139
3953.46  -13.3248  13.7132
3953.58  -13.3131  13.7124
3953.71  -13.3014  13.7116
3953.83  -13.2898  13.7108
3953.96  -13.2783  13.7101
3954.09  -13.2668  13.7093
3954.21  -13.2555  13.7085
3954.34  -13.2442  13.7077
3954.47  -13.2330  13.7070
3954.59  -13.2219  13.7062
3954.72  -13.2108  13.7054
3954.84  -13.1999  13.7046
3954.97  -13.1890  13.7039
3955.1  -13.1781  13.7031
3955.22  -13.1674  13.7023
3955.35  -13.1567  13.7015
3955.47  -13.1460  13.7008
3955.6  -13.1355  13.7000
3955.73  -13.1250  13.6992
3955.85  -13.1146  13.6984
3955.98  -13.1042  13.6977
3956.11  -13.0939  13.6969
3956.23  -13.0837  13.6961
3956.36  -13.0735  13.6953
3956.48  -13.0634  13.6946
3956.61  -13.0533  13.6938
3956.74  -13.0433  13.6930
3956.86  -13.0334  13.6922
3956.99  -13.0235  13.6915
3957.12  -13.0137  13.6907
3957.24  -13.0039  13.6899
3957.37  -12.9942  13.6892
4217.3  -8.9703  12.2748
4217.44  -8.9729  12.2742
4217.58  -8.9756  12.2735
4217.73  -8.9783  12.2728
4217.87  -8.9810  12.2721
4218.02  -8.9838  12.2714
4218.16  -8.9865  12.2708
4218.3  -8.9894  12.2701
4218.45  -8.9922  12.2694
4218.59  -8.9951  12.2687
4218.73  -8.9980  12.2680
4218.88  -9.0010  12.2674
4219.02  -9.0040  12.2667
4219.16  -9.0070  12.2660
4219.31  -9.0100  12.2653
4219.45  -9.0131  12.2646
4219.59  -9.0163  12.2639
4219.74  -9.0194  12.2633
4219.88  -9.0226  12.2626
4220.03  -9.0259  12.2619
4220.17  -9.0292  12.2612
4220.31  -9.0325  12.2605
4220.46  -9.0359  12.2599
4220.6  -9.0393  12.2592
4220.74  -9.0427  12.2585
4220.89  -9.0462  12.2578
4221.03  -9.0497  12.2571
4221.17  -9.0533  12.2565
4221.32  -9.0569  12.2558
4221.46  -9.0606  12.2551
4221.61  -9.0643  12.2544
4221.75  -9.0681  12.2537
4221.89  -9.0719  12.2531
4222.04  -9.0758  12.2524
4222.18  -9.0797  12.2517
4222.32  -9.0836  12.2510
4222.47  -9.0876  12.2503
4222.61  -9.0917  12.2497
4222.76  -9.0958  12.2490
4222.9  -9.1000  12.2483
4223.04  -9.1042  12.2476
4223.19  -9.1085  12.2469
4223.33  -9.1128  12.2462
4223.48  -9.1173  12.2456
4223.62  -9.1217  12.2449
4223.76  -9.1262  12.2442
4223.91  -9.1308  12.2435
4224.05  -9.1355  12.2428
4224.19  -9.1402  12.2422
4224.34  -9.1450  12.2415
4224.48  -9.1498  12.2408
4224.63  -9.1548  12.2401
4224.77  -9.1598  12.2394
4224.91  -9.1648  12.2388
4225.06  -9.1700  12.2381
4225.2  -9.1752  12.2374
4225.35  -9.1805  12.2367
4225.49  -9.1858  12.2360
4225.63  -9.1913  12.2354
4225.78  -9.1968  12.2347
4225.92  -9.2025  12.2340
4226.07  -9.2082  12.2333
4226.21  -9.2140  12.2326
4226.35  -9.2199  12.2320
4226.5  -9.2259  12.2313
4226.64  -9.2320  12.2306
4226.79  -9.2382  12.2299
4226.93  -9.2444  12.2292
4227.08  -9.2508  12.2286
4227.22  -9.2573  12.2279
4227.36  -9.2640  12.2272
4227.51  -9.2707  12.2265
4227.65  -9.2775  12.2258
4227.8  -9.2845  12.2252
4227.94  -9.2916  12.2245
4228.08  -9.2988  12.2238
4228.23  -9.3061  12.2231
4228.37  -9.3136  12.2224
4228.52  -9.3213  12.2218
4228.66  -9.3290  12.2211
4228.81  -9.3369  12.2204
4228.95  -9.3450  12.2197
4229.09  -9.3532  12.2190
4229.24  -9.3616  12.2184
4229.38  -9.3702  12.2177
4229.53  -9.3789  12.2170
4229.67  -9.3878  12.2163
4229.82  -9.3969  12.2156
4229.96  -9.4062  12.2150
4230.1  -9.4157  12.2143
4230.25  -9.4254  12.2136
4230.39  -9.4354  12.2129
4230.54  -9.4455  12.2122
4230.68  -9.4559  12.2116
4230.83  -9.4665  12.2109
4230.97  -9.4774  12.2102
4231.11  -9.4886  12.2095
4231.26  -9.5000  12.2088
4231.4  -9.5117  12.2082
4231.55  -9.5238  12.2075
4231.69  -9.5361  12.2068
4231.84  -9.5488  12.2061
4231.98  -9.5618  12.2054
4232.13  -9.5752  12.2048
4232.27  -9.5890  12.2041
4232.41  -9.6032  12.2034
4232.56  -9.6178  12.2027
4232.7  -9.6329  12.2020
4232.85  -9.6484  12.2014
4232.99  -9.6645  12.2007
4233.14  -9.6811  12.2000
4233.28  -9.6983  12.1993
4233.43  -9.7160  12.1986
4233.57  -9.7345  12.1980
4233.72  -9.7536  12.1973
4233.86  -9.7735  12.1966
4234  -9.7942  12.1959
4234.15  -9.8158  12.1952
4234.29  -9.8383  12.1946
4234.44  -9.8618  12.1939
4234.58  -9.8864  12.1932
4234.73  -9.9123  12.1925
4234.87  -9.9395  12.1918
4235.02  -9.9681  12.1912
4235.16  -9.9984  12.1905
4235.31  -10.0305  12.1898
4235.45  -10.0646  12.1891
4235.6  -10.1010  12.1884
4235.74  -10.1401  12.1878
4235.88  -10.1821  12.1871
4236.03  -10.2276  12.1864
4236.17  -10.2772  12.1857
4236.32  -10.3316  12.1850
4236.46  -10.3919  12.1844
4236.61  -10.4595  12.1837
4236.75  -10.5363  12.1830
4236.9  -10.6251  12.1823
4237.04  -10.7303  12.1816
4237.19  -10.8592  12.1810
4237.33  -11.0254  12.1803
4237.48  -11.2594  12.1796
4237.62  -11.6563  12.1789
4237.77  -13.6670  12.1782
4237.91  -11.6990  14.0310
4238.06  -11.2783  14.0302
4238.2  -11.0342  14.0295
4238.35  -10.8612  14.0288
4238.49  -10.7271  14.0281
4238.64  -10.6173  14.0273
4238.78  -10.5244  14.0266
4238.93  -10.4438  14.0259
4239.07  -10.3725  14.0252
4239.22  -10.3086  14.0244
4239.36  -10.2507  14.0237
4239.51  -10.1977  14.0230
4239.65  -10.1489  14.0223
4239.8  -10.1036  14.0215
4239.94  -10.0613  14.0208
4240.09  -10.0217  14.0201
4240.23  -9.9843  14.0194
4240.38  -9.9491  14.0186
4240.52  -9.9156  14.0179
4240.67  -9.8838  14.0172
4240.81  -9.8535  14.0165
4240.96  -9.8246  14.0157
4241.1  -9.7968  14.0150
4241.25  -9.7702  14.0143
4241.39  -9.7446  14.0136
4241.54  -9.7200  14.0128
4241.68  -9.6962  14.0121
4241.83  -9.6732  14.0114
4241.97  -9.6510  14.0107
4242.12  -9.6295  14.0099
4242.26  -9.6087  14.0092
4242.41  -9.5885  14.0085
4242.55  -9.5689  14.0078
4242.7  -9.5498  14.0071
4242.84  -9.5312  14.0063
4242.99  -9.5131  14.0056
4243.13  -9.4954  14.0049
4243.28  -9.4782  14.0042
4243.42  -9.4614  14.0034
4243.57  -9.4450  14.0027
4243.71  -9.4290  14.0020
4243.86  -9.4133  14.0013
4244  -9.3979  14.0005
4244.15  -9.3829  13.9998
4244.29  -9.3682  13.9991
4244.44  -9.3538  13.9984
4244.59  -9.3396  13.9976
4244.73  -9.3257  13.9969
4244.88  -9.3121  13.9962
4245.02  -9.2987  13.9955
4245.17  -9.2856  13.9947
4245.31  -9.2727  13.9940
4245.46  -9.2600  13.9933
4245.6  -9.2475  13.9926
4245.75  -9.2352  13.9918
4245.89  -9.2231  13.9911
4246.04  -9.2112  13.9904
4246.18  -9.1995  13.9897
4246.33  -9.1880  13.9889
4246.48  -9.1766  13.9882
4246.62  -9.1654  13.9875
4246.77  -9.1543  13.9868
4246.91  -9.1435  13.9861
4247.06  -9.1327  13.9853
4247.2  -9.1221  13.9846
4247.35  -9.1117  13.9839
4247.49  -9.1014  13.9832
4247.64  -9.0912  13.9824
4247.78  -9.0811  13.9817
4247.93  -9.0712  13.9810
4248.08  -9.0614  13.9803
4248.22  -9.0517  13.9795
4248.37  -9.0421  13.9788
4248.51  -9.0326  13.9781
4248.66  -9.0233  13.9774
4248.8  -9.0140  13.9766
4248.95  -9.0049  13.9759
4249.1  -8.9958  13.9752
4249.24  -8.9869  13.9745
4249.39  -8.9780  13.9737
4249.53  -8.9692  13.9730
4249.68  -8.9606  13.9723
4249.82  -8.9520  13.9716
4249.97  -8.9435  13.9709
4250.11  -8.9351  13.9701
4250.26  -8.9267  13.9694
4250.41  -8.9185  13.9687
4250.55  -8.9103  13.9680
4250.7  -8.9022  13.9672
4250.84  -8.8942  13.9665
4250.99  -8.8863  13.9658
4251.13  -8.8784  13.9651
4251.28  -8.8706  13.9643
4251.43  -8.8628  13.9636
4251.57  -8.8552  13.9629
4251.72  -8.8476  13.9622
4251.86  -8.8400  13.9614
4252.01  -8.8326  13.9607
4252.16  -8.8251  13.9600
4252.3  -8.8178  13.9593
4252.45  -8.8105  13.9585
4252.59  -8.8033  13.9578
4252.74  -8.7961  13.9571
4252.88  -8.7890  13.9564
4253.03  -8.7819  13.9557
4253.18  -8.7749  13.9549
4253.32  -8.7679  13.9542
4253.47  -8.7610  13.9535
4253.61  -8.7542  13.9528
4253.76  -8.7474  13.9520
4253.91  -8.7406  13.9513
4254.05  -8.7339  13.9506
4254.2  -8.7272  13.9499
4254.34  -8.7206  13.9491
4254.49  -8.7141  13.9484
4254.64  -8.7075  13.9477
4254.78  -8.7011  13.9470
4254.93  -8.6946  13.9462
4255.07  -8.6882  13.9455
4255.22  -8.6819  13.9448
4255.37  -8.6756  13.9441
4255.51  -8.6693  13.9434
4255.66  -8.6631  13.9426
4255.8  -8.6569  13.9419
4255.95  -8.6508  13.9412
4256.1  -8.6447  13.9405
4256.24  -8.6386  13.9397
4256.39  -8.6326  13.9390
4256.53  -8.6266  13.9383
4256.68  -8.6206  13.9376
4256.83  -8.6147  13.9368
4256.97  -8.6088  13.9361
4257.12  -8.6029  13.9354
4257.27  -8.5971  13.9347
4257.41  -8.5913  13.9340
4257.56  -8.5856  13.9332
4257.7  -8.5798  13.9325
4290.12  -7.7183  13.7736
4305.01  -7.4447  13.7015
4320.01  -7.2038  13.6295
4335.12  -6.9859  13.5576
4350.33  -6.7852  13.4858
4365.65  -6.5981  13.4140
4381.07  -6.4221  13.3424
4396.61  -6.2554  13.2709
4412.25  -6.0968  13.1994
4428.01  -5.9452  13.1280
4443.88  -5.7999  13.0568
4459.87  -5.6657  12.9860
4475.97  -5.5311  12.9154
4492.19  -5.4010  12.8449
4508.52  -5.2752  12.7745
4524.98  -5.1534  12.7041
4541.55  -5.0352  12.6338
4558.25  -4.9204  12.5636
4575.07  -4.8088  12.4935
4592.01  -4.7003  12.4234
4609.08  -4.5946  12.3535
4626.28  -4.4917  12.2836
4643.61  -4.3913  12.2138
4661.07  -4.2934  12.1441
4678.65  -4.1979  12.0745
4696.38  -4.1046  12.0050
4714.23  -4.0134  11.9355
4732.23  -3.9243  11.8661
4750.36  -3.8372  11.7968
4768.63  -3.7520  11.7277
4787.04  -3.6686  11.6585
4805.59  -3.5871  11.5895
4824.29  -3.5072  11.5206
4843.14  -3.4290  11.4518
4862.13  -3.3441  11.3828
4881.27  -3.2692  11.3138
4900.57  -3.1957  11.2449
4920.01  -3.1238  11.1762
4939.62  -3.0533  11.1075
4959.37  -2.9842  11.0389
4979.29  -2.9165  10.9705
4999.37  -2.8500  10.9021
5019.61  -2.7849  10.8338
5040.01  -2.7210  10.7657
5060.59  -2.6583  10.6976
5081.33  -2.5968  10.6297
5102.24  -2.5365  10.5619
5123.32  -2.4720  10.4941
5144.58  -2.4140  10.4262
5166.01  -2.3571  10.3585
5187.63  -2.3013  10.2909
5209.43  -2.2465  10.2234
5231.41  -2.1928  10.1560
5253.57  -2.1400  10.0888
5275.93  -2.0883  10.0217
5298.48  -2.0375  9.9546
5321.22  -1.9876  9.8877
5344.15  -1.9387  9.8210
5367.29  -1.8907  9.7543
5390.62  -1.8435  9.6878
5414.16  -1.7973  9.6213
5437.91  -1.7519  9.5550
5461.87  -1.7074  9.4889
5486.03  -1.6637  9.4228
5510.42  -1.6171  9.3569
5535.02  -1.5751  9.2909
5559.84  -1.5339  9.2251
5584.88  -1.4934  9.1594
5610.15  -1.4537  9.0938
5635.65  -1.4148  9.0284
5661.39  -1.3766  8.9631
5687.36  -1.3392  8.8979
5713.56  -1.3025  8.8329
5740.02  -1.2665  8.7680
5766.71  -1.2312  8.7032
5793.66  -1.1966  8.6386
5820.86  -1.1627  8.5741
5848.32  -1.1295  8.5097
5876.04  -1.0969  8.4455
5904.02  -1.0650  8.3815
5932.27  -1.0337  8.3175
5960.79  -1.0031  8.2537
5989.58  -0.9731  8.1901
6018.66  -0.9438  8.1266
6048.02  -0.9150  8.0632
6077.66  -0.8869  8.0000
6107.6  -0.8594  7.9369
6137.84  -0.8324  7.8739
6168.38  -0.8061  7.8112
6199.22  -0.7803  7.7485
6230.37  -0.7551  7.6860
6261.84  -0.7304  7.6237
6293.62  -0.7064  7.5615
6325.73  -0.6828  7.4994
6358.17  -0.6599  7.4375
6390.95  -0.6374  7.3758
6424.06  -0.6155  7.3142
6457.52  -0.5941  7.2528
6491.33  -0.5733  7.1915
6525.49  -0.5530  7.1304
6560.02  -0.5331  7.0694
6594.91  -0.5138  7.0086
6630.18  -0.4950  6.9479
6665.82  -0.4767  6.8875
6701.86  -0.4589  6.8271
6738.28  -0.4416  6.7669
6775.1  -0.4247  6.7069
6812.33  -0.4084  6.6471
6849.96  -0.3925  6.5874
6888.02  -0.3770  6.5279
6926.5  -0.3621  6.4685
6965.41  -0.3476  6.4093
7004.77  -0.3335  6.3503
7044.57  -0.3199  6.2915
7084.82  -0.3068  6.2328
7125.54  -0.2941  6.1743
7166.73  -0.2819  6.1159
7208.39  -0.2700  6.0578
7250.55  -0.2586  5.9998
7293.2  -0.2477  5.9420
7336.35  -0.2372  5.8843
7380.02  -0.2267  5.8269
7424.21  -0.2170  5.7696
7468.94  -0.2059  5.7124
7514.2  -0.1971  5.6555
7560.02  -0.1888  5.5986
7606.4  -0.1808  5.5420
7653.35  -0.1733  5.4856
7700.89  -0.1661  5.4294
7749.02  -0.1594  5.3733
7797.76  -0.1530  5.3175
7847.11  -0.1470  5.2618
7897.09  -0.1405  5.2063
7947.71  -0.1354  5.1510
7998.99  -0.1306  5.0959
8050.93  -0.1262  5.0410
8103.55  -0.1222  4.9863
8156.86  -0.1186  4.9318
8210.88  -0.1153  4.8775
8265.62  -0.1124  4.8234
8321.1  -0.1100  4.7695
8377.32  -0.1075  4.7158
8434.31  -0.1057  4.6623
8492.08  -0.1039  4.6090
8550.64  -0.1029  4.5560
8610.02  -0.1021  4.5031
8670.23  -0.1018  4.4505
8731.29  -0.1018  4.3981
8793.22  -0.1021  4.3458
8856.02  -0.1027  4.2939
8919.74  -0.1035  4.2419
8984.37  -0.1042  4.1899
9049.95  -0.1053  4.1381
9116.5  -0.1070  4.0866
9184.03  -0.1091  4.0353
9252.56  -0.1115  3.9842
9322.13  -0.1144  3.9334
9392.75  -0.1177  3.8829
9464.45  -0.1213  3.8326
9537.26  -0.1253  3.7825
9611.19  -0.1296  3.7327
9686.28  -0.1343  3.6831
9762.55  -0.1394  3.6338
9840.03  -0.1447  3.5848
9918.75  -0.1504  3.5360
9998.74  -0.1564  3.4874
10080  -0.1628  3.4391
10162.7  -0.1695  3.3911
10246.6  -0.1764  3.3433
10332  -0.1837  3.2958
10418.9  -0.1913  3.2486
10507.1  -0.1993  3.2016
10597  -0.2075  3.1548
10688.3  -0.2160  3.1084
10781.2  -0.2248  3.0622
10875.8  -0.2340  3.0163
10972.1  -0.2434  2.9706
11070  -0.2531  2.9252
11169.8  -0.2632  2.8801
11271.3  -0.2735  2.8352
11374.7  -0.2841  2.7906
11480  -0.2950  2.7463
11587.3  -0.3062  2.7023
11696.6  -0.3177  2.6585
11808  -0.3296  2.6151
11921.6  -0.3417  2.5719
12037.3  -0.3541  2.5290
12155.3  -0.3668  2.4863
12275.7  -0.3798  2.4440
12398.4  -0.3930  2.4019
12523.7  -0.4044  2.3601
12651.5  -0.4184  2.3186
12781.9  -0.4327  2.2773
12915  -0.4473  2.2364
13051  -0.4622  2.1957
13189.8  -0.4757  2.1554
13331.6  -0.4913  2.1153
13476.6  -0.5072  2.0755
13624.7  -0.5235  2.0360
13776  -0.5400  1.9968
13930.8  -0.5570  1.9580
14089.1  -0.5742  1.9194
14251.1  -0.5919  1.8811
14416.8  -0.6099  1.8432
14586.4  -0.6283  1.8055
14760  -0.6470  1.7682
14937.9  -0.6662  1.7311
15120  -0.6858  1.6944
15306.7  -0.7058  1.6580
15498  -0.7263  1.6219
15694.2  -0.7472  1.5862
15895.4  -0.7687  1.5507
16101.9  -0.7906  1.5156
16313.7  -0.8113  1.4808
16531.2  -0.8345  1.4463
16754.6  -0.8583  1.4121
16984.2  -0.8827  1.3782
17220  -0.9062  1.3446
17462.6  -0.9322  1.3114
17712  -0.9590  1.2785
17968.7  -0.9867  1.2460
18233  -1.0153  1.2138
18505.1  -1.0433  1.1819
18785.5  -1.0743  1.1503
19074.5  -1.1064  1.1192
19372.6  -1.1400  1.0883
19680.1  -1.1752  1.0579
19997.5  -1.2121  1.0278
20325.3  -1.2510  0.9981
20664.1  -1.2922  0.9688
21014.3  -1.3361  0.9398
21376.6  -1.3830  0.9112
21751.6  -1.4335  0.8830
22140.1  -1.4882  0.8552
22542.6  -1.5482  0.8277
22960.1  -1.6144  0.8006
23393.3  -1.6886  0.7740
23843.1  -1.7728  0.7477
24310.7  -1.8702  0.7218
24796.9  -1.9858  0.6963
25302.9  -2.1272  0.6711
25830.1  -2.3082  0.6464
26379.6  -2.5568  0.6221
26953.1  -2.9431  0.5979
27076.7  -3.0581  0.5928
27082.6  -3.0640  0.5926
27088.6  -3.0700  0.5923
27094.5  -3.0760  0.5921
27100.4  -3.0821  0.5918
27106.3  -3.0882  0.5916
27112.3  -3.0944  0.5914
27118.2  -3.1006  0.5911
27124.1  -3.1069  0.5909
27130.1  -3.1132  0.5906
27136  -3.1195  0.5904
27141.9  -3.1260  0.5902
27147.9  -3.1324  0.5899
27153.8  -3.1390  0.5897
27159.8  -3.1456  0.5894
27165.7  -3.1522  0.5892
27171.7  -3.1589  0.5889
27177.6  -3.1657  0.5887
27183.6  -3.1725  0.5885
27189.5  -3.1794  0.5882
27195.5  -3.1863  0.5880
27201.5  -3.1933  0.5877
27207.4  -3.2004  0.5875
27213.4  -3.2075  0.5873
27219.4  -3.2147  0.5870
27225.4  -3.2219  0.5868
27231.4  -3.2293  0.5865
27237.3  -3.2367  0.5863
27243.3  -3.2441  0.5861
27249.3  -3.2517  0.5858
27255.3  -3.2593  0.5856
27261.3  -3.2670  0.5853
27267.3  -3.2747  0.5851
27273.3  -3.2826  0.5848
27279.3  -3.2905  0.5846
27285.3  -3.2985  0.5844
27291.3  -3.3065  0.5841
27297.3  -3.3147  0.5839
27303.3  -3.3229  0.5836
27309.3  -3.3313  0.5834
27315.3  -3.3397  0.5832
27321.4  -3.3482  0.5829
27327.4  -3.3568  0.5827
27333.4  -3.3655  0.5824
27339.4  -3.3743  0.5822
27345.5  -3.3831  0.5820
27351.5  -3.3921  0.5817
27357.5  -3.4012  0.5815
27363.6  -3.4104  0.5812
27369.6  -3.4197  0.5810
27375.7  -3.4291  0.5808
27381.7  -3.4386  0.5805
27387.7  -3.4482  0.5803
27393.8  -3.4580  0.5800
27399.9  -3.4678  0.5798
27405.9  -3.4778  0.5796
27412  -3.4879  0.5793
27418  -3.4981  0.5791
27424.1  -3.5085  0.5788
27430.2  -3.5190  0.5786
27436.2  -3.5296  0.5784
27442.3  -3.5404  0.5781
27448.4  -3.5513  0.5779
27454.5  -3.5623  0.5776
27460.5  -3.5735  0.5774
27466.6  -3.5849  0.5772
27472.7  -3.5964  0.5769
27478.8  -3.6081  0.5767
27484.9  -3.6200  0.5765
27491  -3.6320  0.5762
27497.1  -3.6442  0.5760
27503.2  -3.6566  0.5757
27509.3  -3.6691  0.5755
27515.4  -3.6819  0.5753
27521.5  -3.6949  0.5750
27527.6  -3.7080  0.5748
27533.7  -3.7214  0.5745
27539.8  -3.7350  0.5743
27546  -3.7488  0.5741
27552.1  -3.7629  0.5738
27558.2  -3.7771  0.5736
27564.3  -3.7917  0.5733
27570.5  -3.8065  0.5731
27576.6  -3.8215  0.5729
27582.7  -3.8368  0.5726
27588.9  -3.8524  0.5724
27595  -3.8683  0.5722
27601.1  -3.8845  0.5719
27607.3  -3.9011  0.5717
27613.4  -3.9179  0.5714
27619.6  -3.9351  0.5712
27625.7  -3.9526  0.5710
27631.9  -3.9705  0.5707
27638.1  -3.9888  0.5705
27644.2  -4.0075  0.5703
27650.4  -4.0266  0.5700
27656.6  -4.0461  0.5698
27662.7  -4.0661  0.5695
27668.9  -4.0865  0.5693
27675.1  -4.1075  0.5691
27681.3  -4.1290  0.5688
27687.4  -4.1510  0.5686
27693.6  -4.1735  0.5684
27699.8  -4.1967  0.5681
27706  -4.2205  0.5679
27712.2  -4.2450  0.5676
27718.4  -4.2702  0.5674
27724.6  -4.2961  0.5672
27730.8  -4.3228  0.5669
27737  -4.3504  0.5667
27743.2  -4.3788  0.5665
27749.4  -4.4082  0.5662
27755.6  -4.4385  0.5660
27761.8  -4.4700  0.5657
27768.1  -4.5026  0.5655
27774.3  -4.5364  0.5653
27780.5  -4.5716  0.5650
27786.7  -4.6082  0.5648
27792.9  -4.6464  0.5646
27799.2  -4.6863  0.5643
27805.4  -4.7280  0.5641
27811.7  -4.7717  0.5638
27817.9  -4.8176  0.5636
27824.1  -4.8660  0.5634
27830.4  -4.9171  0.5631
27836.6  -4.9713  0.5629
27842.9  -5.0288  0.5627
27849.1  -5.0902  0.5624
27855.4  -5.1560  0.5622
27861.7  -5.2269  0.5620
27867.9  -5.3037  0.5617
27874.2  -5.3875  0.5615
27880.4  -5.4795  0.5613
27886.7  -5.5817  0.5610
27893  -5.6965  0.5608
27899.3  -5.8273  0.5605
27905.5  -5.9795  0.5603
27911.8  -6.1611  0.5601
27918.1  -6.3861  0.5598
27924.4  -6.6820  0.5596
27930.7  -7.1141  0.5594
27937  -7.9267  0.5591
27943.3  -8.9775  3.5801
27949.6  -7.4350  3.5787
27955.9  -6.8682  3.5774
27962.2  -6.5127  3.5760
27968.5  -6.2527  3.5747
27974.8  -6.0476  3.5733
27981.1  -5.8780  3.5720
27987.4  -5.7334  3.5706
27993.8  -5.6074  3.5693
28000.1  -5.4955  3.5679
28006.4  -5.3951  3.5666
28012.7  -5.3038  3.5652
28019.1  -5.2202  3.5639
28025.4  -5.1431  3.5625
28031.7  -5.0715  3.5612
28038.1  -5.0047  3.5598
28044.4  -4.9420  3.5585
28050.8  -4.8830  3.5571
28057.1  -4.8273  3.5558
28063.5  -4.7744  3.5544
28069.8  -4.7242  3.5531
28076.2  -4.6764  3.5517
28082.5  -4.6307  3.5504
28088.9  -4.5869  3.5490
28095.3  -4.5450  3.5477
28101.6  -4.5047  3.5463
28108  -4.4659  3.5450
28114.4  -4.4285  3.5436
28120.7  -4.3925  3.5423
28127.1  -4.3577  3.5409
28133.5  -4.3240  3.5396
28139.9  -4.2913  3.5383
28146.3  -4.2597  3.5369
28152.7  -4.2290  3.5356
28159.1  -4.1992  3.5342
28165.5  -4.1702  3.5329
28171.9  -4.1420  3.5315
28178.3  -4.1146  3.5302
28184.7  -4.0878  3.5288
28191.1  -4.0617  3.5275
28197.5  -4.0363  3.5262
28203.9  -4.0114  3.5248
28210.3  -3.9871  3.5235
28216.7  -3.9634  3.5221
28223.2  -3.9402  3.5208
28229.6  -3.9175  3.5194
28236  -3.8953  3.5181
28242.4  -3.8735  3.5168
28248.9  -3.8522  3.5154
28255.3  -3.8312  3.5141
28261.8  -3.8107  3.5127
28268.2  -3.7906  3.5114
28274.7  -3.7709  3.5100
28281.1  -3.7515  3.5087
28287.6  -3.7324  3.5074
28294  -3.7137  3.5060
28300.5  -3.6954  3.5047
28306.9  -3.6773  3.5033
28313.4  -3.6595  3.5020
28319.9  -3.6420  3.5007
28326.3  -3.6248  3.4993
28332.8  -3.6079  3.4980
28339.3  -3.5912  3.4966
28345.8  -3.5748  3.4953
28352.2  -3.5586  3.4940
28358.7  -3.5427  3.4926
28365.2  -3.5270  3.4913
28371.7  -3.5115  3.4900
28378.2  -3.4963  3.4886
28384.7  -3.4812  3.4873
28391.2  -3.4664  3.4859
28397.7  -3.4517  3.4846
28404.2  -3.4373  3.4833
28410.7  -3.4230  3.4819
28417.2  -3.4090  3.4806
28423.7  -3.3951  3.4793
28430.3  -3.3814  3.4779
28436.8  -3.3678  3.4766
28443.3  -3.3544  3.4753
28449.8  -3.3412  3.4739
28456.4  -3.3282  3.4726
28462.9  -3.3153  3.4713
28469.4  -3.3025  3.4699
28476  -3.2899  3.4686
28482.5  -3.2774  3.4673
28489  -3.2651  3.4659
28495.6  -3.2529  3.4646
28502.1  -3.2409  3.4633
28508.7  -3.2289  3.4619
28515.3  -3.2171  3.4606
28521.8  -3.2055  3.4593
28528.4  -3.1939  3.4579
28534.9  -3.1825  3.4566
28541.5  -3.1712  3.4553
28548.1  -3.1600  3.4539
28554.7  -3.1489  3.4526
28561.2  -3.1379  3.4513
28567.8  -3.1271  3.4499
28574.4  -3.1163  3.4486
28581  -3.1056  3.4473
28587.6  -3.0951  3.4460
28594.2  -3.0846  3.4446
28600.8  -3.0743  3.4433
28607.4  -3.0640  3.4420
28614  -3.0538  3.4406
28620.6  -3.0437  3.4393
28627.2  -3.0338  3.4380
28633.8  -3.0239  3.4367
28640.4  -3.0140  3.4353
28647  -3.0043  3.4340
28653.7  -2.9947  3.4327
28660.3  -2.9851  3.4314
28666.9  -2.9756  3.4300
28673.5  -2.9662  3.4287
28680.2  -2.9569  3.4274
28686.8  -2.9477  3.4260
28693.4  -2.9385  3.4247
28700.1  -2.9294  3.4234
28706.7  -2.9204  3.4221
28713.4  -2.9114  3.4207
28720  -2.9026  3.4194
28726.7  -2.8938  3.4181
28733.3  -2.8850  3.4168
28740  -2.8764  3.4154
28746.7  -2.8677  3.4141
28753.3  -2.8592  3.4128
28760  -2.8507  3.4115
28766.7  -2.8423  3.4102
28773.3  -2.8340  3.4088
28780  -2.8257  3.4075
28786.7  -2.8175  3.4062
28793.4  -2.8093  3.4049
28800.1  -2.8012  3.4035
28806.8  -2.7931  3.4022
28813.5  -2.7851  3.4009
28820.2  -2.7772  3.3996
28826.9  -2.7693  3.3983
28833.6  -2.7615  3.3969
29520.1  -2.1734  3.2671
30240.1  -1.7835  3.1416
30996.1  -1.4936  3.0175
31790.9  -1.2645  2.8949
32627.5  -1.0769  2.7739
33509.3  -0.9199  2.6545
34440.1  -0.7867  2.5366
35424.1  -0.6725  2.4205
36466  -0.5728  2.3060
37571  -0.4881  2.1930
38745.1  -0.4152  2.0818
39994.9  -0.3525  1.9726
41328.1  -0.2989  1.8655
42753.2  -0.2534  1.7603
44280.1  -0.2152  1.6573
45920.1  -0.1838  1.5564
47686.3  -0.1584  1.4578
49593.7  -0.1387  1.3614
51660.1  -0.1242  1.2675
53906.2  -0.1146  1.1759
56356.5  -0.1070  1.0868
59040.2  -0.1064  0.9999
61992.2  -0.1098  0.9158
65254.9  -0.1168  0.8347
68880.2  -0.1270  0.7567
72932  -0.1403  0.6818
77490.2  -0.1564  0.6100
82656.2  -0.1751  0.5411
88560.2  -0.1964  0.4755
95372.6  -0.2198  0.4138
103320  -0.2450  0.3560
112713  -0.2714  0.3023
123984  -0.2989  0.2527
