4290.12  -5.1104  15.4646
4305.01  -5.0907  15.3858
4320.01  -5.0714  15.3072
4335.12  -5.0524  15.2286
4350.33  -5.0337  15.1502
4365.65  -5.0154  15.0718
4381.07  -4.9975  14.9936
4396.61  -4.9798  14.9154
4412.25  -4.9625  14.8373
4428.01  -4.9455  14.7594
4443.88  -4.9289  14.6815
4459.87  -4.9126  14.6037
4475.97  -4.8966  14.5260
4492.19  -4.8810  14.4485
4508.52  -4.8657  14.3710
4524.98  -4.8507  14.2936
4541.55  -4.8360  14.2163
4558.25  -4.8217  14.1392
4575.07  -4.8077  14.0621
4592.01  -4.7940  13.9851
4609.08  -4.7807  13.9083
4626.28  -4.7677  13.8315
4643.61  -4.7550  13.7548
4661.07  -4.7426  13.6783
4678.65  -4.7306  13.6018
4696.38  -4.7189  13.5255
4714.23  -4.7075  13.4493
4732.23  -4.6965  13.3731
4750.36  -4.6712  13.2968
4768.63  -4.6610  13.2206
4787.04  -4.6510  13.1445
4805.59  -4.6414  13.0685
4824.29  -4.6321  12.9926
4843.14  -4.6231  12.9169
4862.13  -4.6145  12.8412
4881.27  -4.6062  12.7657
4900.57  -4.5896  12.6902
4920.01  -4.5820  12.6149
4939.62  -4.5748  12.5396
4959.37  -4.5679  12.4645
4979.29  -4.5614  12.3895
4999.37  -4.5552  12.3146
5019.61  -4.5493  12.2398
5040.01  -4.5437  12.1652
5060.59  -4.5384  12.0907
5081.33  -4.5335  12.0162
5102.24  -4.5289  11.9420
5123.32  -4.5247  11.8678
5144.58  -4.5128  11.7937
5166.01  -4.5093  11.7198
5187.63  -4.5061  11.6459
5209.43  -4.5033  11.5722
5231.41  -4.5009  11.4986
5253.57  -4.4987  11.4252
5275.93  -4.4969  11.3518
5298.48  -4.4954  11.2786
5321.22  -4.4943  11.2055
5344.15  -4.4935  11.1326
5367.29  -4.4829  11.0597
5390.62  -4.4829  10.9868
5414.16  -4.4832  10.9140
5437.91  -4.4839  10.8413
5461.87  -4.4849  10.7688
5486.03  -4.4863  10.6964
5510.42  -4.4880  10.6242
5535.02  -4.4900  10.5521
5559.84  -4.4925  10.4801
5584.88  -4.4952  10.4083
5610.15  -4.4984  10.3366
5635.65  -4.5018  10.2650
5661.39  -4.5057  10.1936
5687.36  -4.5099  10.1223
5713.56  -4.5145  10.0512
5740.02  -4.5194  9.9802
5766.71  -4.5247  9.9094
5793.66  -4.5304  9.8387
5820.86  -4.5365  9.7681
5848.32  -4.5429  9.6977
5876.04  -4.5463  9.6274
5904.02  -4.5535  9.5572
5932.27  -4.5612  9.4872
5960.79  -4.5692  9.4173
5989.58  -4.5776  9.3475
6018.66  -4.5864  9.2779
6048.02  -4.5956  9.2085
6077.66  -4.6052  9.1392
6107.6  -4.6153  9.0701
6137.84  -4.6257  9.0011
6168.38  -4.6366  8.9322
6199.22  -4.6479  8.8636
6230.37  -4.6596  8.7950
6261.84  -4.6718  8.7267
6293.62  -4.6844  8.6585
6325.73  -4.6974  8.5904
6358.17  -4.7109  8.5225
6390.95  -4.7249  8.4548
6424.06  -4.7393  8.3873
6457.52  -4.7542  8.3199
6491.33  -4.7696  8.2526
6525.49  -4.7855  8.1855
6560.02  -4.8018  8.1186
6594.91  -4.8187  8.0519
6630.18  -4.8361  7.9853
6665.82  -4.8540  7.9189
6701.86  -4.8725  7.8526
6738.28  -4.8915  7.7865
6775.1  -4.9110  7.7206
6812.33  -4.9312  7.6549
6849.96  -4.9519  7.5893
6888.02  -4.9732  7.5239
6926.5  -4.9951  7.4587
6965.41  -5.0176  7.3936
7004.77  -5.0408  7.3287
7044.57  -5.0647  7.2640
7084.82  -5.0892  7.1995
7125.54  -5.1144  7.1351
7166.73  -5.1403  7.0709
7208.39  -5.1670  7.0069
7250.55  -5.1944  6.9431
7293.2  -5.2226  6.8794
7336.35  -5.2516  6.8159
7380.02  -5.2814  6.7526
7424.21  -5.3121  6.6895
7468.94  -5.3437  6.6266
7514.2  -5.3762  6.5639
7560.02  -5.4097  6.5013
7606.4  -5.4441  6.4389
7653.35  -5.4796  6.3767
7700.89  -5.5162  6.3147
7749.02  -5.5539  6.2529
7797.76  -5.5927  6.1913
7847.11  -5.6328  6.1298
7897.09  -5.6741  6.0686
7947.71  -5.7168  6.0076
7998.99  -5.7609  5.9467
8050.93  -5.8065  5.8860
8103.55  -5.8537  5.8256
8156.86  -5.9025  5.7653
8210.88  -5.9526  5.7052
8265.62  -6.0050  5.6453
8321.1  -6.0594  5.5856
8377.32  -6.1156  5.5261
8434.31  -6.1743  5.4668
8492.08  -6.2349  5.4078
8550.64  -6.2985  5.3489
8610.02  -6.3648  5.2902
8670.23  -6.4340  5.2317
8731.29  -6.5063  5.1735
8793.22  -6.5820  5.1154
8856.02  -6.6615  5.0576
8919.74  -6.7446  4.9998
8984.37  -6.8314  4.9419
9049.95  -6.9234  4.8842
9116.5  -7.0209  4.8268
9184.03  -7.1246  4.7696
9252.56  -7.2351  4.7127
9322.13  -7.3532  4.6560
9392.75  -7.4798  4.5995
9464.45  -7.6163  4.5433
9537.26  -7.7641  4.4873
9611.19  -7.9250  4.4316
9686.28  -8.1016  4.3762
9762.55  -8.2930  4.3209
9840.03  -8.5112  4.2659
9918.75  -8.7582  4.2111
9998.74  -9.0424  4.1566
10080  -9.3767  4.1024
10162.7  -9.7819  4.0484
10246.6  -10.2959  3.9947
10332  -10.9881  3.9410
10411  -11.9694  3.8923
10411.9  -11.9835  3.8918
10412.7  -11.9977  3.8912
10413.6  -12.0119  3.8907
10414.5  -12.0263  3.8902
10415.4  -12.0408  3.8896
10416.2  -12.0554  3.8891
10417.1  -12.0701  3.8886
10418  -12.0849  3.8880
10418.9  -12.0998  3.8875
10419.7  -12.1149  3.8870
10420.6  -12.1300  3.8864
10421.5  -12.1453  3.8859
10422.4  -12.1607  3.8854
10423.2  -12.1762  3.8848
10424.1  -12.1919  3.8843
10425  -12.2076  3.8838
10425.9  -12.2235  3.8832
10426.7  -12.2396  3.8827
10427.6  -12.2557  3.8822
10428.5  -12.2720  3.8816
10429.4  -12.2884  3.8811
10430.2  -12.3050  3.8806
10431.1  -12.3217  3.8800
10432  -12.3386  3.8795
10432.9  -12.3556  3.8790
10433.8  -12.3727  3.8784
10434.6  -12.3900  3.8779
10435.5  -12.4075  3.8774
10436.4  -12.4251  3.8768
10437.3  -12.4429  3.8763
10438.1  -12.4608  3.8758
10439  -12.4789  3.8752
10439.9  -12.4972  3.8747
10440.8  -12.5156  3.8742
10441.7  -12.5342  3.8736
10442.5  -12.5530  3.8731
10443.4  -12.5720  3.8726
10444.3  -12.5911  3.8720
10445.2  -12.6105  3.8715
10446.1  -12.6300  3.8710
10446.9  -12.6498  3.8704
10447.8  -12.6697  3.8699
10448.7  -12.6898  3.8694
10449.6  -12.7102  3.8688
10450.5  -12.7307  3.8683
10451.3  -12.7515  3.8678
10452.2  -12.7725  3.8672
10453.1  -12.7938  3.8667
10454  -12.8152  3.8662
10454.9  -12.8369  3.8656
10455.8  -12.8589  3.8651
10456.6  -12.8810  3.8646
10457.5  -12.9035  3.8641
10458.4  -12.9262  3.8635
10459.3  -12.9491  3.8630
10460.2  -12.9724  3.8625
10461  -12.9959  3.8619
10461.9  -13.0197  3.8614
10462.8  -13.0438  3.8609
10463.7  -13.0681  3.8603
10464.6  -13.0928  3.8598
10465.5  -13.1178  3.8593
10466.3  -13.1432  3.8587
10467.2  -13.1688  3.8582
10468.1  -13.1948  3.8577
10469  -13.2211  3.8571
10469.9  -13.2478  3.8566
10470.8  -13.2749  3.8561
10471.7  -13.3023  3.8555
10472.5  -13.3301  3.8550
10473.4  -13.3584  3.8545
10474.3  -13.3870  3.8539
10475.2  -13.4160  3.8534
10476.1  -13.4455  3.8529
10477  -13.4755  3.8524
10477.8  -13.5058  3.8518
10478.7  -13.5367  3.8513
10479.6  -13.5681  3.8508
10480.5  -13.5999  3.8502
10481.4  -13.6323  3.8497
10482.3  -13.6652  3.8492
10483.2  -13.6987  3.8486
10484  -13.7327  3.8481
10484.9  -13.7674  3.8476
10485.8  -13.8026  3.8470
10486.7  -13.8385  3.8465
10487.6  -13.8751  3.8460
10488.5  -13.9124  3.8454
10489.4  -13.9503  3.8449
10490.3  -13.9890  3.8444
10491.1  -14.0285  3.8438
10492  -14.0688  3.8433
10492.9  -14.1099  3.8428
10493.8  -14.1518  3.8423
10494.7  -14.1947  3.8417
10495.6  -14.2385  3.8412
10496.5  -14.2834  3.8407
10497.4  -14.3292  3.8401
10498.3  -14.3761  3.8396
10499.1  -14.4242  3.8391
10500  -14.4734  3.8385
10500.9  -14.5239  3.8380
10501.8  -14.5758  3.8375
10502.7  -14.6289  3.8369
10503.6  -14.6836  3.8364
10504.5  -14.7398  3.8359
10505.4  -14.7976  3.8354
10506.3  -14.8572  3.8348
10507.1  -14.9185  3.8343
10508  -14.9819  3.8338
10508.9  -15.0473  3.8332
10509.8  -15.1149  3.8327
10510.7  -15.1848  3.8322
10511.6  -15.2574  3.8316
10512.5  -15.3326  3.8311
10513.4  -15.4108  3.8306
10514.3  -15.4921  3.8300
10515.2  -15.5769  3.8295
10516.1  -15.6655  3.8290
10517  -15.7581  3.8285
10517.8  -15.8552  3.8279
10518.7  -15.9573  3.8274
10519.6  -16.0648  3.8269
10520.5  -16.1784  3.8263
10521.4  -16.2988  3.8258
10522.3  -16.4269  3.8253
10523.2  -16.5637  3.8247
10524.1  -16.7104  3.8242
10525  -16.8687  3.8237
10525.9  -17.0406  3.8232
10526.8  -17.2284  3.8226
10527.7  -17.4355  3.8221
10528.6  -17.6663  3.8216
10529.5  -17.9269  3.8210
10530.4  -18.2262  3.8205
10531.2  -18.5776  3.8200
10532.1  -19.0031  3.8194
10533  -19.5423  3.8189
10533.9  -20.2790  3.8184
10534.8  -21.4475  3.8179
10535.7  -24.5012  3.8173
10536.6  -22.6714  10.2229
10537.5  -20.8831  10.2214
10538.4  -19.9441  10.2199
10539.3  -19.3029  10.2184
10540.2  -18.8152  10.2169
10541.1  -18.4216  10.2155
10542  -18.0914  10.2140
10542.9  -17.8071  10.2125
10543.8  -17.5573  10.2110
10544.7  -17.3346  10.2096
10545.6  -17.1337  10.2081
10546.5  -16.9507  10.2066
10547.4  -16.7826  10.2051
10548.3  -16.6272  10.2036
10549.2  -16.4826  10.2022
10550.1  -16.3476  10.2007
10551  -16.2208  10.1992
10551.9  -16.1014  10.1977
10552.8  -15.9885  10.1963
10553.7  -15.8814  10.1948
10554.6  -15.7796  10.1933
10555.5  -15.6826  10.1918
10556.4  -15.5900  10.1903
10557.3  -15.5013  10.1889
10558.1  -15.4162  10.1874
10559  -15.3345  10.1859
10559.9  -15.2559  10.1844
10560.8  -15.1802  10.1830
10561.7  -15.1071  10.1815
10562.6  -15.0366  10.1800
10563.5  -14.9683  10.1785
10564.4  -14.9022  10.1771
10565.3  -14.8382  10.1756
10566.2  -14.7761  10.1741
10567.1  -14.7158  10.1726
10568  -14.6571  10.1711
10568.9  -14.6001  10.1697
10569.9  -14.5447  10.1682
10570.8  -14.4906  10.1667
10571.7  -14.4379  10.1652
10572.6  -14.3866  10.1638
10573.5  -14.3365  10.1623
10574.4  -14.2875  10.1608
10575.3  -14.2397  10.1593
10576.2  -14.1929  10.1579
10577.1  -14.1472  10.1564
10578  -14.1025  10.1549
10578.9  -14.0587  10.1534
10579.8  -14.0158  10.1520
10580.7  -13.9738  10.1505
10581.6  -13.9326  10.1490
10582.5  -13.8922  10.1475
10583.4  -13.8526  10.1461
10584.3  -13.8137  10.1446
10585.2  -13.7755  10.1431
10586.1  -13.7380  10.1416
10587  -13.7012  10.1402
10587.9  -13.6650  10.1387
10588.8  -13.6295  10.1372
10589.7  -13.5945  10.1357
10590.6  -13.5601  10.1343
10591.5  -13.5263  10.1328
10592.4  -13.4930  10.1313
10593.3  -13.4602  10.1298
10594.2  -13.4280  10.1284
10595.1  -13.3962  10.1269
10596  -13.3649  10.1254
10597  -13.3341  10.1240
10597.9  -13.3037  10.1225
10598.8  -13.2738  10.1210
10599.7  -13.2443  10.1195
10600.6  -13.2152  10.1181
10601.5  -13.1865  10.1166
10602.4  -13.1582  10.1151
10603.3  -13.1303  10.1136
10604.2  -13.1027  10.1122
10605.1  -13.0756  10.1107
10606  -13.0487  10.1092
10606.9  -13.0222  10.1077
10607.8  -12.9960  10.1063
10608.7  -12.9702  10.1048
10609.6  -12.9447  10.1033
10610.6  -12.9195  10.1019
10611.5  -12.8946  10.1004
10612.4  -12.8700  10.0989
10613.3  -12.8456  10.0974
10614.2  -12.8216  10.0960
10615.1  -12.7978  10.0945
10616  -12.7743  10.0930
10616.9  -12.7511  10.0915
10617.8  -12.7281  10.0901
10618.7  -12.7054  10.0886
10619.6  -12.6829  10.0871
10620.6  -12.6607  10.0857
10621.5  -12.6387  10.0842
10622.4  -12.6169  10.0827
10623.3  -12.5953  10.0812
10624.2  -12.5740  10.0798
10625.1  -12.5529  10.0783
10626  -12.5320  10.0768
10626.9  -12.5113  10.0754
10627.8  -12.4909  10.0739
10628.7  -12.4706  10.0724
10629.7  -12.4505  10.0709
10630.6  -12.4306  10.0695
10631.5  -12.4109  10.0680
10632.4  -12.3914  10.0665
10633.3  -12.3721  10.0651
10634.2  -12.3529  10.0636
10635.1  -12.3340  10.0621
10636  -12.3152  10.0606
10637  -12.2965  10.0592
10637.9  -12.2781  10.0577
10638.8  -12.2598  10.0562
10639.7  -12.2416  10.0548
10640.6  -12.2236  10.0533
10641.5  -12.2058  10.0518
10642.4  -12.1882  10.0504
10643.3  -12.1706  10.0489
10644.3  -12.1533  10.0474
10645.2  -12.1360  10.0459
10646.1  -12.1190  10.0445
10647  -12.1020  10.0430
10647.9  -12.0852  10.0415
10648.8  -12.0685  10.0401
10649.7  -12.0520  10.0386
10650.7  -12.0356  10.0371
10651.6  -12.0193  10.0357
10652.5  -12.0032  10.0342
10653.4  -11.9872  10.0327
10654.3  -11.9713  10.0312
10655.2  -11.9555  10.0298
10656.2  -11.9399  10.0283
10657.1  -11.9243  10.0268
10658  -11.9089  10.0254
10658.9  -11.8936  10.0239
10659.8  -11.8784  10.0224
10660.7  -11.8634  10.0210
10688.3  -11.4565  9.9769
10781.2  -10.5024  9.8307
10875.8  -9.8759  9.6851
10972.1  -9.4257  9.5404
11070  -9.0926  9.3964
11169.8  -8.8444  9.2535
11271.3  -8.6685  9.1113
11374.7  -8.5599  8.9698
11480  -8.5216  8.8291
11587.3  -8.5680  8.6891
11696.6  -8.7279  8.5497
11797.9  -9.0758  8.4235
11799  -9.0813  8.4221
11800.2  -9.0870  8.4207
11801.3  -9.0926  8.4193
11802.4  -9.0984  8.4180
11803.5  -9.1042  8.4166
11804.7  -9.1100  8.4152
11805.8  -9.1159  8.4138
11806.9  -9.1219  8.4124
11808  -9.1279  8.4110
11809.2  -9.1340  8.4097
11810.3  -9.1402  8.4083
11811.4  -9.1464  8.4069
11812.5  -9.1526  8.4055
11813.7  -9.1590  8.4041
11814.8  -9.1654  8.4027
11815.9  -9.1718  8.4014
11817  -9.1784  8.4000
11818.2  -9.1850  8.3986
11819.3  -9.1916  8.3972
11820.4  -9.1984  8.3958
11821.5  -9.2052  8.3944
11822.7  -9.2121  8.3931
11823.8  -9.2190  8.3917
11824.9  -9.2260  8.3903
11826.1  -9.2331  8.3889
11827.2  -9.2403  8.3875
11828.3  -9.2476  8.3862
11829.4  -9.2549  8.3848
11830.6  -9.2623  8.3834
11831.7  -9.2698  8.3820
11832.8  -9.2774  8.3806
11834  -9.2851  8.3793
11835.1  -9.2928  8.3779
11836.2  -9.3007  8.3765
11837.3  -9.3086  8.3751
11838.5  -9.3166  8.3737
11839.6  -9.3248  8.3723
11840.7  -9.3330  8.3710
11841.9  -9.3413  8.3696
11843  -9.3497  8.3682
11844.1  -9.3582  8.3668
11845.3  -9.3668  8.3654
11846.4  -9.3755  8.3641
11847.5  -9.3843  8.3627
11848.7  -9.3933  8.3613
11849.8  -9.4023  8.3599
11850.9  -9.4115  8.3585
11852.1  -9.4207  8.3572
11853.2  -9.4301  8.3558
11854.3  -9.4396  8.3544
11855.5  -9.4493  8.3530
11856.6  -9.4590  8.3516
11857.7  -9.4689  8.3503
11858.9  -9.4789  8.3489
11860  -9.4891  8.3475
11861.1  -9.4993  8.3461
11862.3  -9.5098  8.3447
11863.4  -9.5203  8.3434
11864.5  -9.5311  8.3420
11865.7  -9.5419  8.3406
11866.8  -9.5529  8.3392
11867.9  -9.5641  8.3379
11869.1  -9.5755  8.3365
11870.2  -9.5870  8.3351
11871.3  -9.5987  8.3337
11872.5  -9.6105  8.3323
11873.6  -9.6225  8.3310
11874.8  -9.6348  8.3296
11875.9  -9.6472  8.3282
11877  -9.6598  8.3268
11878.2  -9.6726  8.3254
11879.3  -9.6856  8.3241
11880.4  -9.6988  8.3227
11881.6  -9.7122  8.3213
11882.7  -9.7259  8.3199
11883.9  -9.7398  8.3186
11885  -9.7539  8.3172
11886.1  -9.7682  8.3158
11887.3  -9.7829  8.3144
11888.4  -9.7977  8.3130
11889.6  -9.8129  8.3117
11890.7  -9.8283  8.3103
11891.8  -9.8440  8.3089
11893  -9.8600  8.3075
11894.1  -9.8763  8.3062
11895.3  -9.8930  8.3048
11896.4  -9.9099  8.3034
11897.5  -9.9272  8.3020
11898.7  -9.9449  8.3007
11899.8  -9.9629  8.2993
11901  -9.9813  8.2979
11902.1  -10.0001  8.2965
11903.3  -10.0193  8.2951
11904.4  -10.0390  8.2938
11905.5  -10.0590  8.2924
11906.7  -10.0796  8.2910
11907.8  -10.1006  8.2896
11909  -10.1222  8.2883
11910.1  -10.1442  8.2869
11911.3  -10.1669  8.2855
11912.4  -10.1901  8.2841
11913.6  -10.2139  8.2828
11914.7  -10.2384  8.2814
11915.8  -10.2635  8.2800
11917  -10.2894  8.2786
11918.1  -10.3160  8.2773
11919.3  -10.3434  8.2759
11920.4  -10.3717  8.2745
11921.6  -10.4008  8.2731
11922.7  -10.4309  8.2718
11923.9  -10.4620  8.2704
11925  -10.4941  8.2690
11926.2  -10.5274  8.2676
11927.3  -10.5619  8.2663
11928.5  -10.5978  8.2649
11929.6  -10.6350  8.2635
11930.7  -10.6738  8.2621
11931.9  -10.7142  8.2608
11933  -10.7564  8.2594
11934.2  -10.8005  8.2580
11935.3  -10.8468  8.2566
11936.5  -10.8954  8.2553
11937.6  -10.9466  8.2539
11938.8  -11.0007  8.2525
11939.9  -11.0579  8.2511
11941.1  -11.1187  8.2498
11942.2  -11.1835  8.2484
11943.4  -11.2529  8.2470
11944.5  -11.3276  8.2456
11945.7  -11.4085  8.2443
11946.8  -11.4965  8.2429
11948  -11.5931  8.2415
11949.1  -11.7001  8.2402
11950.3  -11.8199  8.2388
11951.5  -11.9561  8.2374
11952.6  -12.1137  8.2360
11953.8  -12.3006  8.2347
11954.9  -12.5302  8.2333
11956.1  -12.8275  8.2319
11957.2  -13.2496  8.2305
11958.4  -13.9831  8.2292
11959.5  -17.1112  11.4577
11960.7  -13.8971  11.4558
11961.8  -13.2054  11.4539
11963  -12.7944  11.4520
11964.1  -12.5007  11.4501
11965.3  -12.2719  11.4483
11966.4  -12.0843  11.4464
11967.6  -11.9253  11.4445
11968.8  -11.7872  11.4426
11969.9  -11.6651  11.4408
11971.1  -11.5557  11.4389
11972.2  -11.4565  11.4370
11973.4  -11.3658  11.4351
11974.5  -11.2823  11.4332
11975.7  -11.2048  11.4314
11976.8  -11.1326  11.4295
11978  -11.0649  11.4276
11979.2  -11.0013  11.4257
11980.3  -10.9412  11.4239
11981.5  -10.8843  11.4220
11982.6  -10.8302  11.4201
11983.8  -10.7787  11.4182
11985  -10.7295  11.4164
11986.1  -10.6825  11.4145
11987.3  -10.6374  11.4126
11988.4  -10.5941  11.4107
11989.6  -10.5525  11.4089
11990.7  -10.5124  11.4070
11991.9  -10.4737  11.4051
11993.1  -10.4363  11.4032
11994.2  -10.4001  11.4014
11995.4  -10.3651  11.3995
11996.5  -10.3312  11.3976
11997.7  -10.2983  11.3957
11998.9  -10.2663  11.3939
12000  -10.2353  11.3920
12001.2  -10.2050  11.3901
12002.4  -10.1756  11.3882
12003.5  -10.1469  11.3864
12004.7  -10.1190  11.3845
12005.8  -10.0917  11.3826
12007  -10.0651  11.3807
12008.2  -10.0391  11.3789
12009.3  -10.0137  11.3770
12010.5  -9.9889  11.3751
12011.7  -9.9646  11.3733
12012.8  -9.9408  11.3714
12014  -9.9175  11.3695
12015.2  -9.8946  11.3676
12016.3  -9.8723  11.3658
12017.5  -9.8503  11.3639
12018.6  -9.8288  11.3620
12019.8  -9.8077  11.3601
12021  -9.7870  11.3583
12022.1  -9.7666  11.3564
12023.3  -9.7466  11.3545
12024.5  -9.7269  11.3527
12025.6  -9.7076  11.3508
12026.8  -9.6886  11.3489
12028  -9.6699  11.3470
12029.1  -9.6516  11.3452
12030.3  -9.6335  11.3433
12031.5  -9.6157  11.3414
12032.6  -9.5981  11.3396
12033.8  -9.5809  11.3377
12035  -9.5639  11.3358
12036.1  -9.5471  11.3339
12037.3  -9.5306  11.3321
12038.5  -9.5143  11.3302
12039.7  -9.4983  11.3283
12040.8  -9.4824  11.3265
12042  -9.4668  11.3246
12043.2  -9.4514  11.3227
12044.3  -9.4362  11.3208
12045.5  -9.4212  11.3190
12046.7  -9.4064  11.3171
12047.8  -9.3918  11.3152
12049  -9.3774  11.3134
12050.2  -9.3631  11.3115
12051.4  -9.3490  11.3096
12052.5  -9.3351  11.3078
12053.7  -9.3214  11.3059
12054.9  -9.3078  11.3040
12056  -9.2944  11.3022
12057.2  -9.2812  11.3003
12058.4  -9.2680  11.2984
12059.6  -9.2551  11.2965
12060.7  -9.2423  11.2947
12061.9  -9.2296  11.2928
12063.1  -9.2171  11.2909
12064.3  -9.2047  11.2891
12065.4  -9.1924  11.2872
12066.6  -9.1803  11.2853
12067.8  -9.1683  11.2835
12069  -9.1564  11.2816
12070.1  -9.1447  11.2797
12071.3  -9.1330  11.2779
12072.5  -9.1215  11.2760
12073.7  -9.1101  11.2741
12074.8  -9.0988  11.2723
12076  -9.0876  11.2704
12077.2  -9.0766  11.2685
12078.4  -9.0656  11.2667
12079.5  -9.0548  11.2648
12080.7  -9.0440  11.2629
12081.9  -9.0334  11.2611
12083.1  -9.0228  11.2592
12084.2  -9.0124  11.2573
12085.4  -9.0020  11.2555
12086.6  -8.9918  11.2536
12087.8  -8.9816  11.2517
12089  -8.9715  11.2499
12090.1  -8.9615  11.2480
12091.3  -8.9516  11.2461
12092.5  -8.9418  11.2443
12093.7  -8.9321  11.2424
12094.9  -8.9225  11.2405
12096  -8.9129  11.2387
12097.2  -8.9034  11.2368
12098.4  -8.8941  11.2349
12099.6  -8.8847  11.2331
12100.8  -8.8755  11.2312
12101.9  -8.8663  11.2294
12103.1  -8.8573  11.2275
12104.3  -8.8483  11.2256
12105.5  -8.8393  11.2238
12106.7  -8.8305  11.2219
12107.8  -8.8217  11.2200
12109  -8.8129  11.2182
12110.2  -8.8043  11.2163
12111.4  -8.7957  11.2144
12112.6  -8.7872  11.2126
12113.8  -8.7788  11.2107
12114.9  -8.7704  11.2089
12116.1  -8.7621  11.2070
12117.3  -8.7538  11.2051
12118.5  -8.7456  11.2033
12119.7  -8.7375  11.2014
12155.3  -8.5194  11.1456
12275.7  -8.0459  10.9602
12362.6  -7.8960  10.8293
12363.8  -7.8951  10.8275
12365  -7.8943  10.8256
12366.3  -7.8935  10.8238
12367.5  -7.8927  10.8219
12368.7  -7.8920  10.8201
12370  -7.8913  10.8183
12371.2  -7.8907  10.8164
12372.5  -7.8901  10.8146
12373.7  -7.8896  10.8127
12374.9  -7.8891  10.8109
12376.2  -7.8887  10.8091
12377.4  -7.8883  10.8072
12378.6  -7.8879  10.8054
12379.9  -7.8876  10.8036
12381.1  -7.8873  10.8017
12382.3  -7.8871  10.7999
12383.6  -7.8869  10.7980
12384.8  -7.8868  10.7962
12386  -7.8868  10.7944
12387.3  -7.8867  10.7925
12388.5  -7.8868  10.7907
12389.8  -7.8869  10.7889
12391  -7.8870  10.7870
12392.2  -7.8872  10.7852
12393.5  -7.8874  10.7833
12394.7  -7.8877  10.7815
12396  -7.8881  10.7797
12397.2  -7.8885  10.7778
12398.4  -7.8890  10.7760
12399.7  -7.8895  10.7742
12400.9  -7.8901  10.7723
12402.2  -7.8907  10.7705
12403.4  -7.8915  10.7687
12404.6  -7.8922  10.7668
12405.9  -7.8931  10.7650
12407.1  -7.8940  10.7631
12408.4  -7.8949  10.7613
12409.6  -7.8960  10.7595
12410.8  -7.8971  10.7576
12412.1  -7.8982  10.7558
12413.3  -7.8995  10.7540
12414.6  -7.9008  10.7521
12415.8  -7.9022  10.7503
12417.1  -7.9036  10.7485
12418.3  -7.9052  10.7466
12419.5  -7.9068  10.7448
12420.8  -7.9085  10.7430
12422  -7.9102  10.7411
12423.3  -7.9121  10.7393
12424.5  -7.9140  10.7375
12425.8  -7.9160  10.7356
12427  -7.9182  10.7338
12428.3  -7.9204  10.7320
12429.5  -7.9227  10.7301
12430.8  -7.9250  10.7283
12432  -7.9275  10.7265
12433.2  -7.9301  10.7246
12434.5  -7.9328  10.7228
12435.7  -7.9356  10.7210
12437  -7.9385  10.7191
12438.2  -7.9415  10.7173
12439.5  -7.9446  10.7155
12440.7  -7.9478  10.7136
12442  -7.9512  10.7118
12443.2  -7.9546  10.7100
12444.5  -7.9582  10.7081
12445.7  -7.9619  10.7063
12447  -7.9658  10.7045
12448.2  -7.9698  10.7026
12449.5  -7.9739  10.7008
12450.7  -7.9782  10.6990
12452  -7.9826  10.6971
12453.2  -7.9872  10.6953
12454.5  -7.9919  10.6935
12455.7  -7.9968  10.6916
12457  -8.0018  10.6898
12458.2  -8.0071  10.6880
12459.5  -8.0125  10.6862
12460.7  -8.0181  10.6843
12462  -8.0239  10.6825
12463.2  -8.0299  10.6807
12464.5  -8.0361  10.6788
12465.7  -8.0425  10.6770
12467  -8.0492  10.6752
12468.3  -8.0561  10.6733
12469.5  -8.0632  10.6715
12470.8  -8.0706  10.6697
12472  -8.0782  10.6678
12473.3  -8.0861  10.6660
12474.5  -8.0944  10.6642
12475.8  -8.1029  10.6624
12477  -8.1117  10.6605
12478.3  -8.1209  10.6587
12479.6  -8.1304  10.6569
12480.8  -8.1403  10.6550
12482.1  -8.1506  10.6532
12483.3  -8.1613  10.6514
12484.6  -8.1724  10.6496
12485.8  -8.1840  10.6477
12487.1  -8.1961  10.6459
12488.4  -8.2087  10.6441
12489.6  -8.2219  10.6422
12490.9  -8.2356  10.6404
12492.1  -8.2500  10.6386
12493.4  -8.2651  10.6368
12494.6  -8.2808  10.6349
12495.9  -8.2974  10.6331
12497.2  -8.3148  10.6313
12498.4  -8.3331  10.6295
12499.7  -8.3524  10.6276
12500.9  -8.3729  10.6258
12502.2  -8.3945  10.6240
12503.5  -8.4174  10.6221
12504.7  -8.4418  10.6203
12506  -8.4678  10.6185
12507.2  -8.4957  10.6167
12508.5  -8.5256  10.6148
12509.8  -8.5578  10.6130
12511  -8.5927  10.6112
12512.3  -8.6308  10.6094
12513.6  -8.6725  10.6075
12514.8  -8.7186  10.6057
12516.1  -8.7699  10.6039
12517.3  -8.8277  10.6021
12518.6  -8.8938  10.6002
12519.9  -8.9706  10.5984
12521.1  -9.0622  10.5966
12522.4  -9.1750  10.5948
12523.7  -9.3213  10.5929
12524.9  -9.5284  10.5911
12526.2  -9.8822  10.5893
12527.5  -11.7678  10.5875
12528.7  -9.9077  12.2435
12530  -9.5302  12.2416
12531.3  -9.3097  12.2397
12532.5  -9.1527  12.2378
12533.8  -9.0303  12.2359
12535.1  -8.9296  12.2340
12536.3  -8.8440  12.2321
12537.6  -8.7694  12.2302
12538.9  -8.7031  12.2283
12540.1  -8.6435  12.2264
12541.4  -8.5892  12.2245
12542.7  -8.5393  12.2226
12543.9  -8.4931  12.2207
12545.2  -8.4500  12.2188
12546.5  -8.4097  12.2169
12547.8  -8.3717  12.2150
12549  -8.3428  12.2131
12550.3  -8.3087  12.2112
12551.6  -8.2763  12.2093
12552.8  -8.2454  12.2075
12554.1  -8.2158  12.2056
12555.4  -8.1875  12.2037
12556.6  -8.1602  12.2018
12557.9  -8.1339  12.1999
12559.2  -8.1086  12.1981
12560.5  -8.0841  12.1962
12561.7  -8.0604  12.1943
12563  -8.0374  12.1924
12564.3  -8.0151  12.1905
12565.6  -7.9934  12.1887
12566.8  -7.9724  12.1868
12568.1  -7.9519  12.1849
12569.4  -7.9319  12.1830
12570.7  -7.9124  12.1812
12571.9  -7.8934  12.1793
12573.2  -7.8748  12.1774
12574.5  -7.8566  12.1755
12575.8  -7.8388  12.1736
12577  -7.8214  12.1718
12578.3  -7.8043  12.1699
12579.6  -7.7876  12.1680
12580.9  -7.7712  12.1661
12582.1  -7.7551  12.1642
12583.4  -7.7393  12.1624
12584.7  -7.7237  12.1605
12586  -7.7085  12.1586
12587.2  -7.6935  12.1567
12588.5  -7.6787  12.1549
12589.8  -7.6642  12.1530
12591.1  -7.6499  12.1511
12592.4  -7.6358  12.1492
12593.6  -7.6219  12.1473
12594.9  -7.6082  12.1455
12596.2  -7.5947  12.1436
12597.5  -7.5814  12.1417
12598.8  -7.5683  12.1398
12600  -7.5554  12.1380
12601.3  -7.5426  12.1361
12602.6  -7.5300  12.1342
12603.9  -7.5175  12.1323
12605.2  -7.5052  12.1304
12606.4  -7.4931  12.1286
12607.7  -7.4810  12.1267
12609  -7.4692  12.1248
12610.3  -7.4574  12.1229
12611.6  -7.4458  12.1211
12612.9  -7.4343  12.1192
12614.1  -7.4229  12.1173
12615.4  -7.4117  12.1154
12616.7  -7.4006  12.1136
12618  -7.3895  12.1117
12619.3  -7.3786  12.1098
12620.6  -7.3678  12.1079
12621.8  -7.3571  12.1060
12623.1  -7.3465  12.1042
12624.4  -7.3360  12.1023
12625.7  -7.3256  12.1004
12627  -7.3153  12.0985
12628.3  -7.3051  12.0967
12629.6  -7.2950  12.0948
12630.8  -7.2849  12.0929
12632.1  -7.2750  12.0910
12633.4  -7.2651  12.0892
12634.7  -7.2553  12.0873
12636  -7.2456  12.0854
12637.3  -7.2360  12.0835
12638.6  -7.2264  12.0817
12639.9  -7.2169  12.0798
12641.1  -7.2075  12.0779
12642.4  -7.1982  12.0760
12643.7  -7.1889  12.0742
12645  -7.1797  12.0723
12646.3  -7.1706  12.0704
12647.6  -7.1615  12.0685
12648.9  -7.1525  12.0667
12650.2  -7.1436  12.0648
12651.5  -7.1347  12.0629
12652.8  -7.1259  12.0610
12654  -7.1171  12.0591
12655.3  -7.1084  12.0573
12656.6  -7.0998  12.0554
12657.9  -7.0912  12.0535
12659.2  -7.0826  12.0516
12660.5  -7.0742  12.0498
12661.8  -7.0657  12.0479
12663.1  -7.0574  12.0460
12664.4  -7.0490  12.0441
12665.7  -7.0408  12.0423
12667  -7.0325  12.0404
12668.3  -7.0244  12.0385
12669.6  -7.0162  12.0367
12670.9  -7.0082  12.0348
12672.2  -7.0001  12.0329
12673.4  -6.9921  12.0310
12674.7  -6.9842  12.0292
12676  -6.9763  12.0273
12677.3  -6.9684  12.0254
12678.6  -6.9606  12.0235
12679.9  -6.9529  12.0217
12681.2  -6.9451  12.0198
12682.5  -6.9375  12.0179
12683.8  -6.9298  12.0160
12685.1  -6.9222  12.0142
12686.4  -6.9146  12.0123
12687.7  -6.9071  12.0104
12689  -6.8996  12.0085
12690.3  -6.8921  12.0067
12691.6  -6.8847  12.0048
12692.9  -6.8773  12.0029
12694.2  -6.8700  12.0010
12695.5  -6.8627  11.9992
12696.8  -6.8554  11.9973
12698.1  -6.8482  11.9954
12699.4  -6.8410  11.9936
12700.7  -6.8338  11.9917
12702  -6.8267  11.9898
12703.3  -6.8196  11.9879
12704.6  -6.8125  11.9861
12705.9  -6.8043  11.9842
12707.2  -6.7973  11.9823
12708.5  -6.7904  11.9804
12709.8  -6.7834  11.9786
12711.1  -6.7765  11.9767
12712.4  -6.7696  11.9748
12713.7  -6.7627  11.9729
12715  -6.7559  11.9711
12716.3  -6.7491  11.9692
12781.9  -6.4390  11.8756
12915  -5.9353  11.6889
13051  -5.5218  11.5027
13189.8  -5.1532  11.3160
13331.6  -4.8373  11.1281
13476.6  -4.5531  10.9410
13624.7  -4.2944  10.7548
13776  -4.0563  10.5695
13930.8  -3.8373  10.3851
14089.1  -3.6342  10.2016
14251.1  -3.4452  10.0191
14416.8  -3.2688  9.8376
14586.4  -3.1038  9.6570
14760  -2.9492  9.4774
14937.9  -2.8041  9.2988
15120  -2.6679  9.1212
15306.7  -2.5398  8.9447
15498  -2.4194  8.7691
15694.2  -2.3032  8.5944
15895.4  -2.1969  8.4206
16101.9  -2.0969  8.2480
16313.7  -2.0026  8.0764
16531.2  -1.9144  7.9060
16754.6  -1.8317  7.7367
16984.2  -1.7542  7.5685
17220  -1.6816  7.4015
17462.6  -1.6138  7.2358
17712  -1.5506  7.0712
17968.7  -1.4918  6.9078
18233  -1.4371  6.7456
18505.1  -1.3866  6.5847
18785.5  -1.3400  6.4251
19074.5  -1.2972  6.2667
19372.6  -1.2580  6.1097
19680.1  -1.2224  5.9539
19997.5  -1.1902  5.7994
20325.3  -1.1614  5.6463
20664.1  -1.1358  5.4946
21014.3  -1.1134  5.3442
21376.6  -1.0925  5.1951
21751.6  -1.0763  5.0474
22140.1  -1.0630  4.9012
22542.6  -1.0526  4.7564
22960.1  -1.0450  4.6132
23393.3  -1.0400  4.4714
23843.1  -1.0377  4.3312
24310.7  -1.0372  4.1925
24796.9  -1.0402  4.0554
25302.9  -1.0455  3.9199
25830.1  -1.0535  3.7861
26379.6  -1.0639  3.6539
26953.1  -1.0761  3.5230
27552.1  -1.0904  3.3932
28178.3  -1.1074  3.2653
28833.6  -1.1270  3.1393
29520.1  -1.1490  3.0153
30240.1  -1.1733  2.8932
30996.1  -1.1999  2.7731
31790.9  -1.2288  2.6549
32627.5  -1.2599  2.5388
33509.3  -1.2933  2.4247
34440.1  -1.3290  2.3127
35424.1  -1.3670  2.2027
36466  -1.4074  2.0949
37571  -1.4503  1.9892
38745.1  -1.4958  1.8857
39994.9  -1.5443  1.7843
41328.1  -1.5958  1.6852
42753.2  -1.6508  1.5883
44280.1  -1.7099  1.4937
45920.1  -1.7712  1.4014
47686.3  -1.8410  1.3113
49593.7  -1.9178  1.2236
51660.1  -2.0039  1.1384
53906.2  -2.1013  1.0555
56356.5  -2.2155  0.9750
59040.2  -2.3610  0.8972
61992.2  -2.5549  0.8221
65254.9  -2.8493  0.7499
66337.3  -2.9819  0.7281
66372.8  -2.9867  0.7274
66408.3  -2.9916  0.7267
66443.9  -2.9965  0.7260
66479.5  -3.0014  0.7253
66515.2  -3.0064  0.7246
66550.9  -3.0114  0.7239
66586.7  -3.0164  0.7232
66622.4  -3.0215  0.7225
66658.2  -3.0266  0.7218
66694.1  -3.0318  0.7211
66730  -3.0370  0.7204
66765.9  -3.0423  0.7197
66801.9  -3.0476  0.7191
66837.9  -3.0530  0.7184
66874  -3.0584  0.7177
66910.1  -3.0639  0.7170
66946.2  -3.0694  0.7163
66982.4  -3.0749  0.7156
67018.6  -3.0805  0.7149
67054.8  -3.0862  0.7142
67091.1  -3.0919  0.7135
67127.4  -3.0977  0.7128
67163.8  -3.1035  0.7121
67200.2  -3.1094  0.7114
67236.6  -3.1153  0.7107
67273.1  -3.1213  0.7100
67309.6  -3.1273  0.7094
67346.2  -3.1334  0.7087
67382.8  -3.1396  0.7080
67419.4  -3.1458  0.7073
67456.1  -3.1521  0.7066
67492.8  -3.1585  0.7059
67529.6  -3.1649  0.7052
67566.4  -3.1714  0.7045
67603.2  -3.1780  0.7038
67640.1  -3.1846  0.7031
67677  -3.1913  0.7025
67714  -3.1981  0.7018
67751  -3.2049  0.7011
67788.1  -3.2118  0.7004
67825.1  -3.2188  0.6997
67862.3  -3.2259  0.6990
67899.4  -3.2331  0.6983
67936.6  -3.2403  0.6976
67973.9  -3.2477  0.6970
68011.2  -3.2551  0.6963
68048.5  -3.2626  0.6956
68085.9  -3.2702  0.6949
68123.3  -3.2778  0.6942
68160.7  -3.2856  0.6935
68198.2  -3.2935  0.6929
68235.7  -3.3015  0.6922
68273.3  -3.3095  0.6915
68310.9  -3.3177  0.6908
68348.6  -3.3260  0.6901
68386.3  -3.3344  0.6894
68424  -3.3429  0.6888
68461.8  -3.3515  0.6881
68499.6  -3.3602  0.6874
68537.5  -3.3691  0.6867
68575.4  -3.3780  0.6860
68613.4  -3.3871  0.6853
68651.4  -3.3964  0.6847
68689.4  -3.4057  0.6840
68727.5  -3.4152  0.6833
68765.6  -3.4249  0.6826
68803.7  -3.4347  0.6819
68841.9  -3.4446  0.6813
68880.2  -3.4547  0.6806
68918.5  -3.4649  0.6799
68956.8  -3.4753  0.6792
68995.2  -3.4859  0.6786
69033.6  -3.4966  0.6779
69072.1  -3.5076  0.6772
69110.6  -3.5187  0.6765
69149.1  -3.5300  0.6758
69187.7  -3.5415  0.6752
69226.3  -3.5532  0.6745
69265  -3.5651  0.6738
69303.7  -3.5772  0.6731
69342.5  -3.5895  0.6725
69381.3  -3.6021  0.6718
69420.1  -3.6149  0.6711
69459  -3.6280  0.6704
69498  -3.6413  0.6698
69536.9  -3.6549  0.6691
69576  -3.6687  0.6684
69615  -3.6829  0.6677
69654.1  -3.6973  0.6671
69693.3  -3.7121  0.6664
69732.5  -3.7272  0.6657
69771.7  -3.7426  0.6651
69811  -3.7584  0.6644
69850.3  -3.7745  0.6637
69889.7  -3.7911  0.6630
69929.1  -3.8080  0.6624
69968.6  -3.8254  0.6617
70008.1  -3.8432  0.6610
70047.7  -3.8615  0.6604
70087.2  -3.8803  0.6597
70126.9  -3.8996  0.6590
70166.6  -3.9194  0.6583
70206.3  -3.9398  0.6577
70246.1  -3.9608  0.6570
70285.9  -3.9825  0.6563
70325.8  -4.0048  0.6557
70365.7  -4.0279  0.6550
70405.6  -4.0517  0.6543
70445.7  -4.0764  0.6537
70485.7  -4.1019  0.6530
70525.8  -4.1284  0.6523
70565.9  -4.1559  0.6517
70606.1  -4.1844  0.6510
70646.3  -4.2141  0.6503
70686.6  -4.2451  0.6497
70727  -4.2775  0.6490
70767.3  -4.3113  0.6483
70807.7  -4.3468  0.6477
70848.2  -4.3840  0.6470
70888.7  -4.4232  0.6464
70929.3  -4.4646  0.6457
70969.9  -4.5084  0.6450
71010.5  -4.5550  0.6444
71051.2  -4.6045  0.6437
71091.9  -4.6576  0.6430
71132.7  -4.7147  0.6424
71173.6  -4.7763  0.6417
71214.4  -4.8434  0.6411
71255.4  -4.9168  0.6404
71296.3  -4.9980  0.6397
71337.4  -5.0886  0.6391
71378.4  -5.1911  0.6384
71419.6  -5.3090  0.6377
71460.7  -5.4476  0.6371
71501.9  -5.6157  0.6364
71543.2  -5.8288  0.6358
71584.5  -6.1195  0.6351
71625.8  -6.5776  0.6345
71667.3  -7.7193  0.6338
71708.7  -7.1433  3.2277
71750.2  -6.3830  3.2250
71791.7  -5.9911  3.2223
71833.3  -5.7245  3.2196
71875  -5.5218  3.2169
71916.7  -5.3581  3.2142
71958.4  -5.2207  3.2115
72000.2  -5.1022  3.2088
72042  -4.9979  3.2061
72083.9  -4.9047  3.2034
72125.9  -4.8205  3.2007
72167.8  -4.7437  3.1980
72209.9  -4.6730  3.1953
72251.9  -4.6075  3.1925
72294.1  -4.5465  3.1898
72336.3  -4.4894  3.1871
72378.5  -4.4357  3.1844
72420.8  -4.3850  3.1817
72463.1  -4.3370  3.1789
72505.5  -4.2914  3.1762
72547.9  -4.2480  3.1735
72590.4  -4.2066  3.1707
72632.9  -4.1669  3.1680
72675.5  -4.1289  3.1653
72718.1  -4.0924  3.1625
72760.8  -4.0572  3.1598
72803.5  -4.0234  3.1570
72846.3  -3.9907  3.1543
72889.1  -3.9592  3.1516
72932  -3.9287  3.1488
72974.9  -3.8991  3.1461
73017.9  -3.8704  3.1433
73060.9  -3.8426  3.1405
73104  -3.8156  3.1378
73147.1  -3.7893  3.1350
73190.3  -3.7637  3.1323
73233.5  -3.7388  3.1295
73276.8  -3.7146  3.1267
73320.1  -3.6909  3.1240
73363.5  -3.6678  3.1212
73407  -3.6453  3.1184
73450.4  -3.6232  3.1157
73494  -3.6017  3.1129
73537.6  -3.5806  3.1101
73581.2  -3.5600  3.1073
73624.9  -3.5398  3.1045
73668.7  -3.5200  3.1018
73712.5  -3.5006  3.0990
73756.3  -3.4816  3.0962
73800.2  -3.4629  3.0934
73844.2  -3.4446  3.0906
73888.2  -3.4266  3.0878
73932.2  -3.4090  3.0850
73976.3  -3.3916  3.0822
74020.5  -3.3746  3.0794
74064.7  -3.3579  3.0766
74109  -3.3414  3.0738
74153.3  -3.3252  3.0710
74197.7  -3.3093  3.0682
74242.1  -3.2936  3.0654
74286.6  -3.2781  3.0626
74331.1  -3.2629  3.0598
74375.7  -3.2479  3.0569
74420.4  -3.2332  3.0541
74465.1  -3.2187  3.0513
74509.8  -3.2043  3.0485
74554.6  -3.1902  3.0457
74599.5  -3.1763  3.0428
74644.4  -3.1625  3.0400
74689.4  -3.1490  3.0372
74734.4  -3.1356  3.0343
74779.5  -3.1224  3.0315
74824.6  -3.1094  3.0287
74869.8  -3.0965  3.0258
74915  -3.0838  3.0230
74960.3  -3.0713  3.0202
75005.7  -3.0589  3.0173
75051.1  -3.0467  3.0145
75096.5  -3.0346  3.0116
75142  -3.0226  3.0088
75187.6  -3.0108  3.0059
75233.2  -2.9884  3.0030
75278.9  -2.9769  3.0000
75324.6  -2.9656  2.9969
75370.4  -2.9544  2.9939
75416.3  -2.9434  2.9909
75462.2  -2.9324  2.9879
75508.1  -2.9216  2.9849
75554.1  -2.9109  2.9819
75600.2  -2.9003  2.9789
75646.3  -2.8899  2.9759
75692.5  -2.8795  2.9729
75738.8  -2.8693  2.9699
75785.1  -2.8591  2.9669
75831.4  -2.8491  2.9639
75877.8  -2.8391  2.9609
75924.3  -2.8293  2.9579
75970.8  -2.8196  2.9549
76017.4  -2.8099  2.9519
76064  -2.8004  2.9489
76110.7  -2.7909  2.9459
76157.5  -2.7816  2.9429
76204.3  -2.7723  2.9399
76251.1  -2.7631  2.9369
76298.1  -2.7540  2.9340
76345  -2.7450  2.9310
76392.1  -2.7361  2.9280
76439.2  -2.7272  2.9250
76486.3  -2.7185  2.9220
76533.5  -2.7098  2.9191
76580.8  -2.7012  2.9161
76628.1  -2.6926  2.9131
76675.5  -2.6842  2.9101
76723  -2.6758  2.9072
76770.5  -2.6675  2.9042
76818.1  -2.6592  2.9012
76865.7  -2.6511  2.8983
76913.4  -2.6430  2.8953
76961.1  -2.6349  2.8923
77008.9  -2.6270  2.8894
77056.8  -2.6190  2.8864
77104.7  -2.6112  2.8835
77152.7  -2.6034  2.8805
77200.7  -2.5957  2.8776
77248.8  -2.5881  2.8746
77297  -2.5805  2.8717
77345.2  -2.5730  2.8687
77393.5  -2.5655  2.8658
77441.8  -2.5581  2.8628
77490.2  -2.5507  2.8599
77538.7  -2.5434  2.8569
77587.2  -2.5362  2.8540
77635.8  -2.5290  2.8510
77684.4  -2.5219  2.8481
77733.1  -2.5148  2.8452
77781.9  -2.5078  2.8422
77830.7  -2.5008  2.8393
77879.6  -2.4939  2.8364
77928.6  -2.4870  2.8334
77977.6  -2.4802  2.8305
82656.2  -2.0126  2.5756
88560.2  -1.6865  2.3043
95372.6  -1.4627  2.0409
103320  -1.3169  1.7859
112713  -1.2217  1.5437
123984  -1.1647  1.3149
