4290.12 -5.9032 18.0319
4305.01 -5.8686 17.9411
4320.01 -5.8345 17.8505
4335.12 -5.8009 17.7599
4350.33 -5.7677 17.6694
4365.65 -5.7350 17.5790
4381.07 -5.7028 17.4887
4396.61 -5.6711 17.3986
4412.25 -5.6185 17.3083
4428.01 -5.5880 17.2179
4443.88 -5.5579 17.1276
4459.87 -5.5283 17.0375
4475.97 -5.4991 16.9474
4492.19 -5.4704 16.8575
4508.52 -5.4422 16.7677
4524.98 -5.4144 16.6780
4541.55 -5.3871 16.5884
4558.25 -5.3602 16.4989
4575.07 -5.3338 16.4096
4592.01 -5.3078 16.3203
4609.08 -5.2823 16.2312
4626.28 -5.2572 16.1422
4643.61 -5.2326 16.0533
4661.07 -5.2084 15.9646
4678.65 -5.1846 15.8759
4696.38 -5.1613 15.7874
4714.23 -5.1384 15.6990
4732.23 -5.1160 15.6107
4750.36 -5.0939 15.5225
4768.63 -5.0724 15.4345
4787.04 -5.0512 15.3466
4805.59 -5.0305 15.2588
4824.29 -5.0102 15.1711
4843.14 -4.9903 15.0836
4862.13 -4.9708 14.9961
4881.27 -4.9518 14.9088
4900.57 -4.9332 14.8217
4920.01 -4.9150 14.7346
4939.62 -4.8972 14.6477
4959.37 -4.8798 14.5609
4979.29 -4.8629 14.4742
4999.37 -4.8463 14.3877
5019.61 -4.8302 14.3013
5040.01 -4.8145 14.2150
5060.59 -4.7992 14.1289
5081.33 -4.7843 14.0429
5102.24 -4.7698 13.9570
5123.32 -4.7558 13.8712
5144.58 -4.7421 13.7856
5166.01 -4.7289 13.7001
5187.63 -4.7160 13.6148
5209.43 -4.7036 13.5296
5231.41 -4.6916 13.4445
5253.57 -4.6799 13.3595
5275.93 -4.6687 13.2747
5298.48 -4.6460 13.1900
5321.22 -4.6358 13.1052
5344.15 -4.6259 13.0205
5367.29 -4.6164 12.9360
5390.62 -4.6074 12.8516
5414.16 -4.5987 12.7674
5437.91 -4.5905 12.6833
5461.87 -4.5827 12.5994
5486.03 -4.5753 12.5156
5510.42 -4.5682 12.4319
5535.02 -4.5616 12.3484
5559.84 -4.5554 12.2651
5584.88 -4.5497 12.1819
5610.15 -4.5443 12.0989
5635.65 -4.5393 12.0160
5661.39 -4.5348 11.9333
5687.36 -4.5306 11.8507
5713.56 -4.5269 11.7683
5740.02 -4.5236 11.6860
5766.71 -4.5207 11.6039
5793.66 -4.5182 11.5220
5820.86 -4.5161 11.4402
5848.32 -4.5144 11.3585
5876.04 -4.5132 11.2771
5904.02 -4.5069 11.1957
5932.27 -4.5066 11.1145
5960.79 -4.5067 11.0335
5989.58 -4.5073 10.9526
6018.66 -4.5082 10.8719
6048.02 -4.5096 10.7914
6077.66 -4.5037 10.7108
6107.6 -4.5060 10.6304
6137.84 -4.5088 10.5502
6168.38 -4.5121 10.4701
6199.22 -4.5157 10.3902
6230.37 -4.5150 10.3105
6261.84 -4.5197 10.2309
6293.62 -4.5248 10.1515
6325.73 -4.5304 10.0723
6358.17 -4.5364 9.9933
6390.95 -4.5429 9.9144
6424.06 -4.5498 9.8357
6457.52 -4.5572 9.7572
6491.33 -4.5651 9.6789
6525.49 -4.5735 9.6008
6560.02 -4.5823 9.5229
6594.91 -4.5890 9.4451
6630.18 -4.5989 9.3675
6665.82 -4.6092 9.2901
6701.86 -4.6200 9.2128
6738.28 -4.6313 9.1358
6775.1 -4.6432 9.0589
6812.33 -4.6555 8.9822
6849.96 -4.6684 8.9057
6888.02 -4.6818 8.8295
6926.5 -4.6957 8.7534
6965.41 -4.7102 8.6775
7004.77 -4.7252 8.6018
7044.57 -4.7408 8.5263
7084.82 -4.7569 8.4511
7125.54 -4.7736 8.3760
7166.73 -4.7910 8.3011
7208.39 -4.8089 8.2264
7250.55 -4.8274 8.1520
7293.2 -4.8466 8.0777
7336.35 -4.8663 8.0036
7380.02 -4.8868 7.9298
7424.21 -4.9079 7.8562
7468.94 -4.9296 7.7827
7514.2 -4.9521 7.7095
7560.02 -4.9753 7.6365
7606.4 -4.9992 7.5637
7653.35 -5.0238 7.4911
7700.89 -5.0492 7.4188
7749.02 -5.0755 7.3466
7797.76 -5.1025 7.2747
7847.11 -5.1303 7.2030
7897.09 -5.1590 7.1315
7947.71 -5.1886 7.0602
7998.99 -5.2192 6.9892
8050.93 -5.2507 6.9184
8103.55 -5.2831 6.8478
8156.86 -5.3166 6.7774
8210.88 -5.3511 6.7073
8265.62 -5.3868 6.6373
8321.1 -5.4236 6.5676
8377.32 -5.4616 6.4982
8434.31 -5.5008 6.4290
8492.08 -5.5414 6.3600
8550.64 -5.5833 6.2912
8610.02 -5.6266 6.2227
8670.23 -5.6715 6.1544
8731.29 -5.7179 6.0863
8793.22 -5.7660 6.0185
8856.02 -5.8159 5.9509
8919.74 -5.8677 5.8835
8984.37 -5.9215 5.8159
9049.95 -5.9775 5.7486
9116.5 -6.0357 5.6816
9184.03 -6.0964 5.6149
9252.56 -6.1557 5.5483
9322.13 -6.2218 5.4821
9392.75 -6.2909 5.4161
9464.45 -6.3632 5.3503
9537.26 -6.4390 5.2849
9611.19 -6.5122 5.2196
9686.28 -6.5961 5.1546
9762.55 -6.6820 5.0899
9840.03 -6.7756 5.0254
9918.75 -6.8747 4.9612
9998.74 -6.9800 4.8974
10080 -7.0922 4.8338
10162.7 -7.2123 4.7705
10246.6 -7.3413 4.7075
10332 -7.4806 4.6448
10418.9 -7.6318 4.5825
10507.1 -7.7970 4.5204
10597 -7.9790 4.4586
10688.3 -8.1813 4.3971
10781.2 -8.4089 4.3360
10875.8 -8.6687 4.2751
10972.1 -8.9710 4.2146
11070 -9.3321 4.1543
11169.8 -9.7797 4.0944
11271.3 -10.3680 4.0348
11374.7 -11.2259 3.9755
11417.7 -11.7319 3.9512
11418.7 -11.7461 3.9506
11419.8 -11.7603 3.9501
11420.8 -11.7747 3.9495
11421.9 -11.7892 3.9489
11422.9 -11.8038 3.9483
11424 -11.8186 3.9477
11425 -11.8334 3.9471
11426.1 -11.8484 3.9465
11427.1 -11.8634 3.9459
11428.2 -11.8786 3.9453
11429.2 -11.8939 3.9447
11430.3 -11.9094 3.9442
11431.3 -11.9249 3.9436
11432.4 -11.9406 3.9430
11433.5 -11.9564 3.9424
11434.5 -11.9724 3.9418
11435.6 -11.9885 3.9412
11436.6 -12.0047 3.9406
11437.7 -12.0210 3.9400
11438.7 -12.0375 3.9394
11439.8 -12.0542 3.9389
11440.8 -12.0678 3.9383
11441.9 -12.0848 3.9377
11442.9 -12.1019 3.9371
11444 -12.1192 3.9365
11445.1 -12.1366 3.9359
11446.1 -12.1541 3.9353
11447.2 -12.1718 3.9347
11448.2 -12.1897 3.9341
11449.3 -12.2078 3.9335
11450.3 -12.2260 3.9330
11451.4 -12.2444 3.9324
11452.5 -12.2629 3.9318
11453.5 -12.2817 3.9312
11454.6 -12.3006 3.9306
11455.6 -12.3197 3.9300
11456.7 -12.3390 3.9294
11457.8 -12.3585 3.9288
11458.8 -12.3782 3.9282
11459.9 -12.3982 3.9277
11460.9 -12.4183 3.9271
11462 -12.4386 3.9265
11463 -12.4592 3.9259
11464.1 -12.4804 3.9253
11465.2 -12.4923 3.9247
11466.2 -12.5136 3.9241
11467.3 -12.5351 3.9235
11468.4 -12.5568 3.9229
11469.4 -12.5788 3.9223
11470.5 -12.6010 3.9217
11471.5 -12.6234 3.9212
11472.6 -12.6462 3.9206
11473.7 -12.6691 3.9200
11474.7 -12.6924 3.9194
11475.8 -12.7160 3.9188
11476.8 -12.7398 3.9182
11477.9 -12.7639 3.9176
11479 -12.7884 3.9170
11480 -12.8131 3.9164
11481.1 -12.8382 3.9158
11482.2 -12.8636 3.9152
11483.2 -12.8894 3.9147
11484.3 -12.9155 3.9141
11485.3 -12.9419 3.9135
11486.4 -12.9687 3.9129
11487.5 -12.9959 3.9123
11488.5 -13.0235 3.9117
11489.6 -13.0514 3.9111
11490.7 -13.0798 3.9105
11491.7 -13.1086 3.9099
11492.8 -13.1378 3.9093
11493.9 -13.1675 3.9087
11494.9 -13.1977 3.9082
11496 -13.2283 3.9076
11497.1 -13.2594 3.9070
11498.1 -13.2910 3.9064
11499.2 -13.3231 3.9058
11500.3 -13.3558 3.9052
11501.3 -13.3890 3.9046
11502.4 -13.4228 3.9040
11503.5 -13.4572 3.9034
11504.5 -13.4922 3.9028
11505.6 -13.5279 3.9022
11506.7 -13.5642 3.9017
11507.7 -13.6012 3.9011
11508.8 -13.6390 3.9005
11509.9 -13.6774 3.8999
11510.9 -13.7167 3.8993
11512 -13.7567 3.8987
11513.1 -13.7976 3.8981
11514.1 -13.8394 3.8975
11515.2 -13.8821 3.8969
11516.3 -13.9257 3.8963
11517.4 -13.9703 3.8958
11518.4 -14.0160 3.8952
11519.5 -14.0627 3.8946
11520.6 -14.1106 3.8940
11521.6 -14.1597 3.8934
11522.7 -14.2101 3.8928
11523.8 -14.2618 3.8922
11524.9 -14.3148 3.8916
11525.9 -14.3694 3.8910
11527 -14.4255 3.8904
11528.1 -14.4833 3.8899
11529.1 -14.5428 3.8893
11530.2 -14.6042 3.8887
11531.3 -14.6675 3.8881
11532.4 -14.7330 3.8875
11533.4 -14.8007 3.8869
11534.5 -14.8708 3.8863
11535.6 -14.9436 3.8857
11536.6 -15.0190 3.8851
11537.7 -15.0975 3.8846
11538.8 -15.1793 3.8840
11539.9 -15.2646 3.8834
11540.9 -15.3537 3.8828
11542 -15.4471 3.8822
11543.1 -15.5450 3.8816
11544.2 -15.6481 3.8810
11545.2 -15.7568 3.8804
11546.3 -15.8719 3.8798
11547.4 -15.9940 3.8793
11548.5 -16.1242 3.8787
11549.5 -16.2635 3.8781
11550.6 -16.4133 3.8775
11551.7 -16.5754 3.8769
11552.8 -16.7518 3.8763
11553.8 -16.9454 3.8757
11554.9 -17.1599 3.8751
11556 -17.4003 3.8745
11557.1 -17.6737 3.8740
11558.2 -17.9905 3.8734
11559.2 -18.3674 3.8728
11560.3 -18.8322 3.8722
11561.4 -19.4387 3.8716
11562.5 -20.3131 3.8710
11563.5 -21.8997 3.8704
11564.6 -25.1193 10.1971
11565.7 -21.2315 10.1955
11566.8 -19.9855 10.1939
11567.9 -19.2205 10.1923
11568.9 -18.6667 10.1906
11570 -18.2322 10.1890
11571.1 -17.8747 10.1874
11572.2 -17.5708 10.1858
11573.3 -17.3065 10.1842
11574.3 -17.0727 10.1825
11575.4 -16.8630 10.1809
11576.5 -16.6729 10.1793
11577.6 -16.4990 10.1777
11578.7 -16.3388 10.1761
11579.7 -16.1903 10.1744
11580.8 -16.0519 10.1728
11581.9 -15.9222 10.1712
11583 -15.8003 10.1696
11584.1 -15.6853 10.1680
11585.2 -15.5764 10.1663
11586.2 -15.4730 10.1647
11587.3 -15.3745 10.1631
11588.4 -15.2806 10.1615
11589.5 -15.1908 10.1599
11590.6 -15.1048 10.1582
11591.7 -15.0222 10.1566
11592.7 -14.9428 10.1550
11593.8 -14.8664 10.1534
11594.9 -14.7927 10.1518
11596 -14.7216 10.1501
11597.1 -14.6529 10.1485
11598.2 -14.5864 10.1469
11599.2 -14.5220 10.1453
11600.3 -14.4595 10.1437
11601.4 -14.3989 10.1420
11602.5 -14.3400 10.1404
11603.6 -14.2827 10.1388
11604.7 -14.2270 10.1372
11605.8 -14.1728 10.1356
11606.8 -14.1199 10.1339
11607.9 -14.0684 10.1323
11609 -14.0182 10.1307
11610.1 -13.9691 10.1291
11611.2 -13.9212 10.1275
11612.3 -13.8743 10.1259
11613.4 -13.8285 10.1242
11614.5 -13.7837 10.1226
11615.5 -13.7399 10.1210
11616.6 -13.6970 10.1194
11617.7 -13.6549 10.1178
11618.8 -13.6137 10.1162
11619.9 -13.5733 10.1145
11621 -13.5337 10.1129
11622.1 -13.4948 10.1113
11623.2 -13.4566 10.1097
11624.3 -13.4191 10.1081
11625.3 -13.3823 10.1065
11626.4 -13.3462 10.1048
11627.5 -13.3106 10.1032
11628.6 -13.2757 10.1016
11629.7 -13.2414 10.1000
11630.8 -13.2076 10.0984
11631.9 -13.1743 10.0968
11633 -13.1416 10.0951
11634.1 -13.1094 10.0935
11635.2 -13.0777 10.0919
11636.3 -13.0465 10.0903
11637.4 -13.0157 10.0887
11638.4 -12.9854 10.0871
11639.5 -12.9555 10.0854
11640.6 -12.9261 10.0838
11641.7 -12.8970 10.0822
11642.8 -12.8684 10.0806
11643.9 -12.8402 10.0790
11645 -12.8123 10.0774
11646.1 -12.7848 10.0758
11647.2 -12.7577 10.0741
11648.3 -12.7309 10.0725
11649.4 -12.7045 10.0709
11650.5 -12.6784 10.0693
11651.6 -12.6526 10.0677
11652.7 -12.6272 10.0661
11653.8 -12.6021 10.0644
11654.9 -12.5772 10.0628
11656 -12.5527 10.0612
11657 -12.5284 10.0596
11658.1 -12.5045 10.0580
11659.2 -12.4808 10.0564
11660.3 -12.4574 10.0548
11661.4 -12.4342 10.0531
11662.5 -12.4113 10.0515
11663.6 -12.3887 10.0499
11664.7 -12.3663 10.0483
11665.8 -12.3441 10.0467
11666.9 -12.3222 10.0451
11668 -12.3005 10.0435
11669.1 -12.2790 10.0419
11670.2 -12.2578 10.0402
11671.3 -12.2367 10.0386
11672.4 -12.2159 10.0370
11673.5 -12.1953 10.0354
11674.6 -12.1749 10.0338
11675.7 -12.1547 10.0322
11676.8 -12.1347 10.0306
11677.9 -12.1149 10.0290
11679 -12.0953 10.0273
11680.1 -12.0759 10.0257
11681.2 -12.0566 10.0241
11682.3 -12.0375 10.0225
11683.4 -12.0186 10.0209
11684.5 -11.9999 10.0193
11685.6 -11.9814 10.0177
11686.7 -11.9630 10.0161
11687.8 -11.9448 10.0144
11688.9 -11.9267 10.0128
11690 -11.9088 10.0112
11691.1 -11.8911 10.0096
11692.2 -11.8735 10.0080
11693.3 -11.8560 10.0064
11694.4 -11.8387 10.0048
11695.5 -11.8216 10.0032
11696.6 -11.8046 10.0016
11697.7 -11.7877 9.9999
11698.8 -11.7710 9.9983
11699.9 -11.7544 9.9967
11701.1 -11.7379 9.9951
11702.2 -11.7216 9.9935
11703.3 -11.7054 9.9919
11704.4 -11.6893 9.9903
11705.5 -11.6734 9.9887
11706.6 -11.6576 9.9871
11707.7 -11.6419 9.9854
11708.8 -11.6263 9.9838
11709.9 -11.6108 9.9822
11711 -11.5955 9.9806
11712.1 -11.5803 9.9790
11713.2 -11.5652 9.9774
11714.3 -11.5502 9.9758
11715.4 -11.5353 9.9742
11716.5 -11.5205 9.9726
11717.6 -11.5058 9.9710
11718.7 -11.4912 9.9693
11808 -10.5762 9.8409
11921.6 -9.8333 9.6811
12037.3 -9.3170 9.5222
12155.3 -8.9385 9.3643
12275.7 -8.6578 9.2072
12398.4 -8.4556 9.0510
12523.7 -8.3233 8.8958
12651.5 -8.2614 8.7415
12781.9 -8.2800 8.5881
12915 -8.4077 8.4357
13051 -8.7235 8.2842
13079.9 -8.8324 8.2526
13081.3 -8.8381 8.2510
13082.7 -8.8439 8.2495
13084 -8.8498 8.2480
13085.4 -8.8557 8.2465
13086.8 -8.8617 8.2450
13088.2 -8.8677 8.2435
13089.6 -8.8738 8.2420
13090.9 -8.8800 8.2405
13092.3 -8.8862 8.2390
13093.7 -8.8925 8.2375
13095.1 -8.8988 8.2360
13096.5 -8.9052 8.2345
13097.9 -8.9117 8.2330
13099.2 -8.9182 8.2315
13100.6 -8.9248 8.2299
13102 -8.9315 8.2284
13103.4 -8.9383 8.2269
13104.8 -8.9451 8.2254
13106.2 -8.9520 8.2239
13107.6 -8.9589 8.2224
13108.9 -8.9660 8.2209
13110.3 -8.9731 8.2194
13111.7 -8.9803 8.2179
13113.1 -8.9876 8.2164
13114.5 -8.9949 8.2149
13115.9 -9.0043 8.2134
13117.3 -9.0020 8.2119
13118.6 -9.0096 8.2104
13120 -9.0173 8.2089
13121.4 -9.0250 8.2073
13122.8 -9.0329 8.2058
13124.2 -9.0409 8.2043
13125.6 -9.0489 8.2028
13127 -9.0570 8.2013
13128.4 -9.0653 8.1998
13129.8 -9.0736 8.1983
13131.2 -9.0820 8.1968
13132.5 -9.0906 8.1953
13133.9 -9.0992 8.1938
13135.3 -9.1079 8.1923
13136.7 -9.1168 8.1908
13138.1 -9.1257 8.1893
13139.5 -9.1348 8.1878
13140.9 -9.1440 8.1863
13142.3 -9.1533 8.1847
13143.7 -9.1627 8.1832
13145.1 -9.1722 8.1817
13146.5 -9.1819 8.1802
13147.9 -9.1917 8.1787
13149.3 -9.2016 8.1772
13150.7 -9.2116 8.1757
13152 -9.2218 8.1742
13153.4 -9.2321 8.1727
13154.8 -9.2426 8.1712
13156.2 -9.2532 8.1697
13157.6 -9.2640 8.1682
13159 -9.2749 8.1667
13160.4 -9.2859 8.1652
13161.8 -9.2972 8.1637
13163.2 -9.3086 8.1622
13164.6 -9.3201 8.1607
13166 -9.3318 8.1592
13167.4 -9.3437 8.1577
13168.8 -9.3558 8.1562
13170.2 -9.3681 8.1546
13171.6 -9.3806 8.1531
13173 -9.3932 8.1516
13174.4 -9.4061 8.1501
13175.8 -9.4191 8.1486
13177.2 -9.4324 8.1471
13178.6 -9.4459 8.1456
13180 -9.4597 8.1441
13181.4 -9.4736 8.1426
13182.8 -9.4878 8.1411
13184.2 -9.5023 8.1396
13185.6 -9.5170 8.1381
13187 -9.5319 8.1366
13188.4 -9.5472 8.1351
13189.8 -9.5627 8.1336
13191.2 -9.5785 8.1321
13192.6 -9.5946 8.1306
13194 -9.6110 8.1291
13195.4 -9.6278 8.1276
13196.8 -9.6449 8.1261
13198.2 -9.6623 8.1246
13199.7 -9.6801 8.1231
13201.1 -9.6982 8.1216
13202.5 -9.7168 8.1201
13203.9 -9.7357 8.1186
13205.3 -9.7551 8.1171
13206.7 -9.7749 8.1156
13208.1 -9.7952 8.1141
13209.5 -9.8159 8.1126
13210.9 -9.8372 8.1111
13212.3 -9.8589 8.1096
13213.7 -9.8812 8.1081
13215.1 -9.9041 8.1066
13216.5 -9.9276 8.1051
13217.9 -9.9517 8.1036
13219.4 -9.9764 8.1021
13220.8 -10.0019 8.1006
13222.2 -10.0281 8.0991
13223.6 -10.0550 8.0976
13225 -10.0828 8.0961
13226.4 -10.1115 8.0946
13227.8 -10.1410 8.0931
13229.2 -10.1716 8.0916
13230.6 -10.2032 8.0901
13232.1 -10.2359 8.0886
13233.5 -10.2698 8.0871
13234.9 -10.3049 8.0856
13236.3 -10.3415 8.0841
13237.7 -10.3795 8.0826
13239.1 -10.4191 8.0811
13240.5 -10.4604 8.0796
13241.9 -10.5036 8.0781
13243.4 -10.5489 8.0766
13244.8 -10.5964 8.0751
13246.2 -10.6464 8.0736
13247.6 -10.6992 8.0721
13249 -10.7550 8.0706
13250.4 -10.8143 8.0691
13251.9 -10.8774 8.0676
13253.3 -10.9449 8.0661
13254.7 -11.0174 8.0646
13256.1 -11.0957 8.0631
13257.5 -11.1808 8.0616
13258.9 -11.2741 8.0601
13260.4 -11.3770 8.0586
13261.8 -11.4920 8.0571
13263.2 -11.6221 8.0556
13264.6 -11.7718 8.0541
13266 -11.9481 8.0526
13267.5 -12.1622 8.0511
13268.9 -12.4349 8.0496
13270.3 -12.8103 8.0481
13271.7 -13.4151 8.0466
13273.1 -15.1399 8.0451
13274.6 -13.8851 11.2404
13276 -13.0411 11.2384
13277.4 -12.5849 11.2363
13278.8 -12.2701 11.2342
13280.2 -12.0293 11.2322
13281.7 -11.8342 11.2301
13283.1 -11.6701 11.2280
13284.5 -11.5284 11.2260
13285.9 -11.4037 11.2239
13287.4 -11.2923 11.2218
13288.8 -11.1917 11.2198
13290.2 -11.0999 11.2177
13291.6 -11.0155 11.2156
13293.1 -10.9373 11.2136
13294.5 -10.8645 11.2115
13295.9 -10.7965 11.2094
13297.3 -10.7325 11.2074
13298.8 -10.6722 11.2053
13300.2 -10.6151 11.2032
13301.6 -10.5609 11.2012
13303 -10.5094 11.1991
13304.5 -10.4602 11.1970
13305.9 -10.4132 11.1950
13307.3 -10.3681 11.1929
13308.8 -10.3249 11.1908
13310.2 -10.2834 11.1888
13311.6 -10.2433 11.1867
13313 -10.2048 11.1847
13314.5 -10.1675 11.1826
13315.9 -10.1315 11.1805
13317.3 -10.0967 11.1785
13318.8 -10.0629 11.1764
13320.2 -10.0302 11.1743
13321.6 -9.9984 11.1723
13323.1 -9.9675 11.1702
13324.5 -9.9375 11.1682
13325.9 -9.9082 11.1661
13327.4 -9.8798 11.1640
13328.8 -9.8520 11.1620
13330.2 -9.8250 11.1599
13331.6 -9.7986 11.1578
13333.1 -9.7728 11.1558
13334.5 -9.7476 11.1537
13336 -9.7230 11.1517
13337.4 -9.6989 11.1496
13338.8 -9.6754 11.1475
13340.3 -9.6523 11.1455
13341.7 -9.6297 11.1434
13343.1 -9.6076 11.1414
13344.6 -9.5859 11.1393
13346 -9.5646 11.1372
13347.4 -9.5437 11.1352
13348.9 -9.5232 11.1331
13350.3 -9.5031 11.1311
13351.7 -9.4833 11.1290
13353.2 -9.4639 11.1269
13354.6 -9.4449 11.1249
13356.1 -9.4261 11.1228
13357.5 -9.4077 11.1208
13358.9 -9.3896 11.1187
13360.4 -9.3717 11.1166
13361.8 -9.3542 11.1146
13363.3 -9.3369 11.1125
13364.7 -9.3199 11.1105
13366.1 -9.3031 11.1084
13367.6 -9.2866 11.1064
13369 -9.2704 11.1043
13370.5 -9.2544 11.1022
13371.9 -9.2386 11.1002
13373.4 -9.2230 11.0981
13374.8 -9.2077 11.0961
13376.2 -9.1925 11.0940
13377.7 -9.1776 11.0920
13379.1 -9.1629 11.0899
13380.6 -9.1483 11.0878
13382 -9.1340 11.0858
13383.5 -9.1198 11.0837
13384.9 -9.1059 11.0817
13386.3 -9.0921 11.0796
13387.8 -9.0784 11.0776
13389.2 -9.0650 11.0755
13390.7 -9.0517 11.0735
13392.1 -9.0385 11.0714
13393.6 -9.0256 11.0693
13395 -9.0127 11.0673
13396.5 -9.0001 11.0652
13397.9 -8.9875 11.0632
13399.4 -8.9752 11.0611
13400.8 -8.9629 11.0591
13402.3 -8.9508 11.0570
13403.7 -8.9388 11.0550
13405.2 -8.9270 11.0529
13406.6 -8.9153 11.0509
13408.1 -8.9037 11.0488
13409.5 -8.8922 11.0468
13411 -8.8809 11.0447
13412.4 -8.8697 11.0427
13413.9 -8.8586 11.0406
13415.3 -8.8476 11.0385
13416.8 -8.8367 11.0365
13418.2 -8.8259 11.0344
13419.7 -8.8153 11.0324
13421.1 -8.8047 11.0303
13422.6 -8.7943 11.0283
13424 -8.7839 11.0262
13425.5 -8.7737 11.0242
13426.9 -8.7636 11.0221
13428.4 -8.7535 11.0201
13429.8 -8.7436 11.0180
13431.3 -8.7337 11.0160
13432.8 -8.7240 11.0139
13434.2 -8.7143 11.0119
13435.7 -8.7047 11.0098
13437.1 -8.6952 11.0078
13438.6 -8.6858 11.0057
13440 -8.6765 11.0037
13441.5 -8.6673 11.0016
13443 -8.6581 10.9996
13444.4 -8.6491 10.9975
13445.9 -8.6401 10.9955
13447.3 -8.6312 10.9934
13448.8 -8.6224 10.9914
13450.2 -8.6136 10.9893
13451.7 -8.6049 10.9873
13453.2 -8.5963 10.9852
13454.6 -8.5878 10.9832
13456.1 -8.5794 10.9811
13457.5 -8.5710 10.9791
13459 -8.5627 10.9771
13460.5 -8.5545 10.9750
13461.9 -8.5463 10.9730
13463.4 -8.5382 10.9709
13464.9 -8.5302 10.9689
13466.3 -8.5222 10.9668
13467.8 -8.5143 10.9648
13469.2 -8.5065 10.9627
13470.7 -8.4987 10.9607
13472.2 -8.4910 10.9586
13473.6 -8.4834 10.9566
13475.1 -8.4758 10.9545
13476.6 -8.4683 10.9525
13624.7 -7.9567 10.7487
13671.2 -7.8783 10.6859
13672.7 -7.8765 10.6839
13674.2 -7.8746 10.6818
13675.7 -7.8728 10.6798
13677.3 -7.8711 10.6778
13678.8 -7.8694 10.6758
13680.3 -7.8677 10.6737
13681.8 -7.8661 10.6717
13683.3 -7.8646 10.6697
13684.8 -7.8630 10.6677
13686.3 -7.8616 10.6656
13687.8 -7.8601 10.6636
13689.3 -7.8587 10.6616
13690.9 -7.8574 10.6596
13692.4 -7.8561 10.6576
13693.9 -7.8549 10.6555
13695.4 -7.8537 10.6535
13696.9 -7.8526 10.6515
13698.4 -7.8515 10.6495
13699.9 -7.8504 10.6474
13701.4 -7.8494 10.6454
13703 -7.8485 10.6434
13704.5 -7.8476 10.6414
13706 -7.8468 10.6394
13707.5 -7.8460 10.6373
13709 -7.8453 10.6353
13710.5 -7.8446 10.6333
13712 -7.8440 10.6313
13713.6 -7.8434 10.6293
13715.1 -7.8429 10.6272
13716.6 -7.8425 10.6252
13718.1 -7.8421 10.6232
13719.6 -7.8417 10.6212
13721.2 -7.8415 10.6192
13722.7 -7.8412 10.6171
13724.2 -7.8411 10.6151
13725.7 -7.8410 10.6131
13727.2 -7.8410 10.6111
13728.8 -7.8410 10.6091
13730.3 -7.8411 10.6070
13731.8 -7.8413 10.6050
13733.3 -7.8415 10.6030
13734.8 -7.8418 10.6010
13736.4 -7.8422 10.5990
13737.9 -7.8426 10.5970
13739.4 -7.8432 10.5949
13740.9 -7.8437 10.5929
13742.4 -7.8444 10.5909
13744 -7.8451 10.5889
13745.5 -7.8459 10.5869
13747 -7.8468 10.5848
13748.5 -7.8478 10.5828
13750.1 -7.8489 10.5808
13751.6 -7.8500 10.5788
13753.1 -7.8512 10.5768
13754.6 -7.8525 10.5748
13756.2 -7.8539 10.5727
13757.7 -7.8554 10.5707
13759.2 -7.8570 10.5687
13760.7 -7.8586 10.5667
13762.3 -7.8604 10.5647
13763.8 -7.8623 10.5627
13765.3 -7.8642 10.5607
13766.9 -7.8663 10.5586
13768.4 -7.8685 10.5566
13769.9 -7.8707 10.5546
13771.4 -7.8731 10.5526
13773 -7.8756 10.5506
13774.5 -7.8782 10.5486
13776 -7.8810 10.5466
13777.6 -7.8838 10.5445
13779.1 -7.8868 10.5425
13780.6 -7.8899 10.5405
13782.2 -7.8932 10.5385
13783.7 -7.8966 10.5365
13785.2 -7.9001 10.5345
13786.8 -7.9038 10.5325
13788.3 -7.9076 10.5305
13789.8 -7.9115 10.5284
13791.4 -7.9157 10.5264
13792.9 -7.9200 10.5244
13794.4 -7.9244 10.5224
13796 -7.9291 10.5204
13797.5 -7.9339 10.5184
13799 -7.9389 10.5164
13800.6 -7.9441 10.5144
13802.1 -7.9495 10.5123
13803.6 -7.9551 10.5103
13805.2 -7.9609 10.5083
13806.7 -7.9670 10.5063
13808.3 -7.9733 10.5043
13809.8 -7.9798 10.5023
13811.3 -7.9866 10.5003
13812.9 -7.9936 10.4983
13814.4 -8.0010 10.4963
13816 -8.0086 10.4943
13817.5 -8.0165 10.4922
13819 -8.0247 10.4902
13820.6 -8.0333 10.4882
13822.1 -8.0422 10.4862
13823.7 -8.0515 10.4842
13825.2 -8.0612 10.4822
13826.7 -8.0713 10.4802
13828.3 -8.0818 10.4782
13829.8 -8.0928 10.4762
13831.4 -8.1043 10.4742
13832.9 -8.1162 10.4722
13834.5 -8.1288 10.4701
13836 -8.1419 10.4681
13837.5 -8.1557 10.4661
13839.1 -8.1701 10.4641
13840.6 -8.1852 10.4621
13842.2 -8.2012 10.4601
13843.7 -8.2179 10.4581
13845.3 -8.2356 10.4561
13846.8 -8.2543 10.4541
13848.4 -8.2741 10.4521
13849.9 -8.2950 10.4501
13851.5 -8.3173 10.4481
13853 -8.3410 10.4461
13854.5 -8.3664 10.4441
13856.1 -8.3936 10.4421
13857.6 -8.4228 10.4401
13859.2 -8.4544 10.4380
13860.7 -8.4887 10.4360
13862.3 -8.5260 10.4340
13863.8 -8.5671 10.4320
13865.4 -8.6126 10.4300
13866.9 -8.6633 10.4280
13868.5 -8.7206 10.4260
13870 -8.7863 10.4240
13871.6 -8.8629 10.4220
13873.2 -8.9545 10.4200
13874.7 -9.0681 10.4180
13876.3 -9.2166 10.4160
13877.8 -9.4299 10.4140
13879.4 -9.8077 10.4120
13880.9 -11.0691 12.0434
13882.5 -9.7179 12.0413
13884 -9.3730 12.0392
13885.6 -9.1647 12.0371
13887.1 -9.0142 12.0350
13888.7 -8.8960 12.0329
13890.2 -8.7983 12.0308
13891.8 -8.7148 12.0287
13893.4 -8.6419 12.0266
13894.9 -8.5770 12.0245
13896.5 -8.5184 12.0224
13898 -8.4650 12.0203
13899.6 -8.4158 12.0182
13901.1 -8.3703 12.0161
13902.7 -8.3278 12.0140
13904.3 -8.2879 12.0119
13905.8 -8.2503 12.0098
13907.4 -8.2148 12.0078
13908.9 -8.1810 12.0057
13910.5 -8.1489 12.0036
13912.1 -8.1182 12.0015
13913.6 -8.0887 11.9994
13915.2 -8.0605 11.9973
13916.8 -8.0333 11.9952
13918.3 -8.0072 11.9931
13919.9 -7.9819 11.9910
13921.4 -7.9575 11.9889
13923 -7.9338 11.9868
13924.6 -7.9109 11.9847
13926.1 -7.8885 11.9826
13927.7 -7.8783 11.9806
13929.3 -7.8572 11.9785
13930.8 -7.8367 11.9764
13932.4 -7.8166 11.9744
13934 -7.7971 11.9723
13935.5 -7.7780 11.9702
13937.1 -7.7594 11.9682
13938.7 -7.7411 11.9661
13940.2 -7.7233 11.9641
13941.8 -7.7058 11.9620
13943.4 -7.6887 11.9599
13944.9 -7.6719 11.9579
13946.5 -7.6554 11.9558
13948.1 -7.6392 11.9538
13949.6 -7.6233 11.9517
13951.2 -7.6076 11.9496
13952.8 -7.5923 11.9476
13954.3 -7.5771 11.9455
13955.9 -7.5623 11.9435
13957.5 -7.5476 11.9414
13959.1 -7.5332 11.9394
13960.6 -7.5190 11.9373
13962.2 -7.5050 11.9352
13963.8 -7.4912 11.9332
13965.3 -7.4775 11.9311
13966.9 -7.4641 11.9291
13968.5 -7.4509 11.9270
13970.1 -7.4378 11.9249
13971.6 -7.4249 11.9229
13973.2 -7.4121 11.9208
13974.8 -7.3995 11.9188
13976.4 -7.3871 11.9167
13977.9 -7.3748 11.9146
13979.5 -7.3626 11.9126
13981.1 -7.3506 11.9105
13982.7 -7.3387 11.9085
13984.2 -7.3269 11.9064
13985.8 -7.3153 11.9044
13987.4 -7.3038 11.9023
13989 -7.2924 11.9002
13990.6 -7.2811 11.8982
13992.1 -7.2699 11.8961
13993.7 -7.2589 11.8941
13995.3 -7.2479 11.8920
13996.9 -7.2370 11.8900
13998.5 -7.2263 11.8879
14000 -7.2156 11.8858
14001.6 -7.2051 11.8838
14003.2 -7.1946 11.8817
14004.8 -7.1842 11.8797
14006.4 -7.1740 11.8776
14007.9 -7.1638 11.8756
14009.5 -7.1536 11.8735
14011.1 -7.1436 11.8714
14012.7 -7.1337 11.8694
14014.3 -7.1238 11.8673
14015.9 -7.1140 11.8653
14017.4 -7.1043 11.8632
14019 -7.0946 11.8612
14020.6 -7.0851 11.8591
14022.2 -7.0756 11.8570
14023.8 -7.0661 11.8550
14025.4 -7.0568 11.8529
14027 -7.0475 11.8509
14028.6 -7.0383 11.8488
14030.1 -7.0291 11.8468
14031.7 -7.0200 11.8447
14033.3 -7.0109 11.8427
14034.9 -7.0020 11.8406
14036.5 -6.9930 11.8385
14038.1 -6.9842 11.8365
14039.7 -6.9754 11.8344
14041.3 -6.9666 11.8324
14042.9 -6.9579 11.8303
14044.4 -6.9493 11.8283
14046 -6.9407 11.8262
14047.6 -6.9322 11.8242
14049.2 -6.9237 11.8221
14050.8 -6.9153 11.8200
14052.4 -6.9069 11.8180
14054 -6.8985 11.8159
14055.6 -6.8903 11.8139
14057.2 -6.8820 11.8118
14058.8 -6.8738 11.8098
14060.4 -6.8657 11.8077
14062 -6.8576 11.8057
14063.6 -6.8495 11.8036
14065.2 -6.8415 11.8016
14066.8 -6.8336 11.7995
14068.3 -6.8256 11.7975
14069.9 -6.8177 11.7954
14071.5 -6.8099 11.7933
14073.1 -6.8021 11.7913
14074.7 -6.7943 11.7892
14076.3 -6.7866 11.7872
14077.9 -6.7789 11.7851
14079.5 -6.7713 11.7831
14081.1 -6.7637 11.7810
14082.7 -6.7561 11.7790
14084.3 -6.7485 11.7769
14085.9 -6.7410 11.7749
14087.5 -6.7336 11.7728
14089.1 -6.7261 11.7708
14090.7 -6.7188 11.7687
14092.3 -6.7114 11.7667
14093.9 -6.7041 11.7646
14095.5 -6.6968 11.7625
14097.1 -6.6895 11.7605
14098.7 -6.6823 11.7584
14100.3 -6.6751 11.7564
14101.9 -6.6679 11.7543
14103.6 -6.6608 11.7523
14105.2 -6.6537 11.7502
14251.1 -6.1071 11.5659
14416.8 -5.6300 11.3617
14586.4 -5.2233 11.1580
14760 -4.8777 10.9531
14937.9 -4.5711 10.7493
15120 -4.2969 10.5467
15306.7 -4.0460 10.3453
15498 -3.8162 10.1450
15694.2 -3.6047 9.9459
15895.4 -3.4093 9.7480
16101.9 -3.2280 9.5512
16313.7 -3.0595 9.3556
16531.2 -2.9026 9.1612
16754.6 -2.7564 8.9680
16984.2 -2.6199 8.7761
17220 -2.4924 8.5853
17462.6 -2.3711 8.3956
17712 -2.2601 8.2072
17968.7 -2.1565 8.0200
18233 -2.0600 7.8342
18505.1 -1.9701 7.6498
18785.5 -1.8863 7.4668
19074.5 -1.8086 7.2852
19372.6 -1.7365 7.1049
19680.1 -1.6698 6.9261
19997.5 -1.6083 6.7488
20325.3 -1.5518 6.5729
20664.1 -1.5001 6.3985
21014.3 -1.4529 6.2256
21376.6 -1.4102 6.0543
21751.6 -1.3718 5.8845
22140.1 -1.3375 5.7163
22542.6 -1.3071 5.5496
22960.1 -1.2807 5.3846
23393.3 -1.2572 5.2212
23843.1 -1.2383 5.0594
24310.7 -1.2229 4.8994
24796.9 -1.2109 4.7411
25302.9 -1.2023 4.5846
25830.1 -1.1970 4.4298
26379.6 -1.1948 4.2769
26953.1 -1.1933 4.1253
27552.1 -1.1968 3.9750
28178.3 -1.2016 3.8266
28833.6 -1.2122 3.6803
29520.1 -1.2258 3.5361
30240.1 -1.2423 3.3942
30996.1 -1.2615 3.2544
31790.9 -1.2836 3.1170
32627.5 -1.3083 2.9818
33509.3 -1.3358 2.8490
34440.1 -1.3658 2.7185
35424.1 -1.3986 2.5904
36466 -1.4340 2.4646
37571 -1.4721 2.3413
38745.1 -1.5130 2.2205
39994.9 -1.5567 2.1022
41328.1 -1.6034 1.9864
42753.2 -1.6534 1.8732
44280.1 -1.7068 1.7626
45920.1 -1.7640 1.6547
47686.3 -1.8257 1.5494
49593.7 -1.8926 1.4469
51660.1 -1.9640 1.3471
53906.2 -2.0454 1.2500
56356.5 -2.1372 1.1559
59040.2 -2.2425 1.0648
61992.2 -2.3684 0.9764
65254.9 -2.5325 0.8912
68880.2 -2.7628 0.8094
72125.9 -3.0568 0.7456
72167.8 -3.0616 0.7448
72209.9 -3.0664 0.7441
72251.9 -3.0712 0.7433
72294.1 -3.0760 0.7425
72336.3 -3.0810 0.7417
72378.5 -3.0859 0.7410
72420.8 -3.0909 0.7402
72463.1 -3.0959 0.7394
72505.5 -3.1010 0.7387
72547.9 -3.1061 0.7379
72590.4 -3.1113 0.7371
72632.9 -3.1165 0.7363
72675.5 -3.1218 0.7356
72718.1 -3.1271 0.7348
72760.8 -3.1324 0.7340
72803.5 -3.1378 0.7333
72846.3 -3.1432 0.7325
72889.1 -3.1487 0.7317
72932 -3.1543 0.7310
72974.9 -3.1599 0.7302
73017.9 -3.1656 0.7294
73060.9 -3.1713 0.7287
73104 -3.1770 0.7279
73147.1 -3.1828 0.7271
73190.3 -3.1887 0.7264
73233.5 -3.1947 0.7256
73276.8 -3.2006 0.7248
73320.1 -3.2067 0.7241
73363.5 -3.2128 0.7233
73407 -3.2190 0.7225
73450.4 -3.2252 0.7218
73494 -3.2315 0.7210
73537.6 -3.2379 0.7203
73581.2 -3.2443 0.7195
73624.9 -3.2509 0.7187
73668.7 -3.2574 0.7180
73712.5 -3.2641 0.7172
73756.3 -3.2708 0.7165
73800.2 -3.2776 0.7157
73844.2 -3.2845 0.7149
73888.2 -3.2914 0.7142
73932.2 -3.2985 0.7134
73976.3 -3.3056 0.7127
74020.5 -3.3128 0.7119
74064.7 -3.3201 0.7111
74109 -3.3274 0.7104
74153.3 -3.3349 0.7096
74197.7 -3.3424 0.7089
74242.1 -3.3501 0.7081
74286.6 -3.3578 0.7074
74331.1 -3.3657 0.7066
74375.7 -3.3736 0.7058
74420.4 -3.3816 0.7051
74465.1 -3.3898 0.7043
74509.8 -3.3980 0.7036
74554.6 -3.4064 0.7028
74599.5 -3.4149 0.7021
74644.4 -3.4235 0.7013
74689.4 -3.4322 0.7006
74734.4 -3.4410 0.6998
74779.5 -3.4500 0.6991
74824.6 -3.4591 0.6983
74869.8 -3.4683 0.6976
74915 -3.4776 0.6968
74960.3 -3.4871 0.6960
75005.7 -3.4968 0.6953
75051.1 -3.5066 0.6945
75096.5 -3.5165 0.6938
75142 -3.5266 0.6930
75187.6 -3.5369 0.6923
75233.2 -3.5473 0.6915
75278.9 -3.5579 0.6908
75324.6 -3.5687 0.6901
75370.4 -3.5797 0.6893
75416.3 -3.5908 0.6886
75462.2 -3.6022 0.6878
75508.1 -3.6137 0.6871
75554.1 -3.6255 0.6863
75600.2 -3.6374 0.6856
75646.3 -3.6496 0.6848
75692.5 -3.6621 0.6841
75738.8 -3.6747 0.6833
75785.1 -3.6877 0.6826
75831.4 -3.7008 0.6818
75877.8 -3.7143 0.6811
75924.3 -3.7280 0.6804
75970.8 -3.7420 0.6796
76017.4 -3.7564 0.6789
76064 -3.7710 0.6781
76110.7 -3.7860 0.6774
76157.5 -3.8013 0.6766
76204.3 -3.8170 0.6759
76251.1 -3.8330 0.6752
76298.1 -3.8494 0.6744
76345 -3.8663 0.6737
76392.1 -3.8835 0.6729
76439.2 -3.9013 0.6722
76486.3 -3.9195 0.6715
76533.5 -3.9382 0.6707
76580.8 -3.9574 0.6700
76628.1 -3.9772 0.6692
76675.5 -3.9975 0.6685
76723 -4.0185 0.6678
76770.5 -4.0402 0.6670
76818.1 -4.0625 0.6663
76865.7 -4.0856 0.6655
76913.4 -4.1095 0.6648
76961.1 -4.1342 0.6641
77008.9 -4.1598 0.6633
77056.8 -4.1864 0.6626
77104.7 -4.2140 0.6619
77152.7 -4.2428 0.6611
77200.7 -4.2727 0.6604
77248.8 -4.3040 0.6597
77297 -4.3367 0.6589
77345.2 -4.3710 0.6582
77393.5 -4.4069 0.6575
77441.8 -4.4448 0.6567
77490.2 -4.4847 0.6560
77538.7 -4.5270 0.6553
77587.2 -4.5718 0.6545
77635.8 -4.6195 0.6538
77684.4 -4.6706 0.6531
77733.1 -4.7254 0.6523
77781.9 -4.7846 0.6516
77830.7 -4.8489 0.6509
77879.6 -4.9192 0.6502
77928.6 -4.9967 0.6494
77977.6 -5.0830 0.6487
78026.6 -5.1803 0.6480
78075.8 -5.2919 0.6472
78125 -5.4223 0.6465
78174.2 -5.5791 0.6458
78223.6 -5.7756 0.6451
78272.9 -6.0382 0.6443
78322.4 -6.4340 0.6436
78371.9 -7.2546 0.6429
78421.5 -7.4635 3.1867
78471.1 -6.4931 3.1833
78520.8 -6.0607 3.1798
78570.6 -5.7781 3.1764
78620.4 -5.5675 3.1729
78670.3 -5.3993 3.1695
78720.2 -5.2592 3.1661
78770.2 -5.1391 3.1627
78820.3 -5.0339 3.1593
78870.4 -4.9402 3.1560
78920.7 -4.8558 3.1526
78970.9 -4.7790 3.1493
79021.3 -4.7085 3.1460
79071.6 -4.6433 3.1427
79122.1 -4.5827 3.1394
79172.6 -4.5260 3.1361
79223.2 -4.4729 3.1328
79273.9 -4.4227 3.1296
79324.6 -4.3754 3.1263
79375.4 -4.3304 3.1231
79426.2 -4.2877 3.1199
79477.1 -4.2469 3.1167
79528.1 -4.2079 3.1135
79579.2 -4.1706 3.1104
79630.3 -4.1349 3.1072
79681.5 -4.1005 3.1041
79732.7 -4.0674 3.1009
79784 -4.0355 3.0978
79835.4 -4.0047 3.0947
79886.8 -3.9750 3.0916
79938.3 -3.9462 3.0886
79989.9 -3.9183 3.0855
80041.5 -3.8911 3.0827
80093.2 -3.8646 3.0800
80145 -3.8388 3.0773
80196.9 -3.8137 3.0745
80248.8 -3.7893 3.0718
80300.7 -3.7655 3.0691
80352.8 -3.7422 3.0664
80404.9 -3.7196 3.0636
80457.1 -3.6975 3.0609
80509.3 -3.6758 3.0582
80561.6 -3.6547 3.0554
80614 -3.6340 3.0527
80666.5 -3.6138 3.0499
80719 -3.5940 3.0472
80771.6 -3.5746 3.0445
80824.2 -3.5556 3.0417
80876.9 -3.5369 3.0390
80929.7 -3.5186 3.0362
80982.6 -3.5007 3.0335
81035.5 -3.4830 3.0307
81088.5 -3.4657 3.0280
81141.6 -3.4487 3.0252
81194.7 -3.4320 3.0225
81247.9 -3.4156 3.0197
81301.2 -3.3994 3.0170
81354.6 -3.3835 3.0142
81408 -3.3679 3.0114
81461.5 -3.3525 3.0087
81515 -3.3374 3.0059
81568.6 -3.3224 3.0031
81622.3 -3.3077 3.0004
81676.1 -3.2933 2.9976
81730 -3.2790 2.9948
81783.9 -3.2649 2.9920
81837.9 -3.2511 2.9893
81891.9 -3.2374 2.9865
81946 -3.2239 2.9837
82000.2 -3.2106 2.9809
82054.5 -3.1975 2.9782
82108.8 -3.1845 2.9754
82163.2 -3.1717 2.9726
82217.7 -3.1591 2.9698
82272.3 -3.1250 2.9669
82326.9 -3.1127 2.9638
82381.6 -3.1005 2.9606
82436.4 -3.0885 2.9575
82491.2 -3.0767 2.9543
82546.2 -3.0649 2.9512
82601.2 -3.0534 2.9480
82656.2 -3.0419 2.9449
82711.4 -3.0306 2.9417
82766.6 -3.0195 2.9386
82821.9 -3.0084 2.9355
82877.2 -2.9975 2.9323
82932.7 -2.9867 2.9292
82988.2 -2.9760 2.9260
83043.8 -2.9655 2.9229
83099.4 -2.9550 2.9198
83155.2 -2.9447 2.9166
83211 -2.9345 2.9135
83266.9 -2.9244 2.9104
83322.8 -2.9143 2.9072
83378.8 -2.9044 2.9041
83435 -2.8946 2.9010
83491.1 -2.8849 2.8978
83547.4 -2.8753 2.8947
83603.7 -2.8658 2.8916
83660.2 -2.8564 2.8885
83716.6 -2.8470 2.8853
83773.2 -2.8378 2.8822
83829.8 -2.8286 2.8791
83886.6 -2.8196 2.8760
83943.4 -2.8106 2.8729
84000.2 -2.8017 2.8697
84057.2 -2.7929 2.8666
84114.2 -2.7842 2.8635
84171.3 -2.7755 2.8604
84228.5 -2.7669 2.8573
84285.8 -2.7584 2.8542
84343.1 -2.7500 2.8511
84400.5 -2.7416 2.8479
84458 -2.7333 2.8448
84515.6 -2.7251 2.8417
84573.2 -2.7170 2.8386
84631 -2.7089 2.8355
84688.8 -2.7009 2.8324
84746.6 -2.6930 2.8293
84804.6 -2.6851 2.8262
84862.7 -2.6773 2.8231
84920.8 -2.6696 2.8200
84979 -2.6619 2.8169
85037.3 -2.6543 2.8138
85095.6 -2.6467 2.8107
85154.1 -2.6392 2.8076
85212.6 -2.6318 2.8045
85271.2 -2.6244 2.8014
85329.9 -2.6171 2.7983
85388.7 -2.6098 2.7952
85447.5 -2.6026 2.7921
85506.4 -2.5955 2.7890
85565.5 -2.5884 2.7859
85624.5 -2.5813 2.7829
85683.7 -2.5743 2.7798
85743 -2.5674 2.7767
85802.3 -2.5605 2.7736
85861.7 -2.5537 2.7705
85921.2 -2.5469 2.7674
85980.8 -2.5401 2.7643
86040.5 -2.5334 2.7613
86100.2 -2.5268 2.7582
88560.2 -2.2944 2.6359
95372.6 -1.8977 2.3381
103320 -1.6440 2.0516
112713 -1.4828 1.7759
123984 -1.3816 1.5154
